# NaN NaN NaN ;Mean Elev.(m), Avg Gradient(m/km), RMS Gradient(m/km) - SRTM1     
#   44.805   0.833   3.300 ;Mean Elev.(m), Avg Gradient(m/km), RMS Gradient(m/km) - ASTER GDEM
#   33.034   0.944   4.922 ;Mean Elev.(m), Avg Gradient(m/km), RMS Gradient(m/km) - GMTED2010 
   1 127.237583  64.068844    59.766    59.817  7 54665.26493834 40.804
   2 127.238958  64.069470    59.382    59.461  7 54675.18058308 38.338
   3 127.238530  64.071174    12.859    12.853  6 54685.09622619  9.364
   4 127.237616  64.072683    63.413    63.586  7 54695.01186779 24.484
   5 127.237629  64.072373     9.614     9.633  6 54704.92750714 14.950
   6 127.239728  64.069112    61.409    61.387  7 54714.84315920 36.706
   7 127.237171  64.066679     0.755     0.728  7 54724.75880950  9.679
   8 127.241328  64.064566    61.190    60.901  7 54734.67445825 29.620
   9 127.240036  64.065770    59.921    59.923  7 54744.59010501 37.006
  10 127.239284  64.067267    59.201    59.175  6 54754.50575136 34.949
  11 127.237842  64.067441    61.576    60.768  7 54764.42139680 24.712
  12 127.239189  64.065288    63.261    63.326  7 54774.33703996 22.058
  13 127.238099  64.063779    62.395    62.538  7 54784.25268026 17.586
  14 127.237390  64.064343    60.652    60.446  7 54794.16831858 17.652
  17 127.237202  64.070029    60.642    60.441  6 54823.91523753 16.326
  18 127.238641  64.068226    60.268    60.254  7 54833.83087788 15.673
  19 127.240455  64.067042    60.646    60.530  7 54843.74652816 15.673
  20 127.239443  64.067899    61.259    60.898  6 54853.66217698 14.359
  21 127.239245  64.069591    61.745    61.253  7 54863.57782552 14.172
  22 127.239082  64.070298    61.532    61.534  7 54873.49347394 13.707
  23 127.237838  64.069433    61.387    61.442  6 54883.40912006 13.363
  24 127.238800  64.066530    62.494    62.960  7 54893.32476318 13.702
  25 127.239503  64.063965    61.818    61.158  7 54903.24040357 13.575
  26 127.241779  64.063397    61.573    61.514  7 54913.15604271 12.422
  27 127.240429  64.065402    62.142    62.330  7 54923.07168054 11.943
  28 127.240606  64.067366    63.492    63.498  7 54932.98731776 11.932
  29 127.238519  64.068253    63.837    63.977  7 54942.90295303 11.273
  30 127.239718  64.066917    59.663    59.720  7 54952.81858687 36.258
  31 127.239060  64.065009    60.073    60.066  7 54962.73423050 49.230
  32 127.237396  64.065077    65.308    65.309  7 54972.64987891 41.610
  33 127.238401  64.066628    63.112    63.101  7 54982.56552644 49.573
  34 127.237867  64.068859    64.567    64.553  7 54992.48117347 43.739
  35 127.237302  64.069517    63.491    63.490  7 55002.39681983 56.025
  36 127.238453  64.068702    61.915    61.915  7 55012.31246464 56.560
  37 127.240289  64.067565    62.346    62.288  7 55022.22810813 27.622
  38 127.239372  64.068356    63.706    63.708  7 55032.14375038 22.485
  39 127.237706  64.070163    59.543    59.541  6 55042.05939180 40.561
  40 127.238287  64.071330    59.578    59.578  6 55051.97503198 35.844
  41 127.237219  64.070874    59.973    59.974  6 55061.89066996 55.930
  42 127.239101  64.067890    60.164    60.196  6 55071.80631354 37.601
  43 127.241368  64.064625    59.963    59.946  7 55081.72196269 47.017
  44 127.239127  64.064239    59.937    59.880  7 55091.63760947 42.355
  45 127.240706  64.065067    60.414    60.426  7 55101.55325595 53.438
  46 127.239478  64.066880    60.122    60.099  6 55111.46890168 52.313
  47 127.240449  64.066816    59.608    59.598  7 55121.38454568 48.691
  48 127.241819  64.065051    62.534    62.357  7 55131.30018703 31.789
  49 127.239763  64.063683    64.008    64.014  7 55141.21582609 23.048
  50 127.237212  64.064381    63.734    63.654  7 55151.13146426 21.565
  51 127.241382  64.065908    63.757    63.707  7 55161.04710311 20.083
  52 127.239544  64.068898    63.901    63.865  7 55170.96274089 19.374
  53 127.237266  64.070769    63.493    63.486  7 55180.87837727 18.884
  54 127.237893  64.069697    63.666    63.712  6 55190.79402606 18.538
  55 127.239244  64.068539    63.773    63.771  6 55200.70967660 18.186
  56 127.238867  64.068581    63.752    63.758  7 55210.62532615 17.849
  57 127.237584  64.069477    63.732    63.719  7 55220.54097506 16.612
  58 127.239790  64.068683    63.770    63.842  7 55230.45662338 16.139
  59 127.239974  64.067433    63.985    63.978  7 55240.37226834 15.851
  60 127.239563  64.065486    63.781    63.853  7 55250.28790974 15.701
  61 127.238152  64.064307    63.628    63.718  7 55260.20354873 15.800
  62 127.239326  64.064281    63.184    63.706  7 55270.11918712 15.039
  63 127.238251  64.065820    63.445    63.508  7 55280.03482512 14.683
  64 127.241353  64.066560    63.269    63.577  7 55289.95046232 14.315
  65 127.237016  64.067967    62.751    63.287  7 55299.86609642 14.409
  66 127.237734  64.066521    64.014    63.964  7 55309.78174174 21.507
  67 127.238152  64.065105    63.628    63.584  7 55319.69738771 15.615
  68 127.238067  64.065073    59.672    59.623  7 55329.61303241 45.651
  69 127.238878  64.066408    65.451    65.518  7 55339.52867676 41.682
  70 127.238161  64.068303    63.024    63.017  7 55349.44432062 55.410
  71 127.239561  64.069073    61.868    61.868  7 55359.35996277 56.868
  72 127.238399  64.069369    64.024    64.100  6 55369.27560259 25.099
  73 127.238463  64.069415    64.081    64.074  6 55379.19124110 22.626
  74 127.238962  64.069926    61.983    61.956  6 55389.10687892 55.512
  75 127.238774  64.070689    60.325    60.339  7 55399.02251569 49.684
  76 127.238979  64.070056    59.353    59.362  7 55408.93816183 40.205
  77 127.237173  64.068272    60.412    60.393  7 55418.85381258 56.212
  78 127.241952  64.065176    59.703    59.713  7 55428.76946061 47.190
  79 127.241162  64.064451    59.458    59.463  7 55438.68510525 48.385
  80 127.240093  64.065199    60.376    60.364  7 55448.60074829 52.946
  81 127.241811  64.065708    59.933    59.890  7 55458.51639129 32.992
  82 127.241042  64.066178    59.297    59.331  7 55468.43203330 43.882
  83 127.241311  64.065699    63.180    63.667  7 55478.34767224 28.192
  84 127.238805  64.065780    63.973    63.984  7 55488.26330788 21.745
  85 127.238042  64.066120    63.896    63.895  7 55498.17894144 20.457
  86 127.241602  64.066593    63.784    63.755  7 55508.09458009 20.366
  87 127.241096  64.067432    63.482    63.547  7 55518.01023031 20.396
  88 127.239911  64.068450    63.754    63.866  7 55527.92587954 18.392
  89 127.238495  64.068886    63.831    63.817  6 55537.84152688 16.549
  90 127.237782  64.068947    64.014    64.030  7 55547.75717202 14.974
  91 127.237882  64.069067    63.918    63.917  6 55557.67281541 14.529
  92 127.236863  64.069818    63.919    63.904  7 55567.58845774 14.257
  93 127.236886  64.069859    63.878    63.864  7 55577.50409943 13.307
  94 127.240516  64.068023    64.198    64.223  7 55587.41973951 13.350
  95 127.241650  64.066147    64.408    64.378  7 55597.33537628 12.927
  96 127.240153  64.065590    64.375    64.347  7 55607.25100990 12.823
  97 127.239463  64.066376    64.274    64.284  7 55617.16664152 12.760
  98 127.240579  64.067474    64.402    64.395  7 55627.08228595 11.423
  99 127.237945  64.068195    64.302    64.342  7 55636.99793735 10.702
 100 127.239921  64.066993    64.304    64.253  7 55646.91358731 10.780
 101 127.239115  64.065447    64.256    64.196  7 55656.82923422 11.271
 102 127.240781  64.064293    64.591    64.587  7 55666.74487695 10.091
 103 127.238488  64.065429    59.797    59.753  7 55676.66051620 32.675
 104 127.237420  64.067589    59.524    59.492  7 55686.57615358 40.816
 105 127.239642  64.069048    62.755    62.756  7 55696.49179012 48.354
 106 127.238335  64.070317    61.268    61.318  6 55706.40742508 56.747
 107 127.238571  64.069561    64.492    64.488  7 55716.32307491 25.014
 108 127.237459  64.069213    64.389    64.439  7 55726.23872352 24.672
 109 127.237088  64.069644    64.138    64.028  7 55736.15437038 24.316
 110 127.237130  64.070326    59.610    59.644  6 55746.07001603 38.284
 111 127.238297  64.069853    60.443    60.458  7 55755.98566003 50.423
 112 127.238280  64.068206    59.123    59.120  6 55765.90130156 44.480
 113 127.237902  64.066079    59.536    59.654  7 55775.81694020 41.484
 114 127.238874  64.064815    61.152    61.161  7 55785.73257593 52.779
 115 127.242179  64.065635    59.968    59.990  7 55795.64820966 36.164
 116 127.240299  64.068108    59.341    59.276  7 55805.56384884 46.088
 117 127.239635  64.068975    59.676    59.627  7 55815.47949784 36.405
 118 127.237592  64.068130    60.210    60.182  7 55825.39514419 55.025
 119 127.237227  64.066397    59.717    59.763  7 55835.31078626 44.554
 120 127.239313  64.065143    63.270    63.835  7 55845.22642500 31.688
 121 127.237341  64.067090    59.706    59.988  7 55855.14206036 22.368
 122 127.238518  64.069249    63.208    63.139  7 55865.05770047 19.178
 123 127.239335  64.070195    63.924    63.914  6 55874.97335361 15.342
 133 127.240512  64.064738    64.155    64.161  7 55974.12978846 12.627
 134 127.240801  64.067587    64.351    64.343  7 55984.04542453 12.454
 135 127.237506  64.070220    64.049    64.044  7 55993.96105807 12.124
 136 127.239303  64.068380    64.172    64.226  7 56003.87670918 11.752
 137 127.240103  64.065331    64.190    64.151  7 56013.79235847 11.060
 139 127.239666  64.065300    64.145    64.072  7 56033.62364736 10.780
 141 127.239044  64.070691    59.510    59.575  7 56053.45492639 41.825
 142 127.238534  64.071284    66.876    66.874  7 56063.37056141 55.306
 143 127.238053  64.070089    65.049    64.994  7 56073.28620331 32.566
 144 127.237991  64.068753    64.504    64.424  6 56083.20185341 24.494
 145 127.236970  64.068987    62.909    62.911  7 56093.11750091 51.557
 146 127.237039  64.069889    62.032    61.591  7 56103.03314626 40.641
 147 127.239376  64.069297    63.657    63.689  7 56112.94877751 25.311
 148 127.238824  64.068150    63.738    63.669  7 56122.86441643 25.261
 149 127.240955  64.065895    61.129    61.095  7 56132.78005178 55.210
 150 127.239096  64.065331    61.918    62.008  7 56142.69568911 26.953
 151 127.240136  64.065446    60.324    60.328  7 56152.61133985 52.521
 152 127.240517  64.067072    60.787    60.760  7 56162.52698883 56.537
 153 127.237984  64.068728    62.681    62.905  7 56172.44263555 28.533
 154 127.239428  64.067954    60.896    60.923  6 56182.35827806 55.700
 155 127.240455  64.066123    60.317    60.329  7 56192.27391688 36.729
 156 127.240215  64.065266    59.724    59.656  7 56202.18955283 43.146
 157 127.239978  64.066938    60.135    59.524  7 56212.10518672 42.692
 158 127.237530  64.070647    63.415    63.406  6 56222.02081834 28.398
 159 127.238696  64.071904    62.551    63.031  6 56231.93647280 16.255
 160 127.237313  64.071714    63.530    63.533  6 56241.85212530 20.068
 161 127.239153  64.069772    63.522    63.519  6 56251.76777398 19.989
 162 127.240213  64.068297    63.583    63.456  7 56261.68341783 19.651
 163 127.240483  64.068246    63.632    63.622  7 56271.59905931 19.282
 164 127.238672  64.069174    63.311    63.332  7 56281.51470000 18.549
 165 127.238567  64.068783    63.508    63.612  6 56291.43035215 18.027
 166 127.241711  64.066566    63.777    63.700  7 56301.34600027 17.345
 167 127.237045  64.065449    63.672    63.857  7 56311.26164343 16.979
 168 127.237344  64.064590    63.618    63.574  7 56321.17728487 16.626
 169 127.240984  64.065011    64.065    64.097  7 56331.09292593 16.167
 170 127.237294  64.067632    63.725    63.678  7 56341.00856563 15.373
 171 127.236881  64.069159    63.697    63.712  7 56350.92420348 14.599
 172 127.238566  64.068480    63.988    63.988  6 56360.83984233 14.166
 173 127.238384  64.066589    63.687    63.838  7 56370.75549224 14.207
 175 127.238232  64.066956    63.720    63.859  7 56390.58678408 13.453
 176 127.240080  64.068757    59.567    59.676  7 56400.50242721 25.124
 177 127.237515  64.070834    59.409    59.419  6 56410.41806723 40.943
 178 127.237017  64.071350    59.062    58.976  6 56420.33370278 42.764
 179 127.239318  64.070446    65.307    65.383  6 56430.24933988 49.157
 180 127.238851  64.069136    63.383    63.384  7 56440.16499311 57.270
 181 127.238804  64.068424    64.232    64.448  6 56450.08064391 25.008
 182 127.239027  64.068051    63.446    63.455  6 56459.99629249 48.710
 183 127.239014  64.067135    62.947    63.033  6 56469.91193778 27.838
 184 127.242217  64.065687    60.053    60.054  7 56479.82757959 44.480
 185 127.238447  64.065864    61.862    61.861  7 56489.74321664 55.249
 187 127.240503  64.067360    62.422    62.402  7 56509.57448504 55.127
 188 127.239290  64.068635    63.515    63.737  6 56519.49012634 23.678
 189 127.238106  64.068582    63.415    63.461  6 56529.40577987 23.059
 190 127.238002  64.067983    60.133    60.140  7 56539.32142948 40.179
 191 127.240036  64.066799    59.992    59.959  7 56549.23707513 46.274
 192 127.238533  64.067174    59.896    59.883  7 56559.15271796 38.430
 193 127.238746  64.068269    60.123    59.336  7 56569.06836000 45.006
 194 127.237480  64.070338    63.527    63.556  7 56578.98400054 27.724
 195 127.237471  64.071606    63.407    63.435  7 56588.89963747 20.605
 196 127.236869  64.071376    61.684    61.877  7 56598.81528144 17.225
 197 127.237425  64.069740    58.542    58.635  7 56608.73093264 18.872
 198 127.238978  64.068929    59.863    60.171  7 56618.64657891 17.273
 199 127.237699  64.069241    63.323    63.207  7 56628.56222153 14.758
 200 127.237635  64.069212    62.661    62.613  7 56638.47786130 14.378
 201 127.236952  64.068209    63.050    63.049  7 56648.39350498 14.371
 202 127.238214  64.065978    62.805    62.941  7 56658.30915682 13.909
 203 127.239916  64.064763    63.048    63.009  7 56668.22480449 13.932
 205 127.238414  64.067499    63.832    63.879  7 56688.05609281 12.797
 206 127.237248  64.068434    63.791    63.765  7 56697.97173403 12.062
 207 127.239353  64.067849    64.242    64.290  6 56707.88737107 12.093
 208 127.237372  64.067657    63.858    63.917  7 56717.80300799 11.505
 209 127.239514  64.066663    64.012    64.029  6 56727.71866106 11.544
 211 127.239619  64.069317    64.003    63.944  7 56747.54995476 11.286
 212 127.237953  64.070728    64.928    64.943  7 56757.46559515  9.954
 213 127.238699  64.070830    61.662    61.723  6 56767.38122997 24.355
 214 127.237531  64.069923    59.656    59.670  7 56777.29687411 37.503
 215 127.238981  64.068413    61.950    61.955  6 56787.21253056 50.810
 216 127.240533  64.067728    64.474    64.513  7 56797.12818343 33.242
 217 127.237863  64.068356    64.315    64.231  7 56807.04383070 26.228
 219 127.241765  64.066027    61.513    61.513  7 56826.87511052 56.164
 220 127.242128  64.064911    61.024    61.021  7 56836.79074517 50.790
 221 127.241495  64.065772    60.124    60.118  7 56846.70637646 52.811
 222 127.237928  64.067395    61.814    61.249  7 56856.62202590 29.059
 223 127.237915  64.068601    59.568    59.610  7 56866.53767914 51.804
 224 127.237901  64.068459    59.759    59.784  7 56876.45333119 40.405
 225 127.240596  64.066831    59.883    59.925  7 56886.36898049 49.847
 226 127.241694  64.065243    59.991    59.967  7 56896.28462689 50.589
 227 127.240641  64.065584    59.483    59.473  7 56906.20027001 41.511
 228 127.238408  64.067798    59.435    59.505  7 56916.11591073 40.819
 229 127.237251  64.070445    61.287    60.808  6 56926.03154965 28.621
 230 127.236615  64.072007    59.369    59.349  6 56935.94718545 43.356
 231 127.235797  64.072108    59.772    58.743  6 56945.86281605 34.714
 232 127.238437  64.069260    63.506    63.500  6 56955.77846868 26.354
 233 127.240643  64.067363    63.810    63.832  7 56965.69411825 20.193
 234 127.239975  64.068018    62.426    62.287  7 56975.60976291 18.915
 235 127.238319  64.069696    63.444    63.496  6 56985.52540287 16.886
 236 127.238025  64.070144    63.638    63.710  7 56995.44103761 15.629
 237 127.239845  64.068013    63.588    63.544  7 57005.35667977 15.392
 238 127.238529  64.065347    63.635    63.523  7 57015.27233494 14.895
 239 127.241735  64.063986    63.733    63.756  7 57025.18798610 14.401
 240 127.239733  64.066248    63.978    63.961  7 57035.10363433 13.760
 241 127.238613  64.068663    63.887    63.901  6 57045.01928011 12.669
 242 127.238786  64.069307    63.808    63.812  6 57054.93492315 11.874
 243 127.237618  64.068346    63.666    63.704  7 57064.85056130 11.563
 244 127.239351  64.067260    63.880    63.930  7 57074.76619496 11.568
 245 127.240443  64.068192    63.859    63.879  7 57084.68182504 11.459
 246 127.237548  64.070407    63.860    63.821  6 57094.59747795 11.290
 247 127.238913  64.071533    64.337    64.357  6 57104.51313452 11.070
 248 127.236751  64.072070    65.235    65.297  6 57114.42878658 10.299
 249 127.239175  64.069999    65.054    65.035  6 57124.34443309 10.022
 250 127.239162  64.068104    66.222    65.495  6 57134.26007409  6.626
