# NaN NaN NaN ;Mean Elev.(m), Avg Gradient(m/km), RMS Gradient(m/km) - SRTM1     
#   20.253   1.152   7.011 ;Mean Elev.(m), Avg Gradient(m/km), RMS Gradient(m/km) - ASTER GDEM
#   28.551  -1.371  10.084 ;Mean Elev.(m), Avg Gradient(m/km), RMS Gradient(m/km) - GMTED2010 
   1 124.235481  65.948208    44.531    44.531  2 54665.18388415 21.448
   2 124.235421  65.949391    42.362    41.624  3 54675.09952887 22.873
   3 124.233463  65.950938    -4.972    -4.974  3 54685.01517201 10.904
   4 124.232878  65.951757    40.750    40.761  3 54694.93081375 51.713
   5 124.235375  65.950861    -7.081    -7.108  3 54704.84645321 11.520
   6 124.234857  65.948487    40.369    40.369  2 54714.76210453 25.311
   7 124.235053  65.946351    -0.912    -1.356  3 54724.67775480 17.807
   8 124.236533  65.946087    41.778    41.778  2 54734.59340315 29.300
   9 124.235905  65.947719    42.644    44.391  3 54744.50905019 24.470
  10 124.236709  65.949281    37.570    37.570  2 54754.42469696 47.786
  11 124.235676  65.948881    36.648    36.648  2 54764.34034259 40.748
  12 124.234628  65.946633    39.664    39.664  2 54774.25598544 27.750
  13 124.235989  65.944844    43.511    43.511  2 54784.17162590 19.441
  14 124.237202  65.945084    43.973    43.924  3 54794.08726447 17.697
  17 124.236653  65.949148    44.240    44.127  3 54823.83418361 15.084
  18 124.235627  65.948307    44.144    44.144  2 54833.74982350 14.071
  19 124.235258  65.948289    44.188    44.060  3 54843.66547343 13.751
  20 124.237125  65.949634    44.236    44.370  3 54853.58112262 12.950
  21 124.233557  65.951338    44.081    44.231  4 54863.49677108 12.814
  22 124.231930  65.952001    44.146    44.197  3 54873.41241953 12.425
  23 124.232850  65.950864    44.192    44.169  3 54883.32806584 12.168
  24 124.234276  65.948241    44.268    44.268  2 54893.24370879 12.122
  25 124.236213  65.946131    44.334    44.334  2 54903.15934906 12.045
  26 124.236246  65.946070    44.254    44.292  3 54913.07498792 12.675
  27 124.235062  65.947543    44.238    44.238  2 54922.99062588 11.195
  28 124.234823  65.948820    44.315    44.377  3 54932.90626314 10.974
  29 124.234863  65.948262    39.062    39.135  3 54942.82189855 19.417
  30 124.234787  65.946173    35.301    35.301  2 54952.73753202 35.541
  31 124.235738  65.944451    36.627    36.627  2 54962.65317540 38.585
  32 124.235469  65.944864    90.634    90.634  2 54972.56882397 11.480
  33 124.236092  65.946871    43.939    44.387  3 54982.48447171 32.356
  34 124.234417  65.948828    43.497    43.497  2 54992.40011895 29.301
  35 124.237173  65.949625    42.079    42.079  2 55002.31576580 30.055
  36 124.235510  65.949255    40.817    40.817  2 55012.23141037 53.949
  37 124.237540  65.948830    44.492    44.492  2 55022.14705383 28.977
  38 124.237059  65.949479    39.589    39.544  3 55032.06269620 52.747
  39 124.236376  65.950662    43.854    43.905  3 55041.97833786 20.136
  40 124.232317  65.950971    42.932    43.825  3 55051.89397765 23.270
  41 124.236184  65.949900    44.309    44.309  2 55061.80961595 25.018
  42 124.237561  65.947616    38.710    38.710  2 55071.72525900 45.257
  43 124.236016  65.945640    40.997    40.997  2 55081.64090748 27.791
  44 124.237013  65.945668    37.746    37.746  2 55091.55655459 42.568
  45 124.236951  65.947159    38.845    38.845  2 55101.47220113 52.634
  46 124.236390  65.948681    38.524    38.524  2 55111.38784723 44.583
  47 124.236969  65.948507    39.939    37.942  3 55121.30349131 44.328
  48 124.234291  65.946597    37.511    37.511  2 55131.21913223 46.838
  49 124.235485  65.944913    35.624    35.569  3 55141.13477151 41.158
  50 124.235139  65.945075    37.998    35.304  3 55151.05040995 35.871
  51 124.236599  65.946951    43.526    43.458  3 55160.96604864 28.740
  52 124.237395  65.948815    43.779    43.779  2 55170.88168688 26.471
  53 124.234406  65.949306    43.994    43.994  2 55180.79732327 23.193
  54 124.235099  65.949028    44.081    44.099  3 55190.71297178 21.800
  55 124.235704  65.949192    44.192    44.192  2 55200.62862213 20.521
  56 124.236008  65.949856    44.396    44.396  2 55210.54427180 20.069
  57 124.234665  65.950572    44.088    44.088  2 55220.45992086 18.913
  58 124.237098  65.950362    44.165    44.241  3 55230.37556923 18.346
  59 124.236437  65.949068    44.119    44.119  2 55240.29121407 18.109
  60 124.234459  65.947173    44.047    44.047  2 55250.20685518 17.710
  61 124.236962  65.946198    44.190    44.190  2 55260.12249441 17.272
  62 124.237037  65.946322    44.224    44.179  3 55270.03813264 16.025
  63 124.236200  65.947117    44.209    44.165  3 55279.95377071 15.246
  64 124.237825  65.947678    44.375    44.375  2 55289.86940774 14.789
  65 124.236517  65.947207    44.235    44.235  2 55299.78504211 14.268
  66 124.236401  65.946084    35.209    35.209  2 55309.70068698 41.659
  67 124.235888  65.945311    38.136    38.125  3 55319.61633269 21.805
  69 124.236661  65.947323    43.829    43.829  2 55339.44762206 34.065
  70 124.235488  65.948684    43.561    43.561  2 55349.36326616 27.785
  71 124.237284  65.949458    40.576    40.601  3 55359.27890852 54.032
  72 124.236468  65.949468    44.349    44.349  2 55369.19454847 21.656
  73 124.234545  65.949412    42.884    42.884  2 55379.11018683 26.485
  74 124.236764  65.949872    41.245    41.245  2 55389.02582485 26.427
  75 124.235608  65.949866    41.886    41.886  2 55398.94146155 26.431
  76 124.237076  65.949130    44.393    44.393  2 55408.85710752 20.710
  77 124.235360  65.947493    40.366    38.453  3 55418.77275803 34.462
  78 124.235346  65.946119    38.132    38.132  2 55428.68840528 51.527
  79 124.235000  65.945976    40.376    39.870  3 55438.60404992 27.115
  80 124.236327  65.946904    44.011    44.011  2 55448.51969337 24.687
  81 124.237819  65.947649    38.334    38.334  2 55458.43533653 51.425
  82 124.236588  65.947503    43.175    44.189  3 55468.35097869 21.902
  83 124.235620  65.946495    43.954    43.954  2 55478.26661760 32.583
  84 124.235001  65.945592    35.965    35.965  2 55488.18225349 41.128
  85 124.235576  65.945429    35.181    35.181  2 55498.09788724 32.965
  86 124.236388  65.946553    43.567    43.567  2 55508.01352555 20.531
  87 124.234837  65.947785    44.306    44.411  3 55517.92917572 16.695
  88 124.237587  65.948898    43.662    43.662  2 55527.84482536 16.622
  89 124.236674  65.949174    43.869    43.869  2 55537.76047271 15.275
  90 124.236509  65.949365    43.739    43.739  2 55547.67611787 15.200
  91 124.235830  65.949891    44.383    44.383  2 55557.59176122 13.610
  92 124.234938  65.950535    44.383    44.383  2 55567.50740369 13.560
  93 124.234520  65.950207    44.199    44.407  3 55577.42304543 12.797
  94 124.234330  65.948507    44.310    44.310  2 55587.33868508 12.471
  95 124.235052  65.946298    44.143    44.078  3 55597.25432169 12.096
  96 124.236629  65.945216    44.179    44.257  3 55607.16995557 11.691
  97 124.236846  65.945540    44.219    44.316  3 55617.08558731 11.411
  98 124.237752  65.947144    44.404    44.404  2 55627.00123159 11.471
  99 124.235027  65.947649    44.301    44.460  3 55636.91688298 10.840
 100 124.236048  65.947102    44.305    44.305  2 55646.83253263 10.455
 101 124.234948  65.945651    44.151    44.149  3 55656.74817925 10.694
 102 124.235117  65.945054    44.006    43.876  3 55666.66382167 10.081
 103 124.236040  65.945868    43.455    43.815  3 55676.57946133 25.742
 104 124.235083  65.947474    43.132    42.487  3 55686.49509902 22.744
 105 124.234704  65.948703    41.661    42.046  3 55696.41073558 36.901
 106 124.236828  65.948943    90.236    90.236  2 55706.32637108 25.984
 107 124.234878  65.948494    44.600    44.600  2 55716.24202057 24.014
 108 124.236048  65.948672    44.599    44.621  3 55726.15766942 28.776
 109 124.237051  65.949638    44.636    44.636  2 55736.07331647 20.786
 110 124.233008  65.950406    42.632    43.893  3 55745.98896178 25.143
 111 124.236918  65.950343    38.980    38.918  3 55755.90460592 53.308
 112 124.235076  65.948261    43.798    43.798  2 55765.82024704 23.962
 113 124.236683  65.945837    41.679    41.679  2 55775.73588558 29.391
 114 124.235920  65.944528    41.441    41.708  3 55785.65152100 29.503
 115 124.236457  65.945625    44.023    43.993  3 55795.56715461 27.795
 116 124.236496  65.947498    38.047    37.976  3 55805.48279418 50.590
 117 124.234844  65.948317    40.649    40.649  2 55815.39844332 29.500
 118 124.236123  65.947173    44.083    44.083  2 55825.31409005 24.637
 119 124.237974  65.945486    43.860    43.860  2 55835.22973229 33.219
 120 124.236813  65.944580    44.110    44.110  2 55845.14537069 23.487
 121 124.235843  65.945796    36.418    36.418  2 55855.06100634 42.591
 122 124.237129  65.948095    44.240    44.240  2 55864.97664649 18.637
 123 124.237647  65.949850    44.473    44.473  2 55874.89229969 16.411
 133 124.235715  65.945584    44.140    44.161  3 55974.04873387 10.841
 134 124.234799  65.947722    44.196    44.121  3 55983.96437001 10.972
 135 124.236199  65.948624    44.430    44.430  2 55993.88000411 10.033
 136 124.235126  65.947481    44.260    44.263  3 56003.79565451  9.281
 137 124.236283  65.945432    44.204    44.204  2 56013.71130345 10.515
 139 124.234455  65.946284    44.008    44.008  2 56033.54259223  9.215
 141 124.233103  65.950391    43.734    43.725  3 56053.37387193 38.390
 142 124.235175  65.950188    39.466    39.496  3 56063.28950736 39.053
 143 124.235715  65.948897   119.145   119.318  3 56073.20514913  3.098
 144 124.237179  65.948525    43.533    43.533  2 56083.12079929 28.755
 145 124.235337  65.948954    41.311    41.318  3 56093.03644673 53.278
 146 124.234436  65.949830    41.027    40.719  3 56102.95209203 31.758
 147 124.236568  65.949621    41.991    41.991  2 56112.86772314 28.079
 148 124.236753  65.948035    44.362    44.373  3 56122.78336192 20.499
 149 124.235921  65.945678    38.774    38.774  2 56132.69899672 54.634
 150 124.237342  65.944720    40.631    40.104  3 56142.61463414 34.742
 151 124.236652  65.945759    42.562    42.535  3 56152.53028485 28.152
 152 124.235231  65.947654    85.852    85.852  2 56162.44593396 25.481
 153 124.235954  65.948757    40.103    40.142  3 56172.36158129 51.480
 154 124.234494  65.947901    44.274    44.274  2 56182.27722360 22.476
 155 124.237605  65.946389    39.202    39.202  2 56192.19286254 32.119
 156 124.237966  65.945536    38.016    38.016  2 56202.10849853 55.024
 157 124.237555  65.946638    43.681    43.681  2 56212.02413257 40.767
 158 124.235640  65.948678    37.480    37.480  2 56221.93976455 43.231
 159 124.232828  65.950409    38.399    35.729  3 56231.85541853 29.544
 160 124.235007  65.950619    38.932    36.394  3 56241.77107130 30.739
 161 124.236291  65.949761    38.918    36.377  3 56251.68671972 31.442
 162 124.234675  65.948767    36.497    36.528  3 56261.60236321 33.166
 163 124.236328  65.948846    38.836    36.542  3 56271.51800488 31.174
 164 124.235369  65.949090    36.552    36.552  2 56281.43364571 27.212
 165 124.237220  65.949204    43.708    43.708  2 56291.34929812 22.848
 166 124.236683  65.947935    42.816    42.816  2 56301.26494580 21.254
 167 124.236011  65.946236    43.599    43.599  2 56311.18058927 19.108
 168 124.237182  65.945613    43.074    43.725  3 56321.09623070 18.614
 169 124.237301  65.946519    43.936    43.936  2 56331.01187143 17.140
 170 124.236620  65.947822    43.996    44.144  3 56340.92751155 16.276
 171 124.236886  65.948396    44.156    44.106  3 56350.84314949 15.116
 172 124.234457  65.947423    43.831    43.831  2 56360.75878764 14.216
 173 124.236520  65.946574    44.078    44.052  3 56370.67443752 13.449
 175 124.234475  65.948082    43.986    43.986  2 56390.50572933 13.144
 176 124.234370  65.949764    43.899    43.899  2 56400.42137257 13.194
 177 124.235392  65.950672    42.089    43.089  3 56410.33701323 33.011
 180 124.235023  65.949319    42.353    42.350  3 56440.08393876 55.882
 181 124.235925  65.949408    44.051    44.648  3 56449.99958956 25.863
 182 124.235857  65.949197    43.844    44.467  3 56459.91523802 25.423
 183 124.236440  65.948259    40.697    40.697  2 56469.83088320 33.152
 184 124.235486  65.947199    41.617    41.617  2 56479.74652442 25.286
 185 124.237803  65.946546    42.381    42.381  2 56489.66216199 26.446
 187 124.235079  65.946870    43.480    44.274  3 56509.49343025 22.162
 188 124.234796  65.947404    42.287    41.663  3 56519.40907171 23.251
 189 124.234860  65.947641    39.499    39.499  2 56529.32472551 52.747
 190 124.234927  65.947439    44.133    44.133  2 56539.24037520 26.357
 191 124.236272  65.947263    38.095    38.095  2 56549.15602078 50.363
 192 124.236740  65.947911    43.232    44.136  3 56559.07166387 21.818
 193 124.235690  65.949037    44.111    44.016  3 56568.98730589 34.602
 194 124.236518  65.950353    37.480    37.473  3 56578.90294679 48.613
 195 124.233390  65.950340    35.658    35.647  3 56588.81858350 27.335
 196 124.235479  65.949875    43.974    43.974  2 56598.73422745 18.279
 197 124.236587  65.949359    43.949    43.949  2 56608.64987855 14.462
 198 124.237328  65.949527    35.944    35.944  2 56618.56552474 19.477
 199 124.236336  65.949662    43.941    43.957  3 56628.48116750 14.223
 200 124.236705  65.949159    44.281    44.281  2 56638.39680743 13.390
 201 124.236082  65.947650    43.762    43.762  2 56648.31245097 13.249
 202 124.237004  65.946373    44.075    43.944  3 56658.22810266 12.260
 203 124.235382  65.945966    44.003    44.119  3 56668.14374997 12.472
 205 124.236168  65.948455    44.210    44.273  3 56687.97503866 11.906
 206 124.235630  65.948596    44.060    44.175  3 56697.89067995 10.871
 207 124.234525  65.947541    44.212    44.212  2 56707.80631654 11.068
 208 124.236050  65.946662    44.369    44.321  3 56717.72195345 10.392
 209 124.234398  65.947128    44.169    44.169  2 56727.63760607 10.611
 211 124.232447  65.950640    44.333    44.275  3 56747.46890003 10.373
 212 124.234372  65.951168    44.538    44.615  3 56757.38454101  9.663
 213 124.234912  65.950257    43.643    43.558  3 56767.30017593 25.325
 214 124.234157  65.949078    41.512    41.512  2 56777.21581984 25.812
 215 124.237166  65.949241    37.036    37.036  2 56787.13147635 45.834
 217 124.235535  65.950454    43.600    44.169  3 56806.96277642 33.115
 219 124.235752  65.947722    40.493    40.493  2 56826.79405552 52.631
 220 124.236714  65.945956    39.852    39.848  3 56836.70969002 53.043
 221 124.237208  65.945860    38.832    38.717  3 56846.62532148 54.332
 222 124.234459  65.947190    39.769    39.769  2 56856.54097102 35.441
 223 124.234265  65.948870    38.079    38.079  2 56866.45662449 48.966
 224 124.235605  65.949143    44.211    44.357  3 56876.37227680 28.634
 225 124.235332  65.948343    44.068    44.141  3 56886.28792582 26.124
 226 124.234805  65.947300    42.787    44.188  3 56896.20357201 23.464
 227 124.235156  65.947782    43.982    43.972  3 56906.11921536 24.399
 228 124.236581  65.949697    44.293    44.293  2 56916.03485664 26.628
 229 124.235609  65.951522    44.222    44.244  3 56925.95049582 29.940
 230 124.233438  65.951818    38.256    38.211  4 56935.86613158 45.379
 231 124.236163  65.950504    36.991    36.981  3 56945.78176245 46.435
 232 124.236636  65.948808    35.312    35.312  2 56955.69741435 37.359
 233 124.236918  65.948157    44.028    44.196  3 56965.61306360 20.838
 234 124.237014  65.949086    43.701    43.680  3 56975.52870848 18.266
 235 124.233547  65.950013    43.393    43.205  3 56985.44434856 18.026
 236 124.236749  65.949615    43.933    43.933  2 56995.35998380 15.550
 237 124.235333  65.947340    43.747    43.747  2 57005.27562533 15.400
 238 124.237618  65.945523    43.713    43.713  2 57015.19128068 15.601
 239 124.236364  65.945446    43.756    43.648  3 57025.10693134 14.394
 240 124.236795  65.947627    43.946    43.946  2 57035.02257997 12.806
 241 124.236995  65.949612    44.234    44.234  2 57044.93822604 12.661
 242 124.236340  65.949809    44.115    44.248  3 57054.85386898 11.731
 243 124.235735  65.948162    43.931    43.759  3 57064.76950700 11.790
 244 124.237322  65.947046    43.952    44.052  3 57074.68514048 11.557
 245 124.237948  65.947429    43.986    43.986  2 57084.60077061 10.895
 246 124.237471  65.949802    44.229    44.229  2 57094.51642378 10.361
 247 124.232270  65.951672    43.887    43.942  3 57104.43207999 10.001
 248 124.233629  65.952120    44.230    44.514  3 57114.34773255 10.855
 249 124.233839  65.950525    44.198    44.300  3 57124.26337877 10.558
 250 124.235918  65.948769    43.923    43.725  3 57134.17901984 10.201
