# NaN NaN NaN ;Mean Elev.(m), Avg Gradient(m/km), RMS Gradient(m/km) - SRTM1     
#   17.741  -2.963   7.353 ;Mean Elev.(m), Avg Gradient(m/km), RMS Gradient(m/km) - ASTER GDEM
#   23.255  -2.619  10.501 ;Mean Elev.(m), Avg Gradient(m/km), RMS Gradient(m/km) - GMTED2010 
   2 124.028073  65.938262    40.915    41.421 14 54675.09950968 24.683
   3 124.016540  65.939287    -8.998    -8.362 17 54685.01515194 11.533
   4 124.012764  65.939928    40.417    40.275 18 54694.93079338 33.182
   5 124.018464  65.939205    -5.045    -5.166 17 54704.84643314 12.094
   6 124.033913  65.937700    40.389    39.918 13 54714.76208593 25.467
   7 124.040504  65.935914     6.992     9.284 12 54724.67773680 18.939
   8 124.041981  65.935661    41.331    41.525 11 54734.59338515 24.347
   9 124.034957  65.936948    41.220    41.702 12 54744.50903159 22.193
  10 124.032552  65.938339    37.481    37.447 12 54754.42467807 53.223
  11 124.031514  65.937936    36.848    36.851 14 54764.34032370 45.722
  12 124.040043  65.936205    36.265    36.300 11 54774.25596743 44.111
  13 124.047789  65.934759    38.515    37.405 11 54784.17160848 19.053
  14 124.048998  65.935001    39.445    39.930 10 54794.08724705 17.659
  17 124.029304  65.938017    38.986    39.343 14 54823.83416442 16.232
  18 124.034666  65.937526    39.518    39.337 13 54833.74980490 14.646
  19 124.034300  65.937513    39.685    40.307 12 54843.66545484 14.733
  20 124.026588  65.938344    39.432    40.097 15 54853.58110313 13.977
  21 124.010247  65.939351    38.746    38.823 18 54863.49675042 14.132
  22 124.011797  65.940186    38.628    38.456 18 54873.41239916 13.749
  23 124.015909  65.939223    38.889    38.984 17 54883.32804577 13.426
  24 124.033297  65.937468    39.651    39.976 13 54893.24369019 13.168
  25 124.041625  65.935707    39.753    39.608 11 54903.15933106 12.249
  26 124.044851  65.935819    40.050    40.444 11 54913.07497021 12.632
  27 124.037284  65.936944    39.926    40.505 12 54922.99060758 12.178
  28 124.033857  65.938045    39.744    40.159 12 54932.90624455 11.523
  29 124.033911  65.937481    37.074    36.897 12 54942.82187996 28.088
  30 124.040237  65.935733    36.605    35.759 11 54952.73751402 32.359
  31 124.050768  65.934533    37.555    37.162 10 54962.65315828 37.804
  32 124.050496  65.934949    91.978    89.620  9 54972.56880685 13.505
  33 123.993747  65.933838   111.754   113.830  6 54982.48444927  4.387
  34 124.030274  65.937874    41.786    41.613 14 54992.40010006 28.135
  35 124.026640  65.938329    41.970    41.895 14 55002.31574632 25.755
  36 124.031353  65.938304    40.300    40.456 14 55012.23139148 50.240
  37 124.033381  65.937884    40.624    40.810 12 55022.14703494 24.562
  38 124.029708  65.938358    39.364    39.345 14 55032.06267701 51.953
  39 124.019453  65.939019    40.363    40.441 17 55041.97831778 23.673
  40 124.015402  65.939317    38.899    38.153 17 55051.89395758 29.713
  41 124.025660  65.938597    39.639    39.166 14 55061.80959647 27.379
  42 124.039812  65.937008    38.511    38.551 12 55071.72524070 41.477
  43 124.041471  65.935211    39.681    40.835 11 55081.64088947 40.160
  44 124.042462  65.935242    37.581    37.648 11 55091.55653659 48.076
  45 124.036006  65.936389    38.694    38.651 13 55101.47218254 47.146
  46 124.035424  65.937910    38.233    38.229 13 55111.38782863 53.460
  47 124.032808  65.937561    37.910    38.003 13 55121.30347242 49.920
  48 124.039706  65.936167    37.377    37.378 11 55131.21911422 47.163
  49 124.047285  65.934828    36.354    36.132 10 55141.13475409 40.656
  50 124.046939  65.934990    37.997    38.813 10 55151.05039253 29.045
  51 124.038822  65.936347    38.930    39.667 11 55160.96603034 26.328
  52 124.033234  65.937861    38.554    38.627 12 55170.88166799 23.999
  53 124.030251  65.938343    39.163    39.653 14 55180.79730438 22.281
  54 124.030949  65.938070    39.038    38.978 13 55190.71295289 21.386
  55 124.028364  65.938068    39.116    39.650 13 55200.62860294 20.761
  56 124.025470  65.938564    38.397    37.646 14 55210.54425232 20.626
  57 124.014550  65.938758    38.188    38.263 17 55220.45990049 19.397
  58 124.023355  65.938897    38.745    38.717 16 55230.37554945 18.896
  59 124.032266  65.938122    38.963    38.925 12 55240.29119518 17.911
  60 124.039866  65.936744    38.961    38.954 11 55250.20683717 17.426
  61 124.042376  65.935777    38.360    38.470 11 55260.12247640 16.807
  62 124.039266  65.935725    39.233    40.074 11 55270.03811434 16.194
  63 124.038431  65.936518    39.220    39.863 11 55279.95375241 15.938
  64 124.040062  65.937076    39.313    39.981 12 55289.86938944 15.254
  65 124.035580  65.936424    39.833    40.051 13 55299.78502351 14.698
  66 124.041856  65.935649    35.494    35.085 11 55309.70066897 37.785
  67 124.047725  65.935225    37.067    36.832 10 55319.61631528 23.869
  68 124.049072  65.935733    90.096    88.451 10 55329.53196017 11.539
  69 124.054851  65.937589    40.281    40.304  7 55339.44760523 40.382
  70 124.031347  65.937733    42.223    42.036 14 55349.36324726 26.685
  71 124.029760  65.938323    88.005    88.096 14 55359.27888932 28.625
  72 124.029123  65.938344    41.088    41.051 13 55369.19452928 25.995
  73 124.030389  65.938457    39.884    39.753 14 55379.11016794 28.478
  74 124.023040  65.938399    40.144    40.009 15 55389.02580507 25.046
  75 124.025079  65.938561    40.671    41.136 14 55398.94144207 23.796
  76 124.032937  65.938172    40.432    40.534 12 55408.85708863 25.175
  77 124.037616  65.936882    38.455    38.513 11 55418.77273973 52.474
  78 124.040803  65.935686    38.234    38.197 11 55428.68838728 52.925
  79 124.046831  65.935893    39.050    41.016 10 55438.60403251 32.455
  80 124.038581  65.936305    40.562    41.445 12 55448.51967507 25.515
  81 124.040058  65.937052    40.055    40.864 12 55458.43531823 28.043
  82 124.038821  65.936902    40.074    41.369 11 55468.35096039 26.874
  83 124.041043  65.936060    38.756    40.311 11 55478.26659959 34.337
  84 124.021297  65.934111    35.997    35.984 10 55488.18223372 41.272
  85 124.021871  65.933947    35.255    35.266 10 55498.09786746 40.355
  86 124.041805  65.936116    35.807    35.774 11 55508.01350754 31.187
  87 124.037060  65.937174    36.007    35.693 11 55517.92915742 25.485
  88 124.033428  65.937946    35.902    35.952 12 55527.84480647 21.643
  89 124.032519  65.938223    35.959    36.038 12 55537.76045382 20.778
  90 124.032355  65.938415    36.023    35.740 12 55547.67609897 18.816
  91 124.022105  65.938423    35.892    35.561 15 55557.59174144 16.586
  92 124.014825  65.938719    36.827    36.701 17 55567.50738332 16.038
  93 124.020782  65.938735    37.861    36.903 16 55577.42302566 14.624
  94 124.033356  65.937724    38.047    37.132 13 55587.33866648 14.233
  95 124.043657  65.936033    39.469    40.477 11 55597.25430398 13.247
  96 124.048429  65.935123    38.695    37.662 10 55607.16993815 13.023
  97 124.048645  65.935445    39.249    40.232 10 55617.08556990 12.864
  98 124.039979  65.936533    39.285    39.599 12 55627.00121329 12.565
  99 124.037259  65.937040    39.863    40.655 11 55636.91686467 11.963
 100 124.038291  65.936494    38.798    38.801 12 55646.83251433 11.453
 101 124.046774  65.935562    40.042    40.756 10 55656.74816184 11.618
 102 124.046952  65.934967    39.664    40.376 10 55666.66380425 10.645
 103 124.047869  65.935783    34.706    34.304 10 55676.57944391 35.483
 104 124.037332  65.936867    38.792    37.055 11 55686.49508071 27.858
 105 124.033752  65.937919    39.753    38.847 12 55696.41071698 32.904
 106 124.032680  65.937983    90.028    89.986 12 55706.32635219 27.932
 107 124.033917  65.937706    41.335    41.533 13 55716.24200198 25.741
 108 124.031895  65.937716    41.889    41.945 13 55726.15765053 23.457
 109 124.045642  65.939382    40.755    40.755  8 55736.07329876 25.709
 110 124.019279  65.938931    39.576    38.862 16 55745.98894200 30.211
 111 124.023193  65.938874    38.847    38.891 16 55755.90458615 46.251
 112 124.034129  65.937481    39.484    38.856 13 55765.82022845 27.714
 113 124.042138  65.935404    39.678    39.191 11 55775.73586757 27.140
 114 124.047763  65.934438    41.189    42.008 10 55785.65150358 23.804
 115 124.048289  65.935535    40.630    41.387 10 55795.56713719 24.648
 116 124.038744  65.936886    37.760    37.620 11 55805.48277588 52.954
 117 124.033889  65.937530    38.864    37.549 13 55815.39842473 28.070
 118 124.038356  65.936561    40.010    41.031 12 55825.31407175 26.235
 119 124.046589  65.935222    40.111    41.276 10 55835.22971458 26.844
 120 124.048620  65.934487    39.873    41.087 11 55845.14535327 34.474
 121 124.041264  65.935354    36.391    36.393 11 55855.06098834 44.105
 122 124.039349  65.937481    36.326    36.384 12 55864.97662819 44.228
 123 124.023910  65.938375    37.574    36.461 15 55874.89227991 22.798
 133 124.047514  65.935497    40.608    41.478 10 55974.04871645 12.838
 134 124.037023  65.937111    40.327    41.129 11 55983.96435171 13.245
 135 124.032050  65.937662    40.277    40.861 14 55993.87998522 12.808
 136 124.037371  65.936868    40.219    40.942 11 56003.79563621 12.015
 137 124.041738  65.934997    40.538    41.207 11 56013.71128544 12.328
 139 124.039904  65.935852    40.599    41.102 11 56033.54257422 11.217
 141 124.019381  65.938912    36.099    36.267 16 56053.37385215 35.595
 142 124.053335  65.940442    47.843    41.312  6 56063.28949054 38.548
 143 123.986927  65.935503   113.717   114.428  7 56073.20512611  8.857
 144 124.033027  65.937572    42.086    42.047 12 56083.12078040 26.488
 145 124.031185  65.938001    41.303    41.305 13 56093.03642783 51.688
 146 124.023905  65.938529    40.190    40.306 15 56102.95207255 44.188
 147 124.029233  65.938497    40.855    41.610 13 56112.86770395 25.904
 148 124.035815  65.937256    41.822    41.832 12 56122.78334333 21.484
 149 124.041383  65.935240    39.212    38.797 11 56132.69897872 42.321
 150 124.049186  65.934630    40.108    39.958 10 56142.61461672 29.144
 151 124.045297  65.935500    40.655    41.644 11 56152.53026714 26.956
 152 124.034288  65.936874    85.893    85.601 13 56162.44591537 26.541
 153 124.050935  65.938846    39.866    39.850  7 56172.36156417 55.170
 154 124.033535  65.937116    40.582    41.175 13 56182.27720501 26.434
 155 124.046215  65.936129    39.265    38.701 10 56192.19284483 40.441
 156 124.048949  65.935404    97.177   104.631 10 56202.10848104 14.441
 157 124.058917  65.937069    40.391    40.690  6 56212.02411604 26.818
 158 124.031485  65.937713    37.171    37.176 14 56221.93974566 43.632
 159 124.019099  65.938922    35.722    35.728 16 56231.85539875 37.247
 160 124.021280  65.939139    38.310    37.727 16 56241.77105152 23.005
 161 124.025761  65.938461    38.729    38.577 15 56251.68670024 22.453
 162 124.033718  65.937987    38.469    38.328 12 56261.60234461 21.914
 163 124.032178  65.937894    38.487    39.431 13 56271.51798599 21.296
 164 124.031211  65.938134    39.282    39.965 14 56281.43362682 18.004
 165 124.033052  65.938253    38.690    38.745 12 56291.34927923 17.311
 166 124.035709  65.937159    38.659    38.687 13 56301.26492720 16.241
 167 124.041422  65.935806    38.538    38.158 11 56311.18057126 15.086
 168 124.045787  65.935358    39.415    39.434 11 56321.09621299 14.536
 169 124.042716  65.936091    39.530    39.594 11 56331.01185342 13.963
 170 124.035657  65.937044    39.939    40.540 12 56340.92749296 13.586
 171 124.032740  65.937440    39.959    40.388 13 56350.84313060 13.072
 172 124.036704  65.936809    39.876    40.086 12 56360.75876934 12.248
 173 124.038776  65.935969    40.029    40.544 11 56370.67441922 11.990
 175 124.033529  65.937308    39.996    40.308 13 56390.50571073 11.467
 176 124.027028  65.938641    38.309    38.326 15 56400.42135338 18.336
 177 124.018472  65.939025    36.459    36.551 17 56410.33699316 37.528
 178 124.022451  65.938845    82.926    82.962 16 56420.25262926 22.380
 179 124.025124  65.938178    88.333    87.934 13 56430.16826616 12.096
 180 124.027675  65.938192    42.239    42.254 14 56440.08391957 54.230
 181 124.028578  65.938287    41.835    41.648 14 56449.99957037 25.670
 182 124.031707  65.938249    41.649    41.364 13 56459.91521913 23.730
 183 124.054620  65.938527    41.663    41.708  7 56469.83086638 25.206
 184 124.037740  65.936597    41.321    41.868 12 56479.74650612 22.486
 185 124.046442  65.936292    41.237    42.283 10 56489.66214428 23.851
 187 124.040523  65.936430    41.715    41.832 12 56509.49341225 23.200
 188 124.040230  65.936961    41.894    42.046 12 56519.40905371 23.823
 189 124.037095  65.937027    39.509    39.500 12 56529.32470721 51.524
 190 124.037156  65.936827    40.618    41.054 12 56539.24035690 25.661
 191 124.035307  65.936483    38.484    37.963 13 56549.15600218 35.892
 192 124.035768  65.937135    40.797    41.138 12 56559.07164527 22.009
 193 124.031523  65.938087    40.522    40.900 13 56568.98728700 27.402
 194 124.022780  65.938881    37.159    37.125 16 56578.90292701 50.156
 195 124.019661  65.938857    36.160    36.160 16 56588.81856372 43.134
 196 124.021758  65.938394    35.027    34.990 15 56598.73420767 42.285
 197 124.032436  65.938405    35.590    35.623 12 56608.64985966 18.450
 198 124.026795  65.938231    36.335    36.371 14 56618.56550525 16.921
 199 124.025796  65.938365    36.723    36.659 15 56628.48114802 15.286
 200 124.032541  65.938207    37.517    37.187 12 56638.39678854 14.230
 201 124.035113  65.936867    37.622    37.101 13 56648.31243237 13.875
 202 124.039225  65.935767    38.484    38.357 11 56658.22808436 13.129
 203 124.047169  65.935881    38.586    38.235 10 56668.14373255 13.293
 205 124.035191  65.937681    38.327    37.639 12 56687.97502006 12.710
 206 124.034661  65.937817    39.410    40.169 12 56697.89066135 11.881
 207 124.036762  65.936930    39.905    40.225 12 56707.80629824 11.806
 208 124.041490  65.936223    39.234    38.877 12 56717.72193544 11.767
 209 124.039837  65.936694    38.637    37.332 11 56727.63758806 11.980
 211 124.018719  65.939170    39.101    38.638 16 56747.46888025 11.348
 212 124.017447  65.939523    40.180    40.004 17 56757.38452094  9.698
 213 124.021180  65.938778    35.817    35.441 16 56767.30015616 32.507
 214 124.029998  65.938118    37.167    36.754 14 56777.21580095 31.666
 215 124.033001  65.938293    37.449    37.437 12 56787.13145745 35.510
 216 124.024918  65.938590    93.972    93.085 15 56797.04710937 25.835
 217 124.021802  65.938994    41.296    41.172 16 56806.96275664 27.589
 219 124.034811  65.936949    40.208    40.243 13 56826.79403692 54.048
 220 124.045359  65.935697    39.946    39.888 11 56836.70967231 50.064
 221 124.045857  65.935597    38.807    38.611 11 56846.62530377 47.001
 222 124.039906  65.936754    39.735    39.738 11 56856.54095302 48.035
 223 124.030126  65.937917    37.932    37.895 14 56866.45660560 55.357
 224 124.031455  65.938194    40.046    39.507 13 56876.37225791 26.363
 225 124.034369  65.937568    40.607    41.187 12 56886.28790722 24.319
 226 124.040222  65.936872    39.903    39.194 12 56896.20355401 24.907
 227 124.037377  65.937185    39.784    40.639 11 56906.11919706 24.718
 228 124.029222  65.938582    40.809    41.428 13 56916.03483746 20.831
 229 124.009108  65.939363    40.522    41.247 18 56925.95047486 23.485
 230 124.010131  65.939822    39.855    39.771 18 56935.86611092 26.265
 231 124.022441  65.939025    36.690    36.733 16 56945.78174267 49.346
 232 124.032496  65.937853    35.479    35.535 12 56955.69739546 43.522
 233 124.035969  65.937380    34.868    34.953 12 56965.61304501 39.489
 234 124.029677  65.937965    35.392    35.391 14 56975.52868929 29.202
 235 124.023009  65.938713    35.864    35.875 15 56985.44432908 26.399
 236 124.029395  65.938486    36.330    36.102 13 56995.35996462 22.257
 237 124.037557  65.936726    36.051    35.926 12 57005.27560703 22.266
 238 124.043038  65.935090    36.266    35.967 11 57015.19126267 21.250
 239 124.048160  65.935362    36.639    36.298 10 57025.10691392 17.700
 240 124.035824  65.936853    36.728    36.257 13 57035.02256138 15.615
 241 124.029636  65.938491    36.510    36.334 13 57044.93820686 15.709
 242 124.025801  65.938512    36.725    36.559 15 57054.85384950 14.403
 243 124.034783  65.937381    36.483    35.980 12 57064.76948841 15.241
 244 124.039574  65.936438    37.115    36.528 11 57074.68512218 13.584
 245 124.040198  65.936817    37.766    36.990 12 57084.60075230 12.980
 246 124.026945  65.938501    37.398    37.046 14 57094.51640430 12.307
 247 124.015346  65.940021    38.560    38.349 17 57104.43205992 11.060
 248 124.013505  65.940300    39.131    38.889 18 57114.34771218 12.132
 249 124.020102  65.939051    38.695    38.671 16 57124.26335899 11.712
 250 124.031758  65.937818    37.466    36.583 13 57134.17900095 18.783
