# NaN NaN NaN ;Mean Elev.(m), Avg Gradient(m/km), RMS Gradient(m/km) - SRTM1     
#   55.821  -7.144  14.694 ;Mean Elev.(m), Avg Gradient(m/km), RMS Gradient(m/km) - ASTER GDEM
#   53.109  -7.881  16.716 ;Mean Elev.(m), Avg Gradient(m/km), RMS Gradient(m/km) - GMTED2010 
   1 129.629729  63.251377    75.620    75.651  3 54662.13689742 50.906
   2 129.644196  63.255718   139.954   139.620  9 54672.05254435 19.836
   3 129.647145  63.257835    -3.960    -5.080  8 54681.96818850  7.098
   4 129.650384  63.258961   140.089   140.869  9 54691.88383134 25.202
   5 129.645234  63.256574    -3.481    -4.332  9 54701.79947067  7.909
   6 129.643177  63.254295   140.626   140.655 10 54711.71511782 26.614
   7 129.645051  63.253680     5.281     3.964 10 54721.63076896  7.554
  10 129.645097  63.255704   140.992   141.339 10 54751.37771152 16.955
  11 129.636527  63.253700   139.013   139.126  6 54761.29335728 25.634
  12 129.646965  63.254849   139.420   139.910 10 54771.20900266 19.401
  13 129.642784  63.252674   124.531   125.134  9 54781.12464322 14.315
  14 129.646374  63.252819   135.612   136.208  8 54791.04028209  0.453
  17 129.632604  63.251339   133.245   133.340  3 54820.78719545  0.357
  21 129.679146  63.267121    76.835    76.620  4 54860.44978962 17.605
  22 129.677829  63.267788    76.865    76.965  3 54870.36543829 16.767
  23 129.680860  63.267147    77.249    77.297  3 54880.28108595 16.989
  24 129.676891  63.263386    76.171    75.896  3 54890.19672945 17.442
  25 129.681388  63.262272    76.490    75.739  3 54900.11237089 17.279
  26 129.663047  63.258394    75.087    75.222  6 54910.02800781 16.298
  27 129.671636  63.261875    75.683    76.451  5 54919.94364661 15.185
  28 129.651397  63.257686    75.571    74.890  9 54929.85928162 15.220
  29 129.674486  63.261092    76.135    76.874  5 54939.77492026 14.590
  30 129.648239  63.252280   137.966   137.056  8 54949.69055159 10.578
  31 129.660576  63.253537   141.302   141.344  8 54959.60619125  6.503
  32 129.646744  63.251689   141.854   142.170  9 54969.52183836 26.981
  33 129.648575  63.254257   141.395   141.876 10 54979.43748623 26.528
  34 129.647693  63.255681    78.789    78.772 10 54989.35313362 54.226
  35 129.686485  63.264831    78.487    78.487  2 54999.26878543 27.815
  36 129.637996  63.253761   146.428   145.616  5 55009.18442551  1.603
  37 129.683912  63.264444    77.131    77.135  3 55019.10007454 29.913
  38 129.644539  63.256770   140.891   141.159 10 55029.01571262 27.692
  39 129.660865  63.261972   140.996   140.381  8 55038.93135644  7.662
  40 129.645214  63.258544   140.624   140.289  6 55048.84699522  3.266
  41 129.678520  63.263946    75.334    75.323  5 55058.76263727 52.760
  42 129.672757  63.259421    77.076    76.693  9 55068.67827526 26.601
  44 129.680800  63.260678    75.409    75.406  4 55088.50957366 50.414
  45 129.646771  63.255317   137.722   141.059 10 55098.42521633 12.022
  46 129.678601  63.264293    76.914    77.754  5 55108.34086593 26.570
  47 129.645144  63.255840   139.558   139.852 10 55118.25650691 11.257
  48 129.651166  63.254681   147.234   147.234  2 55128.17214984 25.463
  49 129.653432  63.253287   123.259   123.742 11 55138.08779022 17.170
  50 129.650711  63.253044   124.444   125.084  9 55148.00342859  9.162
  51 129.645423  63.253907   127.003   126.270 10 55157.91906619  5.430
  52 129.645215  63.255420   125.975   125.985  9 55167.83470412  4.889
  53 129.647168  63.255812   129.193   127.441 10 55177.75034150  3.143
  54 129.647083  63.254852   126.702   126.995 11 55187.66598561  3.580
  55 129.643714  63.254530   128.099   126.833 10 55197.58163607  2.962
  56 129.642524  63.256074   128.860   128.487  9 55207.49728590  2.174
  57 129.649685  63.259790   131.537   131.356  7 55217.41293618  1.111
  58 129.647949  63.259965   131.844   132.192  4 55227.32858466  0.430
  59 129.681238  63.265836    73.159    73.160  4 55237.24423412 23.659
  60 129.680545  63.262582    73.134    73.127  4 55247.15987610 22.565
  61 129.680325  63.260552    73.125    73.133  4 55257.07551567 22.624
  62 129.672997  63.259388    73.200    73.173  7 55266.99115365 20.737
  63 129.680392  63.263079    73.144    73.139  4 55276.90679282 20.471
  64 129.673352  63.262175    73.126    73.151  6 55286.82242909 20.063
  65 129.649804  63.255100    73.615    73.561  9 55296.73806102 17.869
  66 129.649768  63.252469    73.460    73.602 10 55306.65370143 16.350
  67 129.648387  63.251132   138.238   138.954  8 55316.56934785 11.519
  68 129.649930  63.252653   135.773   135.718 10 55326.48499359 17.154
  69 129.646640  63.254400   129.165   128.038 10 55336.40063792 14.987
  70 129.685312  63.265237    78.504    78.504  2 55346.31628653 28.054
  71 129.649342  63.257388   147.114   143.011  7 55356.23192520  2.951
  72 129.684461  63.264910    77.992    78.339  3 55366.14756983 24.280
  73 129.679595  63.263230    76.809    76.809  2 55376.06320840 24.242
  74 129.644723  63.255455   140.597   141.658 10 55385.97884261 23.424
  75 129.685344  63.265144    76.330    76.330  2 55395.89448450 33.745
  76 129.678666  63.263444    74.469    74.397  5 55405.81012445 50.958
  77 129.676249  63.262108    75.264    75.191  6 55415.72577538 35.113
  78 129.648046  63.253768   139.152   139.893  9 55425.64142002 26.539
  79 129.646175  63.252007   137.864   137.571  9 55435.55706510 25.624
  81 129.676947  63.261464    75.831    75.321  5 55455.38835632 29.310
  82 129.644803  63.255502   138.121   140.479 10 55465.30399544 19.535
  83 129.685785  63.263998    77.860    77.860  2 55475.21963975 23.585
  84 129.646432  63.252551   138.499   138.799  9 55485.13527171 18.696
  85 129.647962  63.250875   138.242   138.723  8 55495.05090620 18.528
  86 129.652263  63.252133   124.061   123.224  9 55504.96654027 18.310
  87 129.642583  63.252771   124.718   125.526  9 55514.88218976  8.930
  88 129.647375  63.256281   126.319   125.719 10 55524.79784010  2.456
  89 129.634912  63.254375   130.428   130.587  4 55534.71348643  0.463
  90 129.630934  63.253245   127.658   127.666  5 55544.62913168  0.393
  91 129.644638  63.256354    76.502    74.921  9 55554.54477709 18.328
  92 129.645517  63.257170    74.921    73.913 10 55564.46042018 18.498
  93 129.645241  63.257265    74.812    73.967 10 55574.37606251 18.254
  94 129.644382  63.255950    74.603    73.657  9 55584.29170317 17.998
  95 129.645207  63.253993    76.827    75.076 10 55594.20734051 17.356
  96 129.651575  63.253299    74.578    74.260 10 55604.12297513 17.671
  97 129.649766  63.251753    74.765    74.160  9 55614.03860677 16.880
  98 129.653770  63.253039    76.128    74.590 11 55623.95424518 16.046
  99 129.646781  63.253154    76.560    75.161 10 55633.86989711 14.765
 100 129.645437  63.253578    77.145    74.949 10 55643.78554733 14.822
 101 129.679465  63.261075    74.501    74.271  4 55653.70119862 16.865
 102 129.679489  63.260042    75.875    75.808  4 55663.61684156 15.083
 103 129.646568  63.252253    74.159    73.555  9 55673.53247792 17.727
 104 129.674979  63.259471    76.476    76.296  6 55683.44811989 28.527
 105 129.648125  63.254492   141.588   140.497  9 55693.36375431  5.357
 106 129.686124  63.263853    77.907    77.907  2 55703.27939456 28.763
 107 129.636642  63.253010   139.775   139.224  7 55713.19503355 22.776
 108 129.643312  63.255146   141.488   141.904  9 55723.11068369 19.347
 109 129.643625  63.255916   141.043   141.763  9 55733.02633110 25.966
 110 129.646231  63.257025   142.861   143.782  9 55742.94197744  2.340
 111 129.679717  63.264486    74.816    74.859  5 55752.85762585 47.804
 112 129.647915  63.255710    74.235    74.267 10 55762.77326442 43.112
 113 129.647658  63.253731    74.165    74.145  9 55772.68890373 46.840
 114 129.641302  63.250680   141.967   142.350  6 55782.60453891  6.116
 115 129.646628  63.251675   141.931   142.240  9 55792.52017305 12.651
 116 129.662240  63.255651    75.856    75.493  6 55802.43580903 26.687
 118 129.680109  63.260928    75.413    75.395  4 55822.26710972 26.721
 119 129.691057  63.262426    74.749    74.749  2 55832.18275450 38.169
 121 129.653668  63.253095   138.700   138.755 11 55852.01402535 16.800
 122 129.646442  63.252660   139.232   140.251  9 55861.92965847 22.402
 123 129.644236  63.254505   138.291   138.449  9 55871.84531280 14.084
 133 129.642338  63.252191   128.314   129.193  7 55971.00175154  0.940
 134 129.638233  63.252434   129.725   130.219  6 55980.91738726  1.150
 135 129.642868  63.252893   130.115   131.109  4 55990.83302263  0.676
 136 129.683356  63.261060    75.188    75.087  4 56000.74867220 19.684
 137 129.681288  63.259646    72.687    72.707  3 56010.66432220 19.949
 139 129.675383  63.260240    73.632    72.689  5 56030.49561168 19.675
 141 129.645952  63.256503    73.590    72.965 11 56050.32688973 27.905
 142 129.631713  63.252767   140.282   141.172  5 56060.24252489 26.916
 143 129.645154  63.254282   143.510   143.672 10 56070.15816267 24.933
 144 129.686157  63.264164    78.566    78.566  2 56080.07381830 28.054
 145 129.645482  63.256158   140.242   144.114  9 56089.98946197 14.992
 146 129.680511  63.265397    77.325    77.126  3 56099.90511173 28.389
 147 129.647386  63.257259   141.906   142.097 10 56109.82073951 16.386
 148 129.650018  63.255277    77.562    77.531  8 56119.73637967 54.155
 149 129.647589  63.251609   140.364   141.142  8 56129.65201556 19.038
 150 129.652180  63.251229   142.126   141.459  9 56139.56764927 26.811
 151 129.650742  63.253264   140.202   140.204 10 56149.48329913 25.768
 152 129.646658  63.255007   139.393   139.222 10 56159.39894808 15.575
 153 129.682540  63.264009    76.021    75.275  3 56169.31460008 27.943
 154 129.648650  63.254659   145.504   142.061 10 56179.23024055  6.019
 155 129.639599  63.250521   131.227   134.926  4 56189.14587954  8.789
 158 129.680718  63.262697    75.828    75.566  4 56218.89278815 28.226
 159 129.645781  63.256366   137.671   137.652 11 56228.80843104 12.894
 160 129.648428  63.256939   134.253   136.699  9 56238.72408513  2.608
 161 129.647580  63.256063   134.848   134.741  7 56248.63973490  1.320
 162 129.631124  63.251840   132.614   132.366  4 56258.55537806  1.227
 163 129.631919  63.252856   130.017   130.003  4 56268.47102033  1.419
 164 129.631749  63.253490   129.837   129.727  4 56278.38666079  1.673
 165 129.644489  63.256616    84.140    85.454 10 56288.30231166 16.832
 166 129.631431  63.251717   128.455   128.443  5 56298.21795895  1.566
 167 129.626046  63.248155   128.688   128.688  2 56308.13360313  0.742
 170 129.645567  63.255325    89.475    85.980  9 56337.88052895 13.243
 173 129.679707  63.259782    76.108    76.005  4 56367.62745525 17.516
 176 129.675060  63.264211    77.358    78.370  5 56397.37439258 14.482
 177 129.649149  63.259340    77.621    77.624  7 56407.29003097 17.073
 178 129.686604  63.266752    72.457    72.457  2 56417.20567249 38.514
 179 129.639667  63.253501   145.454   144.973  8 56427.12129957 22.038
 181 129.647269  63.256348   140.956   141.052 10 56446.95260403 25.885
 182 129.650127  63.258372   140.472   140.750  9 56456.86825371 23.102
 184 129.656456  63.257776   106.107   106.107  2 56476.69954230 20.405
 185 129.649881  63.253620   140.987   141.197 10 56486.61517971 17.432
 187 129.652989  63.253755   141.786   142.522 11 56506.44645021 16.143
 188 129.647285  63.253684   143.398   143.134  9 56516.36208429 10.081
 189 129.685359  63.263779    76.294    76.294  2 56526.27774340 25.790
 190 129.687475  63.263803    77.900    77.900  2 56536.19339412 22.733
 192 129.651180  63.254764   134.861   138.018 10 56556.02468059 11.429
 193 129.658095  63.258033   108.804   108.804  2 56565.94032423 24.198
 194 129.654324  63.259223   107.474   107.474  2 56575.85596533 23.845
 195 129.646553  63.257995   138.574   138.804  8 56585.77160261 14.358
 196 129.645890  63.256633   138.732   139.030 11 56595.68724004 13.349
 197 129.644604  63.255768   124.781   125.418  9 56605.60289228  8.682
 198 129.640973  63.254512   126.003   125.589  8 56615.51853946  6.668
 200 129.678456  63.263284   125.883   125.883  2 56635.34982909  1.090
 202 129.625639  63.249862   128.367   128.235  3 56655.18111427  0.108
 205 129.645169  63.254000    87.352    85.809 10 56684.92805498 15.489
 206 129.646060  63.255339    76.803    74.477 11 56694.84369763 17.337
 207 129.646385  63.255329    78.091    75.985 11 56704.75933563 16.382
 208 129.645235  63.253532    76.978    75.180 10 56714.67496790 16.005
 209 129.659366  63.256904    79.370    77.885  8 56724.59062080  9.725
 210 129.647014  63.255245    76.541    74.888 11 56734.50626957 16.519
 211 129.643968  63.256626    74.459    75.126 10 56744.42191618 15.957
 212 129.680911  63.266349    72.137    72.113  4 56754.33756298 18.450
 213 129.650214  63.258883    77.267    77.510  9 56764.25319645 15.432
 214 129.644294  63.255997    74.072    73.253 10 56774.16883138 29.559
 215 129.637006  63.254660   143.186   142.914  6 56784.08448774 25.663
 216 129.645863  63.257335   142.938   141.756 10 56794.00014227 27.449
 217 129.650747  63.259081   139.941   140.214  9 56803.91579304 25.652
 218 129.646733  63.257533   140.194   140.274  9 56813.83143520 15.979
 219 129.643838  63.255345   140.053   140.288  9 56823.74707389 26.136
 220 129.645188  63.253837    77.750    77.822 10 56833.66270899 26.237
 221 129.679676  63.260341    75.653    75.592  4 56843.57834450 37.370
 222 129.679189  63.260629    76.002    76.008  4 56853.49398676 47.136
 223 129.655711  63.256754   112.496   112.496  2 56863.40963826 27.497
 224 129.661289  63.259086    75.120    74.832  6 56873.32529246 25.401
 225 129.672574  63.261919    75.078    74.535  7 56883.24094407 26.414
 226 129.649753  63.256668   144.957   141.949  9 56893.15658835 11.131
 227 129.674867  63.262783    75.320    74.886  5 56903.07223491 31.180
 228 129.643709  63.257049   139.267   139.504  9 56912.98787318 12.786
 229 129.661013  63.262008   140.458   140.748  8 56922.90351520 11.930
 231 129.643088  63.256360   140.335   142.461  9 56942.73478288 11.922
 232 129.643476  63.255322   141.011   142.113  9 56952.65042731 11.256
 233 129.647190  63.256208   123.351   123.590 10 56962.56607842 12.199
 234 129.633196  63.253631   133.144   132.269  5 56972.48172276  0.897
 235 129.633255  63.253824   130.237   130.201  5 56982.39736449  0.701
 237 129.631006  63.249517   127.447   127.386  3 57002.22863514  1.027
 238 129.649293  63.253358    86.438    84.169  9 57012.14429444 15.731
 239 129.647807  63.253453    81.667    85.870  9 57022.05994581 14.726
 240 129.643554  63.254202    75.930    75.546  9 57031.97559415 17.003
 241 129.645491  63.255955    79.107    75.878  9 57041.89124105 15.986
 242 129.643771  63.255711    75.612    75.374  9 57051.80688528 15.867
 243 129.646276  63.254911    77.731    75.271 11 57061.72252557 14.242
 244 129.647589  63.253959    76.403    74.902 10 57071.63816034 13.854
 245 129.647570  63.253913    77.422    75.602 10 57081.55379093 14.054
 246 129.643837  63.255224    75.812    75.138  9 57091.46943448 14.029
 247 129.680235  63.266419    77.538    77.484  4 57101.38509641 14.266
 248 129.681082  63.267277    77.880    77.931  3 57111.30075078 12.505
 249 129.679998  63.265475    77.648    77.709  3 57121.21639895 12.403
 250 129.673212  63.262120    76.691    77.068  6 57131.13204074 13.376
