# NaN NaN NaN ;Mean Elev.(m), Avg Gradient(m/km), RMS Gradient(m/km) - SRTM1     
#   33.285  -0.141   2.022 ;Mean Elev.(m), Avg Gradient(m/km), RMS Gradient(m/km) - ASTER GDEM
#   26.162   0.589   6.949 ;Mean Elev.(m), Avg Gradient(m/km), RMS Gradient(m/km) - GMTED2010 
   1    49.227 54668.23131283 39.70 125.140951  64.874598 11.609  239.31  245.50  235.28
   1    49.280 54668.23131342 31.87 125.146815  64.873771 31.770  239.31  245.50  235.28
   1    51.268 54668.23131401 27.67 125.152679  64.872944 14.974  239.31  245.50  235.28
   1    52.615 54668.23131460 26.46 125.158543  64.872117 11.752  239.31  245.50  235.28
   1    52.490 54668.23131519 26.84 125.164406  64.871290 12.570  239.31  245.50  235.28
   2    48.989 54678.14695726 34.07 125.142466  64.875077   -100  236.70  236.14  231.34
   2    49.020 54678.14695785 31.36 125.148330  64.874250 30.874  236.70  236.14  231.34
   2    50.726 54678.14695844 29.47 125.154194  64.873423 21.694  236.70  236.14  231.34
   2    52.547 54678.14695903 26.38 125.160058  64.872595 13.372  236.70  236.14  231.34
   2    52.629 54678.14695962 27.27 125.165921  64.871768 12.656  236.70  236.14  231.34
   3    -6.217 54688.06260029 11.52 125.143075  64.876803  2.198  236.75  242.87  231.29
   3    -6.264 54688.06260088 11.60 125.148940  64.875976  2.343  236.75  242.87  231.29
   3    -5.841 54688.06260206 11.90 125.160668  64.874322  1.875  236.75  242.87  231.29
   4    50.665 54697.97824088 56.24 125.138130  64.878953 22.231  231.57  236.32  226.04
   4    50.689 54697.97824147 56.21 125.143996  64.878127 18.808  231.57  236.32  226.04
   4    51.111 54697.97824324 55.91 125.161589  64.875646   -100  231.57  236.32  226.04
   5    -5.554 54707.89388314 10.09 125.137673  64.878392  2.922  224.80  226.17  221.34
   5    -5.261 54707.89388373  9.52 125.143538  64.877566  2.178  224.80  226.17  221.34
   5    -4.961 54707.89388433  9.15 125.149403  64.876739  2.215  224.80  226.17  221.34
   5    -4.428 54707.89388551  9.18 125.161131  64.875086  2.069  224.80  226.17  221.34
   6    51.458 54717.80953540 40.97 125.140162  64.875339 29.985 -100.00 -100.00 -100.00
   6    51.269 54717.80953599 41.86 125.146026  64.874513   -100 -100.00 -100.00 -100.00
   6    51.286 54717.80953658 45.27 125.151889  64.873686  2.723 -100.00 -100.00 -100.00
   6    51.337 54717.80953776 50.24 125.163616  64.872032 10.873 -100.00 -100.00 -100.00
   7    -4.207 54727.72518530 10.84 125.144722  64.871826  1.899 -100.00 -100.00 -100.00
   7    -4.232 54727.72518589 10.83 125.150585  64.870999  2.248 -100.00 -100.00 -100.00
   7    -4.214 54727.72518648 10.70 125.156448  64.870172  2.010 -100.00 -100.00 -100.00
   7    -4.197 54727.72518707 11.09 125.162310  64.869345  2.403 -100.00 -100.00 -100.00
   7    -4.231 54727.72518766 11.06 125.168172  64.868517  2.370 -100.00 -100.00 -100.00
   8    49.790 54737.64083306 33.33 125.145626  64.870578 32.569  221.20  220.40  218.34
   8    51.217 54737.64083366 28.15 125.151488  64.869751 16.130  221.20  220.40  218.34
   8    51.956 54737.64083425 26.92 125.157351  64.868924 11.297  221.20  220.40  218.34
   8    52.141 54737.64083484 28.40 125.163213  64.868096 15.511  221.20  220.40  218.34
   8    49.943 54737.64083543 36.03 125.169074  64.867268   -100  221.20  220.40  218.34
   9    49.136 54747.55647995 30.18 125.142368  64.871901 23.120  228.08  227.43  225.11
   9    49.119 54747.55648054 30.34 125.148231  64.871074 23.341  228.08  227.43  225.11
   9    49.099 54747.55648113 32.20 125.154094  64.870246 27.376  228.08  227.43  225.11
   9    49.019 54747.55648172 35.93 125.159956  64.869419   -100  228.08  227.43  225.11
   9    49.081 54747.55648231 36.04 125.165818  64.868591   -100  228.08  227.43  225.11
  10    48.493 54757.47212714 43.71 125.146331  64.872652   -100  241.84  241.39  241.72
  10    48.570 54757.47212773 45.02 125.152194  64.871825   -100  241.84  241.39  241.72
  10    48.665 54757.47212832 45.50 125.158058  64.870997   -100  241.84  241.39  241.72
  10    48.674 54757.47212891 42.84 125.163920  64.870169   -100  241.84  241.39  241.72
  11    48.178 54767.38777207 45.06 125.147296  64.872791 29.740  246.83  245.75  245.72
  11    47.958 54767.38777266 46.81 125.153159  64.871964   -100  246.83  245.75  245.72
  11    47.817 54767.38777325 51.31 125.159023  64.871136 23.304  246.83  245.75  245.72
  11    47.949 54767.38777384 49.72 125.164886  64.870308  8.623  246.83  245.75  245.72
  12    46.984 54777.30341315 38.96 125.141246  64.872296   -100  242.98  240.55  240.07
  12    47.101 54777.30341374 41.10 125.147110  64.871469  0.226  242.98  240.55  240.07
  12    47.281 54777.30341433 40.73 125.152973  64.870641   -100  242.98  240.55  240.07
  12    47.386 54777.30341492 42.83 125.158837  64.869814   -100  242.98  240.55  240.07
  12    47.450 54777.30341551 42.92 125.164700  64.868986   -100  242.98  240.55  240.07
  13    48.115 54787.21905279 25.13 125.144537  64.870269 10.400  244.81  242.12  239.23
  13    48.190 54787.21905338 24.95 125.150401  64.869442 10.736  244.81  242.12  239.23
  13    48.295 54787.21905397 24.33 125.156264  64.868615 10.918  244.81  242.12  239.23
  13    48.221 54787.21905456 25.10 125.162127  64.867787 12.004  244.81  242.12  239.23
  13    48.010 54787.21905515 26.35 125.167990  64.866959 14.837  244.81  242.12  239.23
  14    48.372 54797.13469110 22.94 125.145791  64.869968  7.386  242.52  239.30  232.69
  14    48.167 54797.13469169 25.50 125.151654  64.869141 12.764  242.52  239.30  232.69
  14    48.146 54797.13469228 24.88 125.157518  64.868314 11.797  242.52  239.30  232.69
  14    48.233 54797.13469287 24.95 125.163380  64.867486 11.573  242.52  239.30  232.69
  14    48.237 54797.13469346 24.22 125.169243  64.866658  9.268  242.52  239.30  232.69
  17    48.665 54826.88161469 18.35 125.141837  64.875794  5.158  237.95  232.89  221.34
  17    48.819 54826.88161528 18.07 125.147702  64.874967  5.186  237.95  232.89  221.34
  17    48.736 54826.88161587 18.63 125.153566  64.874140  5.911  237.95  232.89  221.34
  17    48.584 54826.88161705 18.31 125.165293  64.872486  5.514  237.95  232.89  221.34
  18    48.759 54836.79725436 17.14 125.145877  64.874375  5.660  239.69  234.07  220.01
  18    48.690 54836.79725495 17.07 125.151741  64.873548  4.851  239.69  234.07  220.01
  18    48.951 54836.79725554 16.88 125.157604  64.872721  4.720  239.69  234.07  220.01
  18    48.643 54836.79725613 17.41 125.163467  64.871894  5.006  239.69  234.07  220.01
  19    48.960 54846.71290348 16.20 125.141663  64.874385  4.539 -100.00 -100.00 -100.00
  19    48.873 54846.71290407 15.96 125.147527  64.873558  4.500  240.95  235.84  222.48
  19    48.652 54846.71290466 16.51 125.153391  64.872731  5.103  240.95  235.84  222.48
  19    49.306 54846.71290525 15.92 125.159254  64.871903  4.125  240.95  235.84  222.48
  19    48.655 54846.71290584 16.09 125.165116  64.871076  4.566  240.95  235.84  222.48
  20    48.855 54856.62855249 15.68 125.143484  64.874330  4.476  238.31  232.38  217.33
  20    48.697 54856.62855308 16.10 125.149348  64.873503  4.654  238.31  232.38  217.33
  20    49.273 54856.62855367 15.58 125.155211  64.872675  4.360  238.31  232.38  217.33
  20    49.038 54856.62855426 15.44 125.161074  64.871848  4.377  238.31  232.38  217.33
  20    48.566 54856.62855485 15.89 125.166937  64.871020  4.309  238.31  232.38  217.33
  21    48.496 54866.54420085 15.74 125.139524  64.875935  4.493  234.15  226.47  210.73
  21    49.191 54866.54420144 15.47 125.145388  64.875108  4.897  234.15  226.47  210.73
  21    48.993 54866.54420204 15.61 125.151252  64.874280  4.376  234.15  226.47  210.73
  21    48.769 54866.54420322 15.45 125.162979  64.872625  4.754  234.15  226.47  210.73
  22    48.948 54876.45984936 15.20 125.142000  64.875840  4.788  234.67  225.97  207.92
  22    49.616 54876.45984995 14.76 125.147864  64.875013  3.930  234.67  225.97  207.92
  22    49.673 54876.45985054 14.98 125.153728  64.874185  4.346  234.67  225.97  207.92
  22    48.865 54876.45985172 14.87 125.165455  64.872530  4.037  234.67  225.97  207.92
  23    49.539 54886.37549489 14.54 125.143437  64.874796  4.093 -100.00 -100.00 -100.00
  23    49.372 54886.37549548 14.47 125.149301  64.873969  3.976 -100.00 -100.00 -100.00
  23    49.771 54886.37549607 14.23 125.155165  64.873142  3.992  233.96  225.33  206.96
  23    49.284 54886.37549666 14.53 125.161028  64.872314  3.601  233.96  225.33  206.96
  24    49.824 54896.29113714 13.84 125.145342  64.872417  3.902 -100.00 -100.00 -100.00
  24    49.377 54896.29113773 13.61 125.151205  64.871589  3.823 -100.00 -100.00 -100.00
  24    49.284 54896.29113832 13.85 125.157069  64.870762  4.070 -100.00 -100.00 -100.00
  24    49.388 54896.29113891 13.65 125.162932  64.869934  3.794 -100.00 -100.00 -100.00
  24    49.070 54896.29113950 13.62 125.168794  64.869106  3.454  237.33  228.65  211.47
  25    49.773 54906.20677621 12.73 125.141874  64.871120  3.158  239.68  230.79  214.24
  25    49.265 54906.20677680 12.93 125.147737  64.870293  3.347  239.68  230.79  214.24
  25    49.481 54906.20677739 12.84 125.153600  64.869465  3.561  239.68  230.79  214.24
  25    49.144 54906.20677798 12.96 125.159463  64.868637  3.835  239.68  230.79  214.24
  25    49.302 54906.20677857 12.82 125.165326  64.867810  3.388  239.68  230.79  214.24
  25    49.339 54906.20677916 12.79 125.171188  64.866981  3.379  239.68  230.79  214.24
  26    49.652 54916.12241435 12.60 125.141427  64.871003  2.959  241.11  232.96  214.87
  26    49.345 54916.12241494 13.02 125.147290  64.870176  4.213  241.11  232.96  214.87
  26    49.329 54916.12241553 12.72 125.153153  64.869349  3.131  241.11  232.96  214.87
  26    49.465 54916.12241612 12.65 125.159016  64.868521  3.584  241.11  232.96  214.87
  26    49.167 54916.12241671 12.68 125.164878  64.867693  3.181  241.11  232.96  214.87
  26    49.341 54916.12241730 12.64 125.170740  64.866865  3.063  241.11  232.96  214.87
  27    49.845 54926.03805282 12.06 125.146917  64.871346  3.059 -100.00 -100.00 -100.00
  27    49.772 54926.03805341 12.02 125.152780  64.870519  3.196 -100.00 -100.00 -100.00
  27    49.483 54926.03805400 12.05 125.158643  64.869691  3.101 -100.00 -100.00 -100.00
  27    49.422 54926.03805459 12.09 125.164505  64.868864  3.097 -100.00 -100.00 -100.00
  27    49.544 54926.03805518 11.93 125.170367  64.868036  2.999 -100.00 -100.00 -100.00
  28    50.012 54935.95368966 12.27 125.142831  64.873189  3.881  241.00  231.40  214.58
  28    49.733 54935.95369025 12.01 125.148695  64.872362  3.433  241.00  231.40  214.58
  28    49.377 54935.95369084 12.02 125.154558  64.871535  3.349  241.00  231.40  214.58
  28    49.707 54935.95369143 12.09 125.160421  64.870707  3.216  241.00  231.40  214.58
  28    49.570 54935.95369202 12.10 125.166283  64.869880  3.170  241.00  231.40  214.58
  29    48.398 54945.86932498 26.73 125.142071  64.873811 22.510  251.86  245.13  226.42
  29    48.432 54945.86932557 27.17 125.147935  64.872985 23.178  251.86  245.13  226.42
  29    48.541 54945.86932616 26.42 125.153798  64.872158 19.646  251.86  245.13  226.42
  29    48.498 54945.86932675 26.69 125.159661  64.871330 22.173  251.86  245.13  226.42
  29    48.613 54945.86932734 25.86 125.165524  64.870503 16.402  251.86  245.13  226.42
  30    49.024 54955.78495830 35.66 125.146566  64.872573 27.901 -100.00 -100.00 -100.00
  30    47.550 54955.78495889 41.04 125.152429  64.871747   -100 -100.00 -100.00 -100.00
  30    47.975 54955.78495948 37.59 125.158292  64.870920   -100  252.50  253.51  253.12
  30    48.414 54955.78496007 34.88 125.164154  64.870092 27.163  252.50  253.51  253.12
  31    50.440 54965.70060603 43.08 125.143231  64.871597   -100 -100.00 -100.00 -100.00
  31    50.245 54965.70060662 48.32 125.149094  64.870770 23.009 -100.00 -100.00 -100.00
  31    50.196 54965.70060721 42.97 125.154956  64.869943   -100 -100.00 -100.00 -100.00
  31    50.494 54965.70060780 43.16 125.160819  64.869116   -100 -100.00 -100.00 -100.00
  31    50.364 54965.70060839 44.28 125.166680  64.868289   -100 -100.00 -100.00 -100.00
  32    52.272 54975.61625412 49.22 125.145308  64.871048 18.468 -100.00 -100.00 -100.00
  32    52.313 54975.61625471 41.72 125.151171  64.870222   -100 -100.00 -100.00 -100.00
  32    52.221 54975.61625530 39.77 125.157033  64.869395 31.256  216.02  214.87  212.36
  32    52.291 54975.61625589 38.43 125.162895  64.868567 22.643  216.02  214.87  212.36
  32    52.325 54975.61625648 40.13 125.168757  64.867740 28.739  216.02  214.87  212.36
  33    52.095 54985.53190150 58.40 125.143358  64.872525   -100 -100.00 -100.00 -100.00
  33    52.095 54985.53190209 57.66 125.149221  64.871698   -100 -100.00 -100.00 -100.00
  33    52.104 54985.53190328 58.45 125.160946  64.870043   -100  220.91  223.88  214.61
  33    52.103 54985.53190387 56.51 125.166808  64.869216   -100  220.91  223.88  214.61
  34    52.487 54995.44754888 26.64 125.141375  64.874307 20.062  220.32  225.47  214.52
  34    52.428 54995.44754947 28.26 125.147239  64.873480 28.000  220.32  225.47  214.52
  34    52.696 54995.44755006 28.84 125.153103  64.872653 30.866  220.32  225.47  214.52
  34    52.848 54995.44755065 31.47 125.158966  64.871826   -100  220.32  225.47  214.52
  34    52.886 54995.44755124 33.49 125.164828  64.870999   -100  220.32  225.47  214.52
  35    52.130 55005.36319511 24.65 125.142617  64.874930 13.732 -100.00 -100.00 -100.00
  35    52.418 55005.36319570 24.22 125.148481  64.874103 10.872 -100.00 -100.00 -100.00
  35    52.504 55005.36319629 25.37 125.154344  64.873276 12.624 -100.00 -100.00 -100.00
  35    52.400 55005.36319688 30.38 125.160208  64.872449 29.256 -100.00 -100.00 -100.00
  35    52.469 55005.36319747 31.68 125.166071  64.871621 31.608 -100.00 -100.00 -100.00
  36    50.871 55015.27883926 44.75 125.144164  64.874705   -100  232.23  236.79  227.55
  36    50.878 55015.27883985 42.71 125.150028  64.873878   -100  232.23  236.79  227.55
  36    50.832 55015.27884044 46.35 125.155892  64.873050  1.617  232.23  236.79  227.55
  36    50.822 55015.27884103 48.36 125.161755  64.872223  6.829  232.23  236.79  227.55
  37    50.246 55025.19448156 49.15 125.141089  64.875010 31.866  240.23  240.92  232.72
  37    49.872 55025.19448215 52.10 125.146953  64.874183   -100  240.23  240.92  232.72
  37    49.743 55025.19448274 55.25 125.152817  64.873356   -100  240.23  240.92  232.72
  37    49.724 55025.19448333 54.64 125.158681  64.872529   -100  240.23  240.92  232.72
  37    49.735 55025.19448392 52.03 125.164544  64.871701 23.064  240.23  240.92  232.72
  38    50.714 55035.11012373 27.77 125.141776  64.875578 19.852  239.56  244.63  233.25
  38    51.779 55035.11012432 24.90 125.147640  64.874751 13.030  239.56  244.63  233.25
  38    51.733 55035.11012491 24.99 125.153504  64.873924 13.180  239.56  244.63  233.25
  38    52.639 55035.11012609 25.80 125.165231  64.872268 13.891  239.56  244.63  233.25
  39    48.747 55045.02576517 51.39 125.142737  64.876216 20.163  240.01  242.09  235.16
  39    48.679 55045.02576576 54.37 125.148601  64.875389   -100  240.01  242.09  235.16
  40    49.621 55054.94140451 48.08 125.139412  64.876772   -100 -100.00 -100.00 -100.00
  40    49.601 55054.94140510 52.19 125.145277  64.875945  5.924 -100.00 -100.00 -100.00
  40    49.698 55054.94140569 53.14 125.151141  64.875118  3.624 -100.00 -100.00 -100.00
  40    49.818 55054.94140687 49.49 125.162868  64.873464   -100  233.81  239.11  229.90
  41    49.148 55064.85704234 49.41 125.142783  64.874995  1.946  229.38  231.40  225.49
  41    49.124 55064.85704293 52.47 125.148647  64.874168 24.100  229.38  231.40  225.49
  41    49.107 55064.85704352 54.55 125.154511  64.873341   -100  229.38  231.40  225.49
  41    49.398 55064.85704411 51.79 125.160374  64.872514  0.661  229.38  231.40  225.49
  41    49.398 55064.85704470 49.97 125.166237  64.871687   -100  229.38  231.40  225.49
  42    49.523 55074.77269001 28.93 125.144100  64.872847 15.230  233.40  236.24  229.16
  42    49.292 55074.77269060 30.24 125.149963  64.872020 20.774  233.40  236.24  229.16
  42    51.372 55074.77269120 29.74 125.155826  64.871193 18.064  233.40  236.24  229.16
  42    51.074 55074.77269179 30.27 125.161688  64.870366 17.510  233.40  236.24  229.16
  42    52.521 55074.77269238 29.81 125.167551  64.869538 15.563  233.40  236.24  229.16
  43    49.485 55084.68833826 49.19 125.146536  64.871155   -100  227.19  228.15  225.73
  43    49.198 55084.68833885 51.03 125.152398  64.870328   -100  227.19  228.15  225.73
  43    49.029 55084.68833944 55.37 125.158261  64.869501 31.788  227.19  228.15  225.73
  43    49.281 55084.68834003 54.40 125.164123  64.868674  2.688  227.19  228.15  225.73
  43    49.276 55084.68834062 53.48 125.169984  64.867846  7.794  227.19  228.15  225.73
  44    49.776 55094.60398447 47.30 125.146001  64.871255   -100 -100.00 -100.00 -100.00
  44    49.501 55094.60398506 50.41 125.151864  64.870428 20.486 -100.00 -100.00 -100.00
  44    49.628 55094.60398566 53.22 125.157727  64.869600 11.535 -100.00 -100.00 -100.00
  44    49.759 55094.60398625 53.07 125.163589  64.868772  2.869  225.46  226.04  222.71
  44    49.673 55094.60398684 53.34 125.169450  64.867945 31.712  225.46  226.04  222.71
  45    49.430 55104.51963050 36.72 125.145582  64.871784   -100  226.70  229.14  225.57
  45    49.590 55104.51963109 37.67 125.151445  64.870957   -100  226.70  229.14  225.57
  45    49.968 55104.51963168 38.93 125.157307  64.870129 26.578  226.70  229.14  225.57
  45    49.740 55104.51963228 41.83 125.163170  64.869302   -100  226.70  229.14  225.57
  45    49.685 55104.51963287 45.45 125.169032  64.868474  5.988  226.70  229.14  225.57
  46    50.833 55114.43527596 27.92 125.141524  64.872581 15.357 -100.00 -100.00 -100.00
  46    49.253 55114.43527655 28.54 125.147387  64.871754 17.075 -100.00 -100.00 -100.00
  46    49.242 55114.43527714 28.82 125.153251  64.870927 17.349  229.72  231.61  229.91
  46    51.401 55114.43527773 28.42 125.159114  64.870099 14.713  229.72  231.61  229.91
  46    49.504 55114.43527832 33.24 125.164976  64.869271 25.501  229.72  231.61  229.91
  47    48.654 55124.35091958 45.31 125.143146  64.871879   -100 -100.00 -100.00 -100.00
  47    48.848 55124.35092017 45.10 125.149010  64.871052   -100 -100.00 -100.00 -100.00
  47    48.808 55124.35092076 46.15 125.154873  64.870225   -100  229.22  226.58  226.53
  47    49.088 55124.35092135 48.33 125.160736  64.869397   -100  229.22  226.58  226.53
  47    48.959 55124.35092195 50.13 125.166599  64.868569   -100  229.22  226.58  226.53
  48    47.431 55134.26656028 40.75 125.143061  64.871278   -100 -100.00 -100.00 -100.00
  48    47.460 55134.26656087 42.05 125.148925  64.870451   -100 -100.00 -100.00 -100.00
  48    47.658 55134.26656146 42.16 125.154789  64.869624   -100 -100.00 -100.00 -100.00
  48    47.473 55134.26656205 44.12 125.160652  64.868796   -100  239.01  236.88  236.49
  48    47.749 55134.26656264 42.76 125.166515  64.867969   -100  239.01  236.88  236.49
  49    47.253 55144.18219877 35.04 125.142038  64.871091 21.294 -100.00 -100.00 -100.00
  49    47.218 55144.18219936 36.38 125.147902  64.870264 29.801 -100.00 -100.00 -100.00
  49    47.178 55144.18219995 34.39 125.153766  64.869437 22.896 -100.00 -100.00 -100.00
  49    47.321 55144.18220054 34.10 125.159629  64.868609 20.144 -100.00 -100.00 -100.00
  49    47.007 55144.18220113 35.88 125.165492  64.867782 27.855 -100.00 -100.00 -100.00
  49    47.678 55144.18220172 31.46 125.171354  64.866954 14.864 -100.00 -100.00 -100.00
  50    48.006 55154.09783690 27.42 125.144026  64.871555  9.594  240.06  237.29  233.68
  50    47.899 55154.09783749 26.86 125.149890  64.870728  8.351  240.06  237.29  233.68
  50    51.415 55154.09783808 26.58 125.155753  64.869901  7.544  240.06  237.29  233.68
  50    51.478 55154.09783867 26.58 125.161617  64.869073  7.884  240.06  237.29  233.68
  50    51.775 55154.09783926 26.73 125.167479  64.868245  8.336  240.06  237.29  233.68
  51    48.662 55164.01347551 24.60 125.147346  64.872373  5.221  235.50  231.84  225.87
  51    48.249 55164.01347610 24.51 125.153210  64.871546  5.390  235.50  231.84  225.87
  51    48.163 55164.01347669 24.99 125.159074  64.870719  6.136  235.50  231.84  225.87
  51    48.205 55164.01347728 24.93 125.164937  64.869891  6.642  235.50  231.84  225.87
  52    48.907 55173.92911341 23.23 125.146219  64.874065  4.705  236.54  233.06  225.15
  52    48.102 55173.92911400 23.60 125.152083  64.873238  5.413  236.54  233.06  225.15
  52    48.451 55173.92911460 23.69 125.157947  64.872411  5.266  236.54  233.06  225.15
  52    48.280 55173.92911519 23.41 125.163810  64.871584  5.101  236.54  233.06  225.15
  53    48.722 55183.84475145 22.62 125.141636  64.875542  5.601  235.39  231.79  223.25
  53    48.517 55183.84475204 22.62 125.147501  64.874715  5.643  235.39  231.79  223.25
  53    48.253 55183.84475263 22.72 125.153365  64.873889  6.050  235.39  231.79  223.25
  53    48.569 55183.84475381 22.72 125.165092  64.872234  6.655  235.39  231.79  223.25
  54    49.159 55193.76040262 21.79 125.140822  64.875467  5.110 -100.00 -100.00 -100.00
  54    48.505 55193.76040321 21.83 125.146686  64.874640  4.857 -100.00 -100.00 -100.00
  54    48.122 55193.76040380 22.12 125.152550  64.873813  5.084 -100.00 -100.00 -100.00
  54    48.504 55193.76040498 21.43 125.164277  64.872159  4.421 -100.00 -100.00 -100.00
  55    48.411 55203.67605280 21.04 125.143264  64.875113  4.636 -100.00 -100.00 -100.00
  55    48.421 55203.67605339 21.02 125.149128  64.874286  4.614 -100.00 -100.00 -100.00
  55    47.877 55203.67605398 21.49 125.154992  64.873459  4.515  232.86  228.25  216.60
  55    48.401 55203.67605457 21.13 125.160855  64.872632  4.549  232.86  228.25  216.60
  56    48.007 55213.59170188 21.55 125.142060  64.875760  5.947  232.87  227.40  217.18
  56    48.398 55213.59170247 21.02 125.147924  64.874933  4.840  232.87  227.40  217.18
  56    48.090 55213.59170306 21.18 125.153788  64.874106  5.182  232.87  227.40  217.18
  56    48.488 55213.59170424 21.02 125.165514  64.872451  4.658  232.87  227.40  217.18
  57    48.187 55223.50735059 20.30 125.141708  64.875842  5.522  232.55  227.19  216.57
  57    48.253 55223.50735118 20.28 125.147572  64.875015  6.436  232.55  227.19  216.57
  57    48.097 55223.50735177 20.68 125.153436  64.874188  5.892  232.55  227.19  216.57
  57    48.159 55223.50735295 20.67 125.165162  64.872532  5.638  232.55  227.19  216.57
  58    48.458 55233.42299804 19.43 125.143481  64.874377  5.074  233.05  226.67  215.14
  58    48.389 55233.42299863 19.73 125.149345  64.873549  5.297  233.05  226.67  215.14
  58    48.233 55233.42299922 19.60 125.155209  64.872722  4.761  233.05  226.67  215.14
  58    47.855 55233.42299981 20.24 125.161072  64.871894  6.540  233.05  226.67  215.14
  58    48.059 55233.42300041 20.03 125.166935  64.871066  5.545  233.05  226.67  215.14
  59    48.359 55243.33864253 19.11 125.147072  64.871897  4.923  233.31  226.25  213.45
  59    48.327 55243.33864312 19.54 125.152935  64.871069  5.415  233.31  226.25  213.45
  59    48.520 55243.33864371 19.28 125.158799  64.870242  5.166  233.31  226.25  213.45
  59    48.510 55243.33864431 19.36 125.164661  64.869414  4.808  233.31  226.25  213.45
  60    48.754 55253.25428298 18.21 125.142154  64.870917  4.308 -100.00 -100.00 -100.00
  60    48.787 55253.25428357 18.70 125.148017  64.870090  4.820 -100.00 -100.00 -100.00
  60    48.834 55253.25428416 18.95 125.153880  64.869263  4.694 -100.00 -100.00 -100.00
  60    48.684 55253.25428475 18.98 125.159743  64.868435  4.871 -100.00 -100.00 -100.00
  60    48.614 55253.25428534 19.04 125.165606  64.867607  4.761 -100.00 -100.00 -100.00
  60    48.775 55253.25428593 18.59 125.171468  64.866779  4.475  233.63  226.35  211.83
  61    48.922 55263.16992178 17.28 125.142167  64.870698  4.281 -100.00 -100.00 -100.00
  61    49.780 55263.16992237 17.56 125.148030  64.869871  4.118  237.05  229.87  215.63
  61    49.122 55263.16992296 17.49 125.153893  64.869043  4.018  237.05  229.87  215.63
  61    48.954 55263.16992355 17.72 125.159756  64.868216  4.492  237.05  229.87  215.63
  61    49.079 55263.16992414 17.42 125.165618  64.867388  3.893  237.05  229.87  215.63
  61    48.767 55263.16992473 17.44 125.171480  64.866560  3.631  237.05  229.87  215.63
  62    49.078 55273.08555950 17.21 125.141693  64.872158  4.332 -100.00 -100.00 -100.00
  62    49.087 55273.08556009 17.33 125.147556  64.871331  4.472  238.31  230.06  215.40
  62    48.905 55273.08556068 17.66 125.153420  64.870503  4.966  238.31  230.06  215.40
  62    48.919 55273.08556127 16.82 125.159282  64.869676  3.885  238.31  230.06  215.40
  62    48.673 55273.08556186 17.90 125.165145  64.868848  5.307  238.31  230.06  215.40
  63    48.615 55283.00119715 17.27 125.143348  64.873094  4.647  240.52  232.52  216.81
  63    48.450 55283.00119774 17.99 125.149212  64.872267  5.847  240.52  232.52  216.81
  63    48.874 55283.00119833 17.21 125.155075  64.871440  4.732  240.52  232.52  216.81
  63    48.782 55283.00119892 17.14 125.160938  64.870612  4.539  240.52  232.52  216.81
  63    48.590 55283.00119951 17.52 125.166800  64.869784  4.990  240.52  232.52  216.81
  64    48.466 55292.91683365 16.78 125.145326  64.872758  4.803 -100.00 -100.00 -100.00
  64    48.904 55292.91683424 16.62 125.151189  64.871931  4.018 -100.00 -100.00 -100.00
  64    48.887 55292.91683483 16.92 125.157052  64.871104  4.679 -100.00 -100.00 -100.00
  64    48.832 55292.91683542 16.92 125.162915  64.870277  4.603 -100.00 -100.00 -100.00
  64    48.724 55292.91683601 16.88 125.168777  64.869449  4.153 -100.00 -100.00 -100.00
  66    47.771 55312.74811736 21.84 125.143360  64.870808  9.907  237.82  227.89  213.69
  66    47.621 55312.74811795 23.84 125.149222  64.869981 14.672  237.82  227.89  213.69
  66    47.565 55312.74811854 22.76 125.155085  64.869154 12.087  237.82  227.89  213.69
  66    51.814 55312.74811913 22.63 125.160947  64.868327 12.118  237.82  227.89  213.69
  66    47.979 55312.74811973 22.73 125.166808  64.867500 11.319  237.82  227.89  213.69
  67    47.769 55322.66376302 41.88 125.146003  64.870771   -100  254.72  254.97  254.71
  67    47.611 55322.66376361 43.16 125.151866  64.869944   -100  254.72  254.97  254.71
  67    47.854 55322.66376420 45.29 125.157728  64.869117   -100  254.72  254.97  254.71
  67    47.721 55322.66376479 44.94 125.163589  64.868289   -100  254.72  254.97  254.71
  67    47.358 55322.66376538 43.59 125.169451  64.867462   -100  254.72  254.97  254.71
  68    47.897 55332.57940705 40.18 125.146002  64.872153   -100  248.40  249.33  248.17
  68    47.896 55332.57940764 40.15 125.151864  64.871326   -100  248.40  249.33  248.17
  68    48.012 55332.57940823 35.96 125.157727  64.870498 31.475  248.40  249.33  248.17
  68    47.922 55332.57940882 38.64 125.163589  64.869671   -100  248.40  249.33  248.17
  68    53.636 55332.57940941 34.09 125.169450  64.868843 17.766  248.40  249.33  248.17
  69    54.723 55342.49505082 41.94 125.143953  64.873744   -100  216.23  219.42  215.80
  69    54.740 55342.49505141 42.82 125.149816  64.872917   -100  216.23  219.42  215.80
  69    54.816 55342.49505200 44.38 125.155679  64.872089   -100  216.23  219.42  215.80
  69    54.898 55342.49505259 42.60 125.161542  64.871262   -100  216.23  219.42  215.80
  69    55.004 55342.49505318 44.34 125.167404  64.870434   -100  216.23  219.42  215.80
  70    51.297 55352.41069446 34.41 125.142897  64.874236 12.949  221.13  221.97  217.31
  70    51.399 55352.41069505 36.86 125.148760  64.873409 17.453  221.13  221.97  217.31
  70    51.402 55352.41069564 36.40 125.154624  64.872582 17.046  221.13  221.97  217.31
  70    51.451 55352.41069623 41.05 125.160487  64.871754   -100  221.13  221.97  217.31
  70    51.471 55352.41069682 40.81 125.166349  64.870927 26.877  221.13  221.97  217.31
  71    52.162 55362.32633608 24.22 125.143013  64.874209 11.536 -100.00 -100.00 -100.00
  71    52.213 55362.32633667 24.58 125.148877  64.873382 12.326 -100.00 -100.00 -100.00
  71    52.543 55362.32633727 26.98 125.154741  64.872555 16.555 -100.00 -100.00 -100.00
  71    52.353 55362.32633786 31.09 125.160604  64.871727 25.926 -100.00 -100.00 -100.00
  71    52.890 55362.32633845 28.74 125.166466  64.870900 21.039  230.85  235.20  224.86
  72    50.124 55372.24197564 34.09 125.142329  64.874594   -100  231.94  233.94  228.06
  72    51.286 55372.24197623 26.66 125.148193  64.873767 15.021  231.94  233.94  228.06
  72    52.379 55372.24197682 26.21 125.154056  64.872940 13.283  231.94  233.94  228.06
  72    52.367 55372.24197741 30.51 125.159920  64.872112 22.767  231.94  233.94  228.06
  72    51.726 55372.24197800 31.12 125.165783  64.871285 25.403  231.94  233.94  228.06
  74    50.867 55392.07325186 55.52 125.147389  64.876182 29.137 -100.00 -100.00 -100.00
  74    50.955 55392.07325363 54.32 125.164981  64.873700 16.837  237.94  239.84  229.62
  75    50.023 55401.98888733 27.42 125.140748  64.877557 17.158  245.34  256.10  249.22
  75    49.916 55401.98888792 27.98 125.146613  64.876730 19.859  245.34  256.10  249.22
  75    52.664 55401.98888969 33.17 125.164205  64.874249 26.950  245.34  256.10  249.22
  76    48.678 55411.90453800 33.61 125.140020  64.875771   -100 -100.00 -100.00 -100.00
  76    48.672 55411.90453859 30.95 125.145884  64.874944 25.767 -100.00 -100.00 -100.00
  76    50.890 55411.90453918 29.45 125.151748  64.874118 18.703  236.59  239.51  233.17
  76    48.856 55411.90454036 32.96 125.163475  64.872463 26.208  236.59  239.51  233.17
  77    51.780 55421.82018816 23.25 125.143688  64.872419  9.638  228.18  229.07  224.76
  77    51.192 55421.82018875 25.11 125.149551  64.871592 13.296  228.18  229.07  224.76
  77    51.775 55421.82018935 25.74 125.155414  64.870765 14.879  228.18  229.07  224.76
  77    51.188 55421.82018994 27.52 125.161276  64.869938 19.204  228.18  229.07  224.76
  77    52.314 55421.82019053 30.71 125.167138  64.869110 26.714  228.18  229.07  224.76
  78    50.929 55431.73583522 27.73 125.145145  64.870271 14.928  234.85  239.21  231.95
  78    51.726 55431.73583582 28.05 125.151008  64.869444 16.850  234.85  239.21  231.95
  78    51.983 55431.73583641 26.05 125.156870  64.868617 12.122  234.85  239.21  231.95
  78    52.053 55431.73583700 26.94 125.162732  64.867790 12.340  234.85  239.21  231.95
  78    52.634 55431.73583759 28.56 125.168593  64.866962 17.122  234.85  239.21  231.95
  79    51.968 55441.65147947 25.53 125.141759  64.871055 13.404  232.71  235.11  234.99
  79    51.960 55441.65148006 25.23 125.147621  64.870228 10.746  232.71  235.11  234.99
  79    51.977 55441.65148065 24.21 125.153484  64.869401 10.293  232.71  235.11  234.99
  79    52.297 55441.65148124 24.95 125.159346  64.868573 10.997  232.71  235.11  234.99
  79    52.669 55441.65148183 24.51 125.165208  64.867746 10.574  232.71  235.11  234.99
  79    52.948 55441.65148242 26.53 125.171069  64.866918 12.299  232.71  235.11  234.99
  80    49.847 55451.56712276 48.41 125.145134  64.872079   -100  224.34  222.67  219.90
  80    49.440 55451.56712335 52.60 125.150997  64.871252 20.025  224.34  222.67  219.90
  80    49.590 55451.56712394 54.10 125.156860  64.870424  7.374  224.34  222.67  219.90
  80    49.653 55451.56712453 53.78 125.162722  64.869597 11.435  224.34  222.67  219.90
  80    49.591 55451.56712512 54.54 125.168584  64.868769 29.966  224.34  222.67  219.90
  81    48.801 55461.48276484 31.76 125.143607  64.873518 32.724  224.87  224.16  222.70
  81    50.408 55461.48276543 27.66 125.149471  64.872690 16.538  224.87  224.16  222.70
  81    51.545 55461.48276602 26.66 125.155334  64.871863 15.186  224.87  224.16  222.70
  81    51.620 55461.48276661 26.81 125.161197  64.871036 13.902  224.87  224.16  222.70
  81    49.106 55461.48276720 32.21 125.167060  64.870208 29.278  224.87  224.16  222.70
  82    47.900 55471.39840602 33.30 125.146146  64.872547 31.863  232.02  231.14  229.78
  82    48.166 55471.39840661 35.58 125.152010  64.871719   -100  232.02  231.14  229.78
  82    48.188 55471.39840720 36.58 125.157873  64.870892   -100  232.02  231.14  229.78
  82    48.310 55471.39840779 38.93 125.163736  64.870065   -100  232.02  231.14  229.78
  83    47.563 55481.31404365 30.19 125.141606  64.871714 17.859 -100.00 -100.00 -100.00
  83    47.762 55481.31404424 28.97 125.147470  64.870888 13.376 -100.00 -100.00 -100.00
  83    47.776 55481.31404483 28.50 125.153334  64.870060 13.273  239.26  237.34  235.93
  83    47.773 55481.31404542 29.62 125.159197  64.869233 15.154  239.26  237.34  235.93
  83    47.924 55481.31404601 29.40 125.165060  64.868406 16.369  239.26  237.34  235.93
  83    47.928 55481.31404660 29.47 125.170923  64.867578 16.242  239.26  237.34  235.93
  84    47.254 55491.22967956 39.93 125.143587  64.870473   -100  248.47  246.88  246.40
  84    47.374 55491.22968015 40.32 125.149451  64.869646   -100  248.47  246.88  246.40
  84    47.089 55491.22968074 42.41 125.155314  64.868819   -100  248.47  246.88  246.40
  84    47.252 55491.22968133 44.40 125.161178  64.867991  4.609  248.47  246.88  246.40
  84    47.372 55491.22968192 44.11 125.167040  64.867164   -100  248.47  246.88  246.40
  85    48.571 55501.14531319 33.74 125.143380  64.871625 25.766 -100.00 -100.00 -100.00
  85    48.274 55501.14531378 31.77 125.149244  64.870799 22.874  245.15  243.69  242.38
  85    48.316 55501.14531437 33.67 125.155108  64.869972 30.671  245.15  243.69  242.38
  85    48.388 55501.14531496 29.05 125.160971  64.869144 14.388  245.15  243.69  242.38
  85    48.447 55501.14531555 28.60 125.166834  64.868317 12.030  245.15  243.69  242.38
  86    47.358 55511.06095630 22.68 125.141834  64.873832  7.169 -100.00 -100.00 -100.00
  86    47.429 55511.06095689 23.29 125.147699  64.873005  7.352  250.21  248.77  246.86
  86    47.619 55511.06095748 22.96 125.153563  64.872179  7.269  250.21  248.77  246.86
  86    47.666 55511.06095807 23.40 125.159427  64.871351  8.766  250.21  248.77  246.86
  86    47.725 55511.06095866 23.27 125.165290  64.870524  7.201  250.21  248.77  246.86
  87    47.572 55520.97660612 21.10 125.143663  64.874959  7.526  245.94  243.49  240.17
  87    47.703 55520.97660671 21.49 125.149528  64.874133  7.821  245.94  243.49  240.17
  87    47.870 55520.97660730 21.03 125.155392  64.873305  6.854  245.94  243.49  240.17
  87    47.751 55520.97660789 21.97 125.161256  64.872478  8.744  245.94  243.49  240.17
  88    47.649 55530.89225471 20.20 125.143383  64.875170  6.000  241.48  238.09  232.68
  88    47.945 55530.89225530 19.90 125.149248  64.874343  5.936  241.48  238.09  232.68
  88    47.704 55530.89225589 20.81 125.155112  64.873516  7.709  241.48  238.09  232.68
  88    47.786 55530.89225648 20.83 125.160975  64.872689  7.722  241.48  238.09  232.68
  89    47.730 55540.80790161 19.10 125.142248  64.874513  6.428 -100.00 -100.00 -100.00
  89    47.965 55540.80790220 19.24 125.148112  64.873686  6.305 -100.00 -100.00 -100.00
  89    47.893 55540.80790280 19.43 125.153976  64.872859  5.978 -100.00 -100.00 -100.00
  89    47.760 55540.80790339 20.50 125.159839  64.872031  8.887 -100.00 -100.00 -100.00
  89    48.069 55540.80790398 19.25 125.165702  64.871204  6.473 -100.00 -100.00 -100.00
  90    47.645 55550.72354646 18.57 125.142321  64.873998  6.620 -100.00 -100.00 -100.00
  90    48.034 55550.72354705 18.29 125.148185  64.873171  5.799 -100.00 -100.00 -100.00
  90    47.827 55550.72354764 18.18 125.154048  64.872344  5.819 -100.00 -100.00 -100.00
  90    48.061 55550.72354823 17.94 125.159912  64.871517  5.290 -100.00 -100.00 -100.00
  90    47.994 55550.72354882 18.16 125.165774  64.870689  5.887  239.03  234.10  221.49
  91    47.792 55560.63918967 16.75 125.142868  64.874504  4.688 -100.00 -100.00 -100.00
  91    47.917 55560.63919026 17.06 125.148732  64.873677  5.297  242.58  237.50  225.18
  91    48.078 55560.63919085 16.87 125.154596  64.872849  4.748  242.58  237.50  225.18
  91    48.123 55560.63919144 16.94 125.160459  64.872022  5.118  242.58  237.50  225.18
  91    48.016 55560.63919203 17.31 125.166322  64.871194  5.577  242.58  237.50  225.18
  93    48.757 55580.47047301 15.38 125.140838  64.876499  4.121  238.75  231.88  216.06
  93    48.176 55580.47047360 15.76 125.146703  64.875672  4.918  238.75  231.88  216.06
  93    48.649 55580.47047419 15.81 125.152567  64.874845  4.561  238.75  231.88  216.06
  93    48.116 55580.47047537 15.81 125.164295  64.873190  4.536  238.75  231.88  216.06
  94    48.451 55590.38611205 14.68 125.146000  64.874176  4.326 -100.00 -100.00 -100.00
  94    48.807 55590.38611264 14.89 125.151864  64.873349  4.198  238.54  231.51  215.24
  94    48.180 55590.38611323 15.12 125.157728  64.872521  4.972  238.54  231.51  215.24
  94    48.207 55590.38611382 14.73 125.163592  64.871694  4.195  238.54  231.51  215.24
  95    49.032 55600.30174758 13.86 125.146745  64.871576  4.083  235.66  226.63  208.95
  95    48.601 55600.30174817 13.69 125.152609  64.870749  3.794  235.66  226.63  208.95
  95    48.657 55600.30174876 14.02 125.158473  64.869922  4.489  235.66  226.63  208.95
  95    48.715 55600.30174935 13.67 125.164336  64.869094  3.697  235.66  226.63  208.95
  95    48.236 55600.30174994 14.23 125.170199  64.868267  4.529  235.66  226.63  208.95
  96    49.539 55610.21738065 13.80 125.145865  64.870301  3.879 -100.00 -100.00 -100.00
  96    49.054 55610.21738124 13.70 125.151729  64.869474  3.670 -100.00 -100.00 -100.00
  96    48.815 55610.21738183 13.98 125.157592  64.868647  4.376 -100.00 -100.00 -100.00
  96    48.598 55610.21738242 14.30 125.163455  64.867820  4.707 -100.00 -100.00 -100.00
  96    48.894 55610.21738301 13.63 125.169318  64.866993  3.644 -100.00 -100.00 -100.00
  97    49.441 55620.13301208 13.03 125.143049  64.871832  4.001 -100.00 -100.00 -100.00
  97    49.372 55620.13301268 12.82 125.148913  64.871006  3.930 -100.00 -100.00 -100.00
  97    49.037 55620.13301327 13.19 125.154777  64.870179  3.978 -100.00 -100.00 -100.00
  97    48.764 55620.13301386 13.53 125.160640  64.869352  4.230 -100.00 -100.00 -100.00
  97    48.703 55620.13301445 13.39 125.166503  64.868525  4.221 -100.00 -100.00 -100.00
  98    48.950 55630.04866321 12.85 125.144441  64.873565  4.126  241.12  232.23  214.29
  98    49.292 55630.04866380 12.47 125.150305  64.872739  3.275  241.12  232.23  214.29
  98    49.172 55630.04866439 12.85 125.156169  64.871912  3.313  241.12  232.23  214.29
  98    48.649 55630.04866498 12.56 125.162032  64.871084  3.262  241.12  232.23  214.29
  99    49.619 55639.96431397 12.19 125.142656  64.874870  3.467  240.65  230.66  211.58
  99    49.749 55639.96431456 12.13 125.148520  64.874043  3.916  240.65  230.66  211.58
  99    49.509 55639.96431515 12.14 125.154384  64.873216  3.487  240.65  230.66  211.58
  99    49.583 55639.96431574 12.52 125.160247  64.872389  3.687  240.65  230.66  211.58
  99    48.556 55639.96431633 12.31 125.166110  64.871561  4.058  240.65  230.66  211.58
 100    49.568 55649.87996283 11.58 125.144894  64.873412  3.253 -100.00 -100.00 -100.00
 100    49.658 55649.87996342 11.60 125.150757  64.872585  2.959 -100.00 -100.00 -100.00
 100    49.449 55649.87996401 11.74 125.156620  64.871758  3.332 -100.00 -100.00 -100.00
 100    49.503 55649.87996460 11.94 125.162483  64.870930  3.731 -100.00 -100.00 -100.00
 101    49.889 55659.79560808 10.68 125.144057  64.870967  3.106  245.13  236.73  219.43
 101    49.752 55659.79560867 10.80 125.149919  64.870140  3.087  245.13  236.73  219.43
 101    49.651 55659.79560926 10.88 125.155782  64.869313  3.372  245.13  236.73  219.43
 101    49.774 55659.79560986 10.85 125.161644  64.868486  3.120  245.13  236.73  219.43
 101    49.449 55659.79561045 11.01 125.167506  64.867659  3.509  245.13  236.73  219.43
 102    48.025 55669.71124938 17.25 125.140737  64.870063 12.751  252.96  251.32  246.47
 102    48.612 55669.71124997 15.34 125.146600  64.869236 10.266  252.96  251.32  246.47
 102    48.057 55669.71125056 18.72 125.152462  64.868409 15.791  252.96  251.32  246.47
 102    48.049 55669.71125115 18.63 125.158324  64.867582 14.288  252.96  251.32  246.47
 102    47.919 55669.71125174 18.17 125.164185  64.866754 12.362  252.96  251.32  246.47
 102    47.783 55669.71125234 17.31 125.170046  64.865927 13.033  252.96  251.32  246.47
 103    49.472 55679.62688914 34.25 125.144623  64.870739 26.017  256.61  252.94  245.07
 103    49.356 55679.62688973 31.47 125.150486  64.869912 16.790  256.61  252.94  245.07
 103    48.688 55679.62689032 32.48 125.156348  64.869085 21.763  256.61  252.94  245.07
 103    48.096 55679.62689091 33.86 125.162210  64.868257 30.400  256.61  252.94  245.07
 103    48.486 55679.62689150 29.63 125.168071  64.867430 12.749  256.61  252.94  245.07
 104    47.158 55689.54252627 39.07 125.142995  64.873874   -100  250.71  250.82  248.97
 104    47.187 55689.54252686 40.50 125.148859  64.873048   -100  250.71  250.82  248.97
 104    47.499 55689.54252745 39.24 125.154722  64.872221   -100  250.71  250.82  248.97
 104    47.513 55689.54252804 41.27 125.160585  64.871393   -100  250.71  250.82  248.97
 104    47.728 55689.54252863 36.70 125.166447  64.870566 30.000  250.71  250.82  248.97
 105    52.280 55699.45816219 51.67 125.143855  64.876068   -100  228.84  227.24  226.42
 105    52.401 55699.45816278 50.01 125.149720  64.875241   -100  228.84  227.24  226.42
 105    52.487 55699.45816396 50.30 125.161447  64.873587   -100  228.84  227.24  226.42
 106    50.886 55709.37380008 29.14 125.142175  64.876704 16.465 -100.00 -100.00 -100.00
 106    51.980 55709.37380067 27.82 125.148040  64.875877 14.212 -100.00 -100.00 -100.00
 107    51.769 55719.28945047 23.25 125.140524  64.875564 10.738 -100.00 -100.00 -100.00
 107    51.842 55719.28945106 23.93 125.146389  64.874737 12.433 -100.00 -100.00 -100.00
 107    52.214 55719.28945165 24.54 125.152253  64.873910 10.844 -100.00 -100.00 -100.00
 107    52.339 55719.28945283 30.71 125.163980  64.872256 29.212  225.86  225.95  221.53
 108    51.222 55729.20509880 55.96 125.142258  64.874517 25.802  230.24  228.93  223.15
 108    51.220 55729.20509939 55.80 125.148122  64.873690 24.352  230.24  228.93  223.15
 108    51.197 55729.20509998 55.85 125.153986  64.872863   -100  230.24  228.93  223.15
 108    51.190 55729.20510057 56.83 125.159849  64.872036   -100  230.24  228.93  223.15
 108    51.179 55729.20510116 54.96 125.165713  64.871208   -100  230.24  228.93  223.15
 109    49.885 55739.12074580 32.93 125.145018  64.874454 23.407 -100.00 -100.00 -100.00
 109    49.949 55739.12074639 33.97 125.150882  64.873627 24.720 -100.00 -100.00 -100.00
 109    49.759 55739.12074698 34.93 125.156746  64.872800 26.902  232.24  234.16  226.48
 109    49.960 55739.12074757 37.79 125.162609  64.871973   -100  232.24  234.16  226.48
 110    49.213 55749.03639113 50.41 125.143541  64.875466   -100  237.43  240.83  235.73
 110    49.313 55749.03639172 55.16 125.149405  64.874639   -100  237.43  240.83  235.73
 110    49.325 55749.03639231 49.63 125.155269  64.873812   -100  237.43  240.83  235.73
 110    49.400 55749.03639290 51.79 125.161132  64.872985   -100  237.43  240.83  235.73
 111    49.437 55758.95203419 30.20 125.142183  64.875693 14.656  241.88  247.19  234.24
 111    49.240 55758.95203478 29.52 125.148047  64.874866 12.587  241.88  247.19  234.24
 111    49.343 55758.95203538 30.51 125.153911  64.874039 13.984  241.88  247.19  234.24
 111    51.413 55758.95203656 34.13 125.165637  64.872384 22.055  241.88  247.19  234.24
 112    48.368 55768.86767492 47.59 125.144532  64.874079   -100 -100.00 -100.00 -100.00
 112    48.079 55768.86767551 52.66 125.150395  64.873252  9.230 -100.00 -100.00 -100.00
 112    48.175 55768.86767610 54.57 125.156259  64.872425  9.687 -100.00 -100.00 -100.00
 112    48.173 55768.86767669 53.29 125.162121  64.871598 12.460 -100.00 -100.00 -100.00
 113    48.818 55778.78331196 45.60 125.141588  64.872315   -100 -100.00 -100.00 -100.00
 113    49.206 55778.78331255 44.31 125.147451  64.871488 29.412 -100.00 -100.00 -100.00
 113    48.774 55778.78331314 46.74 125.153314  64.870661  3.728 -100.00 -100.00 -100.00
 113    48.693 55778.78331373 48.49 125.159177  64.869834 12.084 -100.00 -100.00 -100.00
 113    49.030 55778.78331432 48.84 125.165039  64.869006   -100 -100.00 -100.00 -100.00
 114    50.928 55788.69894708 29.00 125.145842  64.870411 13.188 -100.00 -100.00 -100.00
 114    49.915 55788.69894767 29.55 125.151705  64.869584 13.175  231.21  235.34  226.98
 114    50.071 55788.69894826 32.46 125.157567  64.868757 19.108  231.21  235.34  226.98
 114    49.868 55788.69894886 35.13 125.163429  64.867930   -100  231.21  235.34  226.98
 114    50.191 55788.69894945 33.56 125.169291  64.867102 23.180  231.21  235.34  226.98
 115    49.150 55798.61458020 49.72 125.144845  64.871483  8.641  230.18  232.42  230.36
 115    49.354 55798.61458079 52.39 125.150708  64.870656   -100  230.18  232.42  230.36
 115    49.148 55798.61458138 55.84 125.156571  64.869829   -100  230.18  232.42  230.36
 115    49.095 55798.61458197 55.31 125.162434  64.869002 29.385  230.18  232.42  230.36
 115    49.422 55798.61458256 52.49 125.168296  64.868175   -100  230.18  232.42  230.36
 116    48.458 55808.53022528 48.53 125.145552  64.873093   -100 -100.00 -100.00 -100.00
 116    48.679 55808.53022587 52.89 125.151415  64.872266   -100 -100.00 -100.00 -100.00
 116    48.431 55808.53022646 55.92 125.157279  64.871439   -100 -100.00 -100.00 -100.00
 116    48.640 55808.53022705 53.75 125.163142  64.870612  7.772 -100.00 -100.00 -100.00
 117    49.171 55818.44587371 28.49 125.142093  64.874972 18.445  228.66  229.65  226.35
 117    50.874 55818.44587430 26.92 125.147958  64.874145 15.417  228.66  229.65  226.35
 117    51.238 55818.44587489 27.92 125.153822  64.873318 14.436  228.66  229.65  226.35
 117    49.391 55818.44587548 31.09 125.159685  64.872491 22.465  228.66  229.65  226.35
 117    49.217 55818.44587607 33.72 125.165549  64.871663   -100  228.66  229.65  226.35
 118    49.312 55828.36151897 27.88 125.146296  64.873897 20.370 -100.00 -100.00 -100.00
 118    51.560 55828.36151956 25.16 125.152161  64.873071 13.488 -100.00 -100.00 -100.00
 118    51.467 55828.36152015 28.19 125.158025  64.872244 20.607 -100.00 -100.00 -100.00
 118    51.834 55828.36152074 27.33 125.163888  64.871416 17.057 -100.00 -100.00 -100.00
 119    49.076 55838.27715928 29.77 125.143869  64.872437 21.421 -100.00 -100.00 -100.00
 119    49.043 55838.27715987 28.88 125.149733  64.871610 18.532 -100.00 -100.00 -100.00
 119    48.777 55838.27716046 28.94 125.155597  64.870783 19.698 -100.00 -100.00 -100.00
 119    48.918 55838.27716105 28.55 125.161461  64.869956 15.327  230.12  228.96  229.00
 119    49.119 55838.27716164 32.84 125.167324  64.869129 25.151  230.12  228.96  229.00
 120    47.757 55848.19279698 28.80 125.145788  64.870665 15.811  233.76  232.60  230.30
 120    47.756 55848.19279757 28.67 125.151652  64.869838 17.174  233.76  232.60  230.30
 120    48.117 55848.19279816 28.08 125.157516  64.869011 14.847  233.76  232.60  230.30
 120    48.000 55848.19279875 28.39 125.163379  64.868184 16.724  233.76  232.60  230.30
 120    48.027 55848.19279934 26.82 125.169242  64.867356 12.504  233.76  232.60  230.30
 121    47.736 55858.10843203 41.21 125.144260  64.871957   -100  244.55  244.06  241.45
 121    47.519 55858.10843262 42.56 125.150124  64.871130   -100  244.55  244.06  241.45
 121    47.592 55858.10843321 45.88 125.155988  64.870304 11.019  244.55  244.06  241.45
 121    47.705 55858.10843380 49.95 125.161851  64.869476 26.260  244.55  244.06  241.45
 121    47.847 55858.10843439 43.36 125.167715  64.868649   -100  244.55  244.06  241.45
 122    47.449 55868.02407852 38.62 125.144875  64.874161   -100  244.30  241.38  238.73
 122    47.427 55868.02407911 37.27 125.150739  64.873334   -100  244.30  241.38  238.73
 122    47.142 55868.02407970 41.74 125.156603  64.872507  8.401  244.30  241.38  238.73
 122    47.132 55868.02408029 39.76 125.162467  64.871680  3.981  244.30  241.38  238.73
 123    49.064 55877.93972961 18.42 125.138540  64.876977  5.737  244.45  242.29  238.21
 123    49.929 55877.93973020 18.46 125.144405  64.876150  5.925  244.45  242.29  238.21
 123    49.233 55877.93973079 19.30 125.150270  64.875323  6.986  244.45  242.29  238.21
 123    48.553 55877.93973197 18.83 125.161999  64.873669  5.686  244.45  242.29  238.21
 133    50.015 55977.09615987 14.04 125.142497  64.871650  4.303  235.95  224.65  202.38
 133    49.479 55977.09616046 14.18 125.148360  64.870823  4.046  235.95  224.65  202.38
 133    49.449 55977.09616105 14.32 125.154224  64.869996  4.374  235.95  224.65  202.38
 133    49.315 55977.09616164 14.47 125.160087  64.869169  4.030  235.95  224.65  202.38
 133    49.036 55977.09616223 14.11 125.165950  64.868341  3.866  235.95  224.65  202.38
 134    49.763 55987.01179635 13.59 125.145550  64.873142  3.662 -100.00 -100.00 -100.00
 134    49.821 55987.01179694 13.70 125.151414  64.872315  3.747 -100.00 -100.00 -100.00
 134    49.330 55987.01179753 13.65 125.157278  64.871488  4.104 -100.00 -100.00 -100.00
 134    48.813 55987.01179812 13.98 125.163141  64.870661  4.426  235.48  222.86  199.18
 135    50.037 55996.92743415 12.52 125.142568  64.874767  3.412 -100.00 -100.00 -100.00
 135    49.666 55996.92743474 12.66 125.148432  64.873940  3.578 -100.00 -100.00 -100.00
 135    49.624 55996.92743533 12.86 125.154296  64.873113  3.858  233.73  221.17  198.84
 135    49.430 55996.92743592 12.99 125.160160  64.872286  4.435  233.73  221.17  198.84
 135    49.340 55996.92743651 13.15 125.166023  64.871459  3.828  233.73  221.17  198.84
 136    49.842 56006.84308617 13.04 125.146569  64.873240  4.297  236.47  223.99  200.89
 136    49.557 56006.84308676 13.18 125.152432  64.872413  4.111  236.47  223.99  200.89
 136    48.955 56006.84308735 13.86 125.158295  64.871586  5.114  236.47  223.99  200.89
 136    48.918 56006.84308794 13.26 125.164158  64.870759  3.731  236.47  223.99  200.89
 137    49.804 56016.75873364 13.11 125.145937  64.871554  4.333  236.25  222.39  199.18
 137    49.698 56016.75873423 12.98 125.151800  64.870727  4.559  236.25  222.39  199.18
 137    49.712 56016.75873482 13.02 125.157662  64.869900  4.286  236.25  222.39  199.18
 137    49.832 56016.75873541 12.67 125.163524  64.869072  3.542  236.25  222.39  199.18
 137    49.296 56016.75873600 12.91 125.169386  64.868245  3.919  236.25  222.39  199.18
 139    49.949 56036.59002076 12.26 125.145334  64.871748  4.032  245.09  234.61  215.29
 139    49.903 56036.59002135 12.38 125.151196  64.870921  3.957  245.09  234.61  215.29
 139    49.528 56036.59002194 12.65 125.157059  64.870094  4.458  245.09  234.61  215.29
 139    49.858 56036.59002253 12.50 125.162921  64.869267  3.672  245.09  234.61  215.29
 139    49.716 56036.59002312 12.39 125.168782  64.868439  3.670  245.09  234.61  215.29
 141    47.528 56056.42129882 43.74 125.142094  64.876192   -100 -100.00 -100.00 -100.00
 141    47.256 56056.42129941 47.05 125.147958  64.875365  7.960 -100.00 -100.00 -100.00
 141    47.680 56056.42130000 46.50 125.153822  64.874538   -100 -100.00 -100.00 -100.00
 141    47.912 56056.42130119 41.55 125.165549  64.872883   -100 -100.00 -100.00 -100.00
 142    53.924 56066.33693234 47.11 125.140719  64.877260   -100  223.36  220.95  221.19
 142    53.780 56066.33693293 47.02 125.146583  64.876434   -100  223.36  220.95  221.19
 142    54.051 56066.33693470 48.78 125.164176  64.873953   -100  223.36  220.95  221.19
 143    52.907 56076.25257987 37.89 125.142797  64.876110 23.339  214.32  215.81  209.82
 143    52.922 56076.25258046 38.35 125.148662  64.875284 20.100  214.32  215.81  209.82
 143    53.146 56076.25258164 39.82 125.160390  64.873630 26.522  214.32  215.81  209.82
 144    52.288 56086.16822923 23.38 125.144586  64.875006  9.034  222.02  227.01  222.36
 144    52.477 56086.16822982 24.95 125.150450  64.874179 11.149  222.02  227.01  222.36
 144    52.604 56086.16823041 29.07 125.156314  64.873352 22.069  222.02  227.01  222.36
 144    52.283 56086.16823101 32.39 125.162177  64.872525 30.517  222.02  227.01  222.36
 145    51.538 56096.08387557 56.08 125.140161  64.875285   -100  234.93  244.22  234.57
 145    51.546 56096.08387616 56.71 125.146026  64.874458   -100  234.93  244.22  234.57
 145    51.549 56096.08387675 57.53 125.151889  64.873631   -100  234.93  244.22  234.57
 145    51.584 56096.08387793 55.29 125.163616  64.871976 26.033  234.93  244.22  234.57
 146    50.581 56105.99952028 55.80 125.140654  64.875110  7.059 -100.00 -100.00 -100.00
 146    50.691 56105.99952087 52.09 125.146518  64.874283   -100 -100.00 -100.00 -100.00
 146    50.621 56105.99952146 58.08 125.152382  64.873456 28.748  235.57  243.67  232.17
 146    50.578 56105.99952264 54.23 125.164108  64.871802   -100  235.57  243.67  232.17
 147    51.186 56115.91515058 56.85 125.141183  64.874363   -100  227.07  227.50  221.93
 147    51.086 56115.91515117 58.04 125.147047  64.873536 20.578  227.07  227.50  221.93
 147    51.084 56115.91515176 58.97 125.152910  64.872709 32.706  227.07  227.50  221.93
 148    50.080 56125.83078911 55.17 125.145594  64.872968  8.708  227.81  231.07  224.37
 148    49.859 56125.83078970 56.61 125.151457  64.872141   -100  227.81  231.07  224.37
 148    50.100 56125.83079029 54.70 125.157320  64.871314  6.678  227.81  231.07  224.37
 148    50.123 56125.83079088 55.14 125.163182  64.870487 28.189  227.81  231.07  224.37
 149    51.245 56135.74642290 25.42 125.142335  64.872594 14.598 -100.00 -100.00 -100.00
 149    51.826 56135.74642349 24.62 125.148198  64.871767 11.740 -100.00 -100.00 -100.00
 149    52.092 56135.74642408 23.63 125.154061  64.870940  9.781 -100.00 -100.00 -100.00
 149    52.167 56135.74642467 25.62 125.159924  64.870113 14.378  233.93  237.94  229.75
 149    52.865 56135.74642526 25.81 125.165786  64.869286 12.915  233.93  237.94  229.75
 150    51.224 56145.66206557 24.63 125.144117  64.871996 11.515  221.79  222.44  216.10
 150    51.294 56145.66206616 26.50 125.149980  64.871169 16.038  221.79  222.44  216.10
 150    51.457 56145.66206675 28.57 125.155843  64.870342 20.282  221.79  222.44  216.10
 150    52.072 56145.66206734 28.48 125.161705  64.869515 19.094  221.79  222.44  216.10
 150    51.220 56145.66206793 32.53 125.167567  64.868688   -100  221.79  222.44  216.10
 151    49.198 56155.57771554 42.91 125.147076  64.871804   -100  230.07  231.81  226.60
 151    48.888 56155.57771613 42.92 125.152939  64.870977 10.848  230.07  231.81  226.60
 151    49.085 56155.57771673 35.79 125.158802  64.870150 32.358  230.07  231.81  226.60
 151    49.000 56155.57771732 39.37 125.164664  64.869322   -100  230.07  231.81  226.60
 152    50.917 56165.49336364 26.66 125.141648  64.873314 17.434  228.45  231.23  224.72
 152    51.280 56165.49336423 25.58 125.147512  64.872487 13.684  228.45  231.23  224.72
 152    51.802 56165.49336482 23.99 125.153375  64.871660 10.156  228.45  231.23  224.72
 152    52.048 56165.49336542 26.68 125.159238  64.870832 17.530  228.45  231.23  224.72
 152    52.483 56165.49336601 26.05 125.165101  64.870005 15.138  228.45  231.23  224.72
 153    50.053 56175.40901060 57.20 125.146738  64.872933   -100  231.63  235.49  227.76
 153    50.376 56175.40901119 55.49 125.152602  64.872106   -100  231.63  235.49  227.76
 153    50.304 56175.40901178 56.37 125.158465  64.871279 21.929  231.63  235.49  227.76
 153    50.275 56175.40901237 55.18 125.164328  64.870451   -100  231.63  235.49  227.76
 154    49.586 56185.32465198 30.50 125.146477  64.872753 30.354  227.84  226.87  224.76
 154    51.224 56185.32465257 29.40 125.152341  64.871926 26.176  227.84  226.87  224.76
 154    51.864 56185.32465316 27.40 125.158205  64.871099 17.379  227.84  226.87  224.76
 154    52.434 56185.32465375 25.56 125.164068  64.870272 11.872  227.84  226.87  224.76
 155    50.441 56195.24028915 28.05 125.141524  64.872735 21.020 -100.00 -100.00 -100.00
 155    49.520 56195.24028974 28.48 125.147388  64.871908 23.585 -100.00 -100.00 -100.00
 155    49.407 56195.24029033 29.12 125.153252  64.871081 23.853  229.21  227.84  226.38
 155    51.364 56195.24029092 26.92 125.159115  64.870254 16.540  229.21  227.84  226.38
 155    52.449 56195.24029151 27.58 125.164979  64.869426 18.024  229.21  227.84  226.38
 156    50.656 56205.15592400 27.57 125.142917  64.872659 15.534 -100.00 -100.00 -100.00
 156    51.380 56205.15592459 26.48 125.148781  64.871832 10.824 -100.00 -100.00 -100.00
 156    51.610 56205.15592518 27.90 125.154645  64.871005 13.036 -100.00 -100.00 -100.00
 156    51.622 56205.15592578 30.47 125.160509  64.870178 22.290 -100.00 -100.00 -100.00
 156    52.070 56205.15592637 30.42 125.166372  64.869351 21.791 -100.00 -100.00 -100.00
 157    48.651 56215.07155699 33.13 125.140915  64.874404 18.950  232.78  230.41  230.57
 157    48.479 56215.07155758 30.42 125.146780  64.873578 12.116  232.78  230.41  230.57
 157    48.448 56215.07155817 31.51 125.152644  64.872751 13.868  232.78  230.41  230.57
 157    48.213 56215.07155876 35.77 125.158508  64.871924 32.119  232.78  230.41  230.57
 157    48.559 56215.07155935 34.27 125.164371  64.871096 22.864  232.78  230.41  230.57
 158    48.515 56224.98719432 47.02 125.139515  64.876689   -100  240.76  239.84  240.14
 158    48.542 56224.98719491 48.98 125.145380  64.875862   -100  240.76  239.84  240.14
 158    48.239 56224.98719550 51.49 125.151245  64.875035 13.021  240.76  239.84  240.14
 158    48.320 56224.98719669 47.41 125.162973  64.873381  4.132  240.76  239.84  240.14
 159    47.249 56234.90285001 38.94 125.139981  64.877163 31.636  240.94  238.08  236.39
 159    47.045 56234.90285060 38.06 125.145846  64.876336   -100  240.94  238.08  236.39
 159    47.272 56234.90285119 41.43 125.151711  64.875510   -100  240.94  238.08  236.39
 159    47.403 56234.90285237 40.41 125.163439  64.873855   -100  240.94  238.08  236.39
 160    47.736 56244.81850169 34.22 125.138927  64.876862 20.132  239.32  237.98  236.58
 160    47.559 56244.81850228 34.23 125.144792  64.876036 25.410  239.32  237.98  236.58
 160    47.524 56244.81850287 32.19 125.150657  64.875209 19.811  239.32  237.98  236.58
 160    47.720 56244.81850405 29.82 125.162384  64.873554 13.099  239.32  237.98  236.58
 161    47.963 56254.73414873 30.47 125.141508  64.875643 15.265  233.42  231.03  227.09
 161    48.019 56254.73414932 31.32 125.147372  64.874816 16.762  233.42  231.03  227.09
 161    48.095 56254.73414991 28.78 125.153236  64.873989 11.175  233.42  231.03  227.09
 161    48.137 56254.73415109 30.09 125.164963  64.872334 12.928  233.42  231.03  227.09
 162    48.023 56264.64979137 25.59 125.141991  64.875392  6.172  232.72  229.48  224.82
 162    47.923 56264.64979196 26.20 125.147855  64.874565  7.854  232.72  229.48  224.82
 162    48.101 56264.64979255 26.84 125.153719  64.873738  8.983  232.72  229.48  224.82
 162    48.091 56264.64979373 26.49 125.165445  64.872083  8.299  232.72  229.48  224.82
 165    48.394 56294.39672821 20.80 125.144849  64.873203  4.844 -100.00 -100.00 -100.00
 165    48.232 56294.39672880 21.12 125.150713  64.872376  5.430  233.39  229.56  221.59
 165    48.149 56294.39672939 20.92 125.156576  64.871549  5.495  233.39  229.56  221.59
 165    48.197 56294.39672998 21.66 125.162440  64.870721  6.430  233.39  229.56  221.59
 166    48.459 56304.31237499 19.87 125.144461  64.871334  5.172 -100.00 -100.00 -100.00
 166    48.047 56304.31237558 20.76 125.150324  64.870507  6.172  230.54  226.36  217.40
 166    48.302 56304.31237617 20.51 125.156188  64.869679  5.560  230.54  226.36  217.40
 166    48.362 56304.31237676 20.58 125.162051  64.868852  6.569  230.54  226.36  217.40
 166    48.402 56304.31237735 20.27 125.167913  64.868024  6.195  230.54  226.36  217.40
 167    48.640 56314.22801773 18.67 125.142796  64.870827  4.730 -100.00 -100.00 -100.00
 167    48.374 56314.22801832 18.73 125.148660  64.870000  5.205 -100.00 -100.00 -100.00
 167    48.261 56314.22801891 19.11 125.154523  64.869173  5.188  234.87  230.24  220.67
 167    48.364 56314.22801950 19.54 125.160386  64.868345  5.784  234.87  230.24  220.67
 167    48.522 56314.22802009 18.55 125.166249  64.867517  5.116  234.87  230.24  220.67
 167    48.399 56314.22802068 19.52 125.172111  64.866689  6.048  234.87  230.24  220.67
 168    48.489 56324.14365862 18.31 125.143491  64.871619  5.545  233.49  228.55  217.51
 168    48.159 56324.14365921 18.71 125.149355  64.870792  5.537  233.49  228.55  217.51
 168    48.362 56324.14365980 17.81 125.155218  64.869965  4.391  233.49  228.55  217.51
 168    48.635 56324.14366039 18.09 125.161081  64.869137  4.593  233.49  228.55  217.51
 168    48.590 56324.14366099 18.12 125.166944  64.868309  4.861  233.49  228.55  217.51
 169    48.759 56334.05929860 17.67 125.142031  64.873380  5.406  233.15  228.18  216.55
 169    48.615 56334.05929919 17.60 125.147895  64.872553  4.732  233.15  228.18  216.55
 169    48.310 56334.05929978 17.20 125.153759  64.871726  4.591  233.15  228.18  216.55
 169    48.318 56334.05930037 17.91 125.159622  64.870898  4.890  233.15  228.18  216.55
 169    48.419 56334.05930096 17.70 125.165485  64.870071  4.758  233.15  228.18  216.55
 170    48.803 56343.97493838 16.87 125.144675  64.873653  5.190 -100.00 -100.00 -100.00
 170    48.545 56343.97493897 16.98 125.150539  64.872826  5.291 -100.00 -100.00 -100.00
 170    48.647 56343.97493956 16.14 125.156402  64.871999  4.112 -100.00 -100.00 -100.00
 170    48.504 56343.97494015 16.50 125.162265  64.871172  4.775  234.21  228.38  215.51
 171    48.889 56353.89057569 16.18 125.145026  64.873303  4.302  238.72  233.47  221.39
 171    48.512 56353.89057628 16.10 125.150889  64.872476  4.308  238.72  233.47  221.39
 171    48.587 56353.89057687 16.29 125.156753  64.871649  4.810  238.72  233.47  221.39
 171    48.694 56353.89057746 16.05 125.162616  64.870822  4.430  238.72  233.47  221.39
 172    48.751 56363.80621905 15.67 125.142379  64.872654  4.555 -100.00 -100.00 -100.00
 172    48.786 56363.80621964 15.87 125.148242  64.871828  4.914  234.99  228.52  214.83
 172    48.483 56363.80622023 15.93 125.154105  64.871001  4.560  234.99  228.52  214.83
 172    48.906 56363.80622082 15.25 125.159968  64.870174  4.030  234.99  228.52  214.83
 172    48.646 56363.80622141 15.31 125.165830  64.869346  4.382  234.99  228.52  214.83
 173    48.767 56373.72186805 15.24 125.141825  64.872277  4.092  238.81  232.83  219.07
 173    48.580 56373.72186864 15.22 125.147688  64.871450  4.513  238.81  232.83  219.07
 173    48.679 56373.72186923 14.80 125.153550  64.870623  4.382  238.81  232.83  219.07
 173    48.782 56373.72186982 14.98 125.159413  64.869796  4.133  238.81  232.83  219.07
 173    49.016 56373.72187041 14.55 125.165275  64.868968  3.705  238.81  232.83  219.07
 175    48.888 56393.55315837 14.26 125.145016  64.874250  4.462  247.20  242.29  229.05
 175    48.690 56393.55315896 14.87 125.150880  64.873423  5.339  247.20  242.29  229.05
 175    48.725 56393.55315955 14.29 125.156743  64.872596  4.480  247.20  242.29  229.05
 175    48.545 56393.55316014 14.02 125.162605  64.871768  4.171  247.20  242.29  229.05
 176    49.839 56403.46880004 31.40 125.140091  64.876017 22.372  261.15  258.56  253.29
 176    49.566 56403.46880063 30.55 125.145955  64.875190 21.876  261.15  258.56  253.29
 176    49.243 56403.46880122 30.57 125.151819  64.874363 24.027  261.15  258.56  253.29
 176    48.750 56403.46880240 32.52 125.163545  64.872708   -100  261.15  258.56  253.29
 177    47.603 56413.38443969 45.87 125.143448  64.875960   -100  245.86  246.72  247.17
 177    47.619 56413.38444028 45.12 125.149312  64.875133   -100  245.86  246.72  247.17
 177    48.007 56413.38444146 41.54 125.161039  64.873479 30.800  245.86  246.72  247.17
 178    47.524 56423.30007374 42.02 125.140007  64.876318   -100  253.42  253.75  254.76
 178    47.691 56423.30007433 42.91 125.145872  64.875492   -100  253.42  253.75  254.76
 178    47.885 56423.30007493 43.84 125.151736  64.874665   -100  253.42  253.75  254.76
 178    47.876 56423.30007611 43.56 125.163464  64.873010   -100  253.42  253.75  254.76
 179    53.616 56433.21571759 29.84 125.142621  64.875656  6.912  219.06  218.11  218.81
 179    53.846 56433.21571818 36.78 125.148486  64.874830 23.651  219.06  218.11  218.81
 179    53.760 56433.21571877 38.59 125.154350  64.874003 29.951  219.06  218.11  218.81
 180    51.687 56443.13136997 34.63 125.142162  64.875290 20.034  223.43  224.35  217.00
 180    51.956 56443.13137056 31.65 125.148027  64.874463 12.252  223.43  224.35  217.00
 180    51.893 56443.13137115 35.34 125.153891  64.873636 22.823  223.43  224.35  217.00
 180    52.263 56443.13137174 35.73 125.159754  64.872809 20.341  223.43  224.35  217.00
 180    52.282 56443.13137233 37.47 125.165617  64.871981 26.825  223.43  224.35  217.00
 181    50.931 56453.04701964 33.12 125.140270  64.875663 13.252  228.08  227.28  221.11
 181    51.037 56453.04702023 35.87 125.146135  64.874836 18.320  228.08  227.28  221.11
 181    51.090 56453.04702082 39.46 125.151998  64.874009 30.604  228.08  227.28  221.11
 181    51.462 56453.04702200 45.00 125.163725  64.872354   -100  228.08  227.28  221.11
 182    51.605 56462.96266706 23.05 125.141302  64.874756 13.093 -100.00 -100.00 -100.00
 182    51.785 56462.96266766 23.55 125.147166  64.873929 11.761 -100.00 -100.00 -100.00
 182    52.200 56462.96266825 25.12 125.153029  64.873102 16.077 -100.00 -100.00 -100.00
 182    51.573 56462.96266884 31.00 125.158892  64.872275   -100 -100.00 -100.00 -100.00
 182    51.614 56462.96266943 31.03 125.164755  64.871447   -100 -100.00 -100.00 -100.00
 184    49.362 56482.79395220 32.08 125.146010  64.870824 25.069 -100.00 -100.00 -100.00
 184    49.256 56482.79395279 32.88 125.151872  64.869997 30.324 -100.00 -100.00 -100.00
 184    49.363 56482.79395338 31.13 125.157735  64.869170 21.978 -100.00 -100.00 -100.00
 184    52.112 56482.79395397 29.62 125.163596  64.868342 18.176 -100.00 -100.00 -100.00
 184    49.423 56482.79395456 34.49 125.169458  64.867515 30.529 -100.00 -100.00 -100.00
 185    51.683 56492.70958915 26.34 125.146018  64.870658 14.200  232.35  240.04  227.38
 185    52.018 56492.70958974 25.93 125.151881  64.869831 12.392  232.35  240.04  227.38
 185    51.327 56492.70959033 28.38 125.157743  64.869004 18.594  232.35  240.04  227.38
 185    51.090 56492.70959092 30.93 125.163605  64.868176 24.338  232.35  240.04  227.38
 185    50.864 56492.70959151 34.25 125.169466  64.867349 27.952  232.35  240.04  227.38
 187    51.302 56512.54085583 22.40 125.142632  64.875025 10.093 -100.00 -100.00 -100.00
 187    51.403 56512.54085642 24.80 125.148496  64.874198 14.025 -100.00 -100.00 -100.00
 187    52.188 56512.54085701 26.55 125.154360  64.873372 15.661 -100.00 -100.00 -100.00
 187    51.406 56512.54085760 30.72 125.160224  64.872544 30.047  224.78  225.27  217.42
 187    51.493 56512.54085819 31.92 125.166086  64.871717   -100  224.78  225.27  217.42
 188    50.606 56522.45650339 35.36 125.141784  64.875539 18.346  228.63  230.61  224.39
 188    50.911 56522.45650398 34.61 125.147649  64.874712 15.946  228.63  230.61  224.39
 188    50.849 56522.45650457 39.81 125.153513  64.873885   -100  228.63  230.61  224.39
 188    51.208 56522.45650575 41.98 125.165240  64.872231 30.086  228.63  230.61  224.39
 189    50.087 56532.37215596 31.15 125.142763  64.874026 25.710  230.29  231.22  224.13
 189    50.312 56532.37215655 30.23 125.148627  64.873200 19.841  230.29  231.22  224.13
 189    51.309 56532.37215714 28.81 125.154491  64.872373 13.484  230.29  231.22  224.13
 189    51.459 56532.37215773 32.33 125.160354  64.871546 23.858  230.29  231.22  224.13
 189    50.643 56532.37215832 34.92 125.166218  64.870718 28.772  230.29  231.22  224.13
 191    50.649 56552.20344979 28.38 125.144837  64.871724 21.653  228.92  226.95  226.19
 191    51.210 56552.20345038 27.13 125.150701  64.870897 16.447  228.92  226.95  226.19
 191    51.557 56552.20345097 26.66 125.156565  64.870070 16.615  228.92  226.95  226.19
 191    52.446 56552.20345156 26.30 125.162428  64.869243 14.477  228.92  226.95  226.19
 191    52.958 56552.20345215 26.47 125.168291  64.868415 11.291  228.92  226.95  226.19
 192    49.118 56562.11909219 47.10 125.142728  64.873622   -100 -100.00 -100.00 -100.00
 192    49.402 56562.11909278 49.18 125.148592  64.872795   -100 -100.00 -100.00 -100.00
 192    49.085 56562.11909337 52.39 125.154456  64.871968 29.027 -100.00 -100.00 -100.00
 192    49.143 56562.11909396 54.56 125.160320  64.871141 13.786 -100.00 -100.00 -100.00
 192    49.323 56562.11909455 47.86 125.166183  64.870313   -100 -100.00 -100.00 -100.00
 193    48.482 56572.03473361 29.64 125.142773  64.875870 16.174 -100.00 -100.00 -100.00
 193    48.585 56572.03473420 28.63 125.148638  64.875043 15.831 -100.00 -100.00 -100.00
 193    48.662 56572.03473479 29.59 125.154502  64.874215 16.910 -100.00 -100.00 -100.00
 193    48.659 56572.03473538 34.86 125.160366  64.873388   -100 -100.00 -100.00 -100.00
 194    48.105 56581.95037311 44.05 125.141162  64.877568   -100  243.55  242.28  240.61
 194    48.129 56581.95037370 44.03 125.147027  64.876741   -100  244.28  243.37  241.46
 195    47.931 56591.86600835 46.22 125.138760  64.877763   -100  246.56  244.49  243.82
 195    47.507 56591.86600894 49.36 125.144625  64.876936 21.373  246.56  244.49  243.82
 195    47.548 56591.86600953 51.08 125.150490  64.876109   -100  246.56  244.49  243.82
 195    47.629 56591.86601071 42.53 125.162218  64.874455   -100  246.56  244.49  243.82
 196    47.216 56601.78165845 20.77 125.141534  64.875640  8.190  244.37  241.50  239.43
 196    47.464 56601.78165904 21.02 125.147398  64.874813  9.770  244.37  241.50  239.43
 196    47.216 56601.78165963 25.03 125.153262  64.873986 18.133  244.37  241.50  239.43
 196    47.350 56601.78166081 25.79 125.164989  64.872332 19.550  244.37  241.50  239.43
 197    47.874 56611.69730854 18.28 125.144816  64.873993  6.694  244.90  242.50  239.04
 197    47.702 56611.69730913 18.72 125.150680  64.873166  7.754  244.90  242.50  239.04
 197    47.949 56611.69730972 18.40 125.156544  64.872339  6.254  244.90  242.50  239.04
 197    48.044 56611.69731031 18.89 125.162407  64.871512  7.585  244.90  242.50  239.04
 198    47.606 56621.61295315 16.04 125.140040  64.875261  4.519  245.34  242.42  238.10
 198    47.561 56621.61295374 16.04 125.145905  64.874434  4.882  245.34  242.42  238.10
 198    47.801 56621.61295433 16.70 125.151769  64.873607  5.955  245.34  242.42  238.10
 198    48.562 56621.61295492 16.39 125.157632  64.872779  5.356  245.34  242.42  238.10
 198    48.133 56621.61295551 16.39 125.163495  64.871952  4.802  245.34  242.42  238.10
 199    47.647 56631.52859526 14.94 125.140292  64.876103  4.494  246.35  243.67  237.30
 199    47.774 56631.52859585 15.93 125.146156  64.875277  5.605  246.35  243.67  237.30
 199    48.091 56631.52859644 16.25 125.152021  64.874450  5.588  246.35  243.67  237.30
 199    47.860 56631.52859762 16.10 125.163748  64.872795  6.103  246.35  243.67  237.30
 200    47.941 56641.44423333 15.37 125.140195  64.876059  4.651  245.19  241.74  232.60
 200    48.547 56641.44423392 15.39 125.146059  64.875232  5.162  245.19  241.74  232.60
 200    49.131 56641.44423451 15.77 125.151924  64.874405  5.379  245.19  241.74  232.60
 200    48.495 56641.44423569 15.50 125.163652  64.872750  4.694  245.19  241.74  232.60
 201    48.605 56651.35988202 15.00 125.143741  64.873353  4.732  244.53  240.13  229.51
 201    49.306 56651.35988261 14.98 125.149605  64.872526  4.667  244.53  240.13  229.51
 201    48.500 56651.35988320 15.41 125.155469  64.871699  5.265  244.53  240.13  229.51
 201    48.147 56651.35988379 15.58 125.161333  64.870872  5.207  244.53  240.13  229.51
 201    48.304 56651.35988438 15.70 125.167196  64.870044  5.940  244.53  240.13  229.51
 202    49.509 56661.27553204 14.68 125.141305  64.871192  4.580 -100.00 -100.00 -100.00
 202    49.562 56661.27553263 14.91 125.147169  64.870365  4.695 -100.00 -100.00 -100.00
 202    49.428 56661.27553322 14.51 125.153032  64.869538  4.489 -100.00 -100.00 -100.00
 202    48.810 56661.27553381 14.97 125.158895  64.868711  4.697  240.21  234.20  220.86
 202    48.857 56661.27553440 14.93 125.164758  64.867883  4.892  240.21  234.20  220.86
 202    49.027 56661.27553499 14.92 125.170621  64.867055  4.559  240.21  234.20  220.86
 203    49.518 56671.19117907 13.83 125.141494  64.870469  4.722  238.81  232.45  218.07
 203    49.414 56671.19117966 14.21 125.147358  64.869642  4.593  238.81  232.45  218.07
 203    49.485 56671.19118025 13.61 125.153221  64.868814  3.593  238.81  232.45  218.07
 203    49.314 56671.19118084 13.67 125.159084  64.867987  3.814  238.81  232.45  218.07
 203    48.806 56671.19118143 14.35 125.164947  64.867159  4.829  238.81  232.45  218.07
 203    48.772 56671.19118202 14.10 125.170809  64.866331  4.520  238.81  232.45  218.07
 205    49.445 56691.02246727 13.63 125.143369  64.874239  4.861  236.45  227.91  210.57
 205    49.435 56691.02246786 13.45 125.149233  64.873412  3.753  236.45  227.91  210.57
 205    49.026 56691.02246845 13.91 125.155097  64.872584  4.655  236.45  227.91  210.57
 205    49.373 56691.02246904 13.66 125.160960  64.871757  4.722  236.45  227.91  210.57
 205    48.548 56691.02246963 13.75 125.166823  64.870929  4.128  236.45  227.91  210.57
 206    49.903 56700.93810671 12.56 125.142015  64.875310  3.383  238.35  230.71  213.90
 206    49.430 56700.93810730 12.85 125.147879  64.874483  4.006  238.35  230.71  213.90
 206    49.259 56700.93810789 13.36 125.153743  64.873656  5.414  238.35  230.71  213.90
 206    49.460 56700.93810848 12.84 125.159607  64.872828  3.906  238.35  230.71  213.90
 206    48.646 56700.93810907 12.76 125.165470  64.872001  3.825  238.35  230.71  213.90
 207    50.299 56710.85374154 12.29 125.141177  64.874364  3.843  240.14  231.61  213.07
 207    49.839 56710.85374213 12.30 125.147042  64.873537  3.801  240.14  231.61  213.07
 207    49.698 56710.85374272 12.53 125.152905  64.872710  4.171  240.14  231.61  213.07
 207    49.548 56710.85374331 12.42 125.158768  64.871883  3.696  240.14  231.61  213.07
 207    50.227 56710.85374390 12.36 125.164631  64.871056  3.592  240.14  231.61  213.07
 208    49.748 56720.76938540 12.85 125.144771  64.872282  4.400  237.80  227.77  208.41
 208    49.811 56720.76938599 12.58 125.150634  64.871455  3.568  237.80  227.77  208.41
 208    49.237 56720.76938658 12.86 125.156497  64.870628  3.857  237.80  227.77  208.41
 208    49.330 56720.76938717 12.90 125.162359  64.869801  4.360  237.80  227.77  208.41
 208    49.091 56720.76938776 12.93 125.168221  64.868973  3.612  237.80  227.77  208.41
 211    50.474 56750.51632873 11.09 125.142376  64.876346  3.111 -100.00 -100.00 -100.00
 211    50.182 56750.51632932 11.46 125.148240  64.875519  3.503 -100.00 -100.00 -100.00
 212    47.644 56760.43196701 23.86 125.137142  64.878386 17.545  250.81  243.29  227.66
 212    47.820 56760.43196760 23.48 125.143007  64.877559 17.143  250.81  243.29  227.66
 212    48.125 56760.43196819 24.56 125.148872  64.876732 19.726  250.81  243.29  227.66
 213    47.585 56770.34759983 45.29 125.141347  64.877452   -100  257.30  256.85  257.01
 213    47.442 56770.34760042 45.08 125.147212  64.876626   -100  256.88  256.51  256.38
 214    48.056 56780.26325217 42.02 125.140242  64.875416   -100  261.83  259.43  256.47
 214    47.960 56780.26325276 42.01 125.146106  64.874589   -100  261.83  259.43  256.47
 214    47.874 56780.26325335 42.24 125.151970  64.873762 13.131  261.83  259.43  256.47
 214    47.974 56780.26325453 39.31 125.163697  64.872108   -100  261.83  259.43  256.47
 215    51.959 56790.17890784 32.98 125.144073  64.873344 27.907  239.30  237.10  236.16
 215    51.966 56790.17890843 32.89 125.149936  64.872517 26.379  239.30  237.10  236.16
 215    52.024 56790.17890902 33.33 125.155800  64.871689 29.488  239.30  237.10  236.16
 215    52.033 56790.17890961 36.22 125.161663  64.870862   -100  239.30  237.10  236.16
 215    52.099 56790.17891020 37.32 125.167525  64.870034   -100  239.30  237.10  236.16
 216    51.902 56800.09455999 30.42 125.145591  64.873041 11.906 -100.00 -100.00 -100.00
 216    51.997 56800.09456058 30.54 125.151454  64.872213 10.107 -100.00 -100.00 -100.00
 216    52.386 56800.09456117 32.53 125.157317  64.871386 15.258  220.29  221.80  216.70
 216    52.069 56800.09456176 36.78 125.163180  64.870558 28.886  220.29  221.80  216.70
 217    51.713 56810.01020482 26.08 125.140612  64.874726  9.567  220.17  222.33  217.12
 217    51.778 56810.01020541 26.95 125.146476  64.873899 11.737  220.17  222.33  217.12
 217    52.187 56810.01020600 27.40 125.152339  64.873072 11.482  220.17  222.33  217.12
 217    51.647 56810.01020659 33.91 125.158203  64.872244 28.741  220.17  222.33  217.12
 217    52.422 56810.01020718 32.61 125.164065  64.871417 21.944  220.17  222.33  217.12
 219    52.067 56829.84148231 23.16 125.147266  64.872769 10.130 -100.00 -100.00 -100.00
 219    51.967 56829.84148290 25.93 125.153129  64.871942 14.855 -100.00 -100.00 -100.00
 219    51.736 56829.84148349 29.53 125.158992  64.871114 23.841 -100.00 -100.00 -100.00
 219    51.506 56829.84148408 30.06 125.164854  64.870287 27.438 -100.00 -100.00 -100.00
 220    55.747 56839.75711538 27.59 125.144918  64.871414 21.333  229.97  234.39  226.20
 220   102.154 56839.75711597 20.53 125.150781  64.870587 10.378  229.97  234.39  226.20
 220   103.725 56839.75711656 13.96 125.156643  64.869760  6.637  229.97  234.39  226.20
 220   104.997 56839.75711715 18.06 125.162505  64.868932  9.902  229.97  234.39  226.20
 220   106.476 56839.75711774 28.13 125.168367  64.868105   -100  229.97  234.39  226.20
 221    49.833 56849.67274914 53.97 125.145842  64.871079   -100  236.28  242.06  230.03
 221    49.616 56849.67274973 56.52 125.151704  64.870253   -100  236.28  242.06  230.03
 221    49.788 56849.67275032 56.27 125.157567  64.869426 10.800  236.28  242.06  230.03
 221    49.937 56849.67275091 52.57 125.163429  64.868598   -100  236.28  242.06  230.03
 221    49.830 56849.67275150 55.79 125.169290  64.867771 21.627  236.28  242.06  230.03
 222    49.861 56859.58840357 29.31 125.146065  64.872047 27.166 -100.00 -100.00 -100.00
 222    51.439 56859.58840416 25.83 125.151927  64.871220 12.175 -100.00 -100.00 -100.00
 222    51.538 56859.58840475 27.76 125.157790  64.870393 17.900 -100.00 -100.00 -100.00
 222    51.365 56859.58840534 28.24 125.163652  64.869565 20.050  229.05  227.48  221.92
 222    49.933 56859.58840593 34.20 125.169514  64.868738   -100  229.05  227.48  221.92
 223    49.346 56869.50405696 47.56 125.145730  64.874052   -100 -100.00 -100.00 -100.00
 223    49.220 56869.50405755 51.39 125.151593  64.873225  5.544 -100.00 -100.00 -100.00
 223    49.146 56869.50405814 52.61 125.157457  64.872397 32.684 -100.00 -100.00 -100.00
 223    49.111 56869.50405873 54.60 125.163319  64.871570   -100 -100.00 -100.00 -100.00
 224    49.069 56879.41970752 31.20 125.140561  64.875457 30.233  239.96  247.57  240.56
 224    49.108 56879.41970811 32.57 125.146425  64.874630   -100  239.96  247.57  240.56
 224    49.207 56879.41970870 30.51 125.152289  64.873803 26.943  239.96  247.57  240.56
 224    49.343 56879.41970988 30.66 125.164015  64.872148 23.259  239.96  247.57  240.56
 225    49.215 56889.33535541 34.11 125.142171  64.874020 29.600 -100.00 -100.00 -100.00
 225    48.975 56889.33535600 35.65 125.148035  64.873193   -100 -100.00 -100.00 -100.00
 225    49.128 56889.33535659 34.63 125.153899  64.872366 27.959 -100.00 -100.00 -100.00
 225    49.284 56889.33535718 35.31 125.159762  64.871538 30.045 -100.00 -100.00 -100.00
 225    49.235 56889.33535777 34.88 125.165625  64.870711 28.772 -100.00 -100.00 -100.00
 226    49.061 56899.25100038 30.01 125.141418  64.872241 26.326 -100.00 -100.00 -100.00
 226    50.568 56899.25100097 28.40 125.147282  64.871414 21.146 -100.00 -100.00 -100.00
 226    49.109 56899.25100156 28.73 125.153145  64.870587 19.007 -100.00 -100.00 -100.00
 226    48.934 56899.25100215 30.08 125.159008  64.869759 26.671 -100.00 -100.00 -100.00
 226    52.242 56899.25100274 28.01 125.164871  64.868932 16.463  236.59  241.57  237.37
 227    49.541 56909.16664320 42.06 125.142919  64.871854 27.355  238.75  240.67  233.90
 227    49.256 56909.16664379 44.99 125.148783  64.871027   -100  238.75  240.67  233.90
 227    49.532 56909.16664439 48.02 125.154646  64.870200   -100  238.75  240.67  233.90
 227    49.576 56909.16664498 50.46 125.160509  64.869372   -100  238.75  240.67  233.90
 227    49.376 56909.16664557 50.73 125.166371  64.868544 13.278  238.75  240.67  233.90
 228    48.919 56919.08228386 47.53 125.141924  64.873966   -100  229.54  229.65  227.20
 228    49.085 56919.08228445 50.59 125.147789  64.873138   -100  229.54  229.65  227.20
 228    48.884 56919.08228504 52.35 125.153652  64.872311  3.163  229.54  229.65  227.20
 228    48.705 56919.08228563 55.55 125.159516  64.871483 27.704  229.54  229.65  227.20
 228    49.041 56919.08228622 50.19 125.165378  64.870655   -100  229.54  229.65  227.20
 229    49.510 56928.99792247 36.30 125.141456  64.876773   -100  223.83  221.92  220.12
 229    49.758 56928.99792306 37.17 125.147321  64.875946   -100  223.83  221.92  220.12
 229    49.882 56928.99792483 44.33 125.164913  64.873464  5.638  225.72  224.36  223.07
 230    48.566 56938.91355639 33.90 125.137525  64.878779 22.664 -100.00 -100.00 -100.00
 230    48.693 56938.91355698 34.38 125.143390  64.877953 23.214 -100.00 -100.00 -100.00
 230    48.742 56938.91355875 40.23 125.160984  64.875471   -100 -100.00 -100.00 -100.00
 231    48.194 56948.82919154 47.30 125.139138  64.878005 31.968  241.78  240.89  240.60
 231    47.815 56948.82919213 52.34 125.145003  64.877179  3.104  241.78  240.89  240.60
 231    47.704 56948.82919390 42.63 125.162595  64.874698   -100  242.20  241.61  241.19
 232    47.284 56958.74484517 43.23 125.144892  64.874735   -100  246.08  244.03  243.69
 232    46.970 56958.74484576 46.49 125.150756  64.873908  6.731  246.08  244.03  243.69
 232    46.923 56958.74484635 46.37 125.156620  64.873081   -100  246.08  244.03  243.69
 232    46.982 56958.74484694 42.52 125.162483  64.872254  9.781  246.08  244.03  243.69
 233    47.673 56968.66049269 21.22 125.142734  64.873582  7.282  245.55  243.74  241.69
 233    47.949 56968.66049328 21.90 125.148598  64.872755  8.977  245.55  243.74  241.69
 233    48.057 56968.66049387 21.70 125.154461  64.871928  8.454  245.55  243.74  241.69
 233    47.979 56968.66049446 22.18 125.160324  64.871101  8.758  245.55  243.74  241.69
 233    47.770 56968.66049505 23.46 125.166186  64.870273 11.858  245.55  243.74  241.69
 234    48.454 56978.57613670 19.82 125.146213  64.873389  6.484 -100.00 -100.00 -100.00
 234    48.770 56978.57613729 19.60 125.152077  64.872562  5.924 -100.00 -100.00 -100.00
 234    48.364 56978.57613788 19.69 125.157940  64.871735  5.683 -100.00 -100.00 -100.00
 234    48.312 56978.57613847 19.80 125.163803  64.870907  5.560 -100.00 -100.00 -100.00
 235    49.184 56988.49177556 17.72 125.143541  64.874895  4.988  243.45  240.01  235.07
 235    48.882 56988.49177615 17.72 125.149405  64.874068  5.053  243.45  240.01  235.07
 235    48.654 56988.49177674 17.61 125.155269  64.873241  4.649  243.45  240.01  235.07
 235    48.374 56988.49177733 18.07 125.161132  64.872414  5.067  243.45  240.01  235.07
 236    49.185 56998.40740866 17.23 125.144769  64.875289  5.470  241.39  237.40  229.13
 236    48.715 56998.40740925 17.27 125.150633  64.874462  4.855  241.39  237.40  229.13
 236    48.795 56998.40741043 17.32 125.162361  64.872808  5.097  241.39  237.40  229.13
 237    49.509 57008.32305826 16.26 125.143833  64.873942  4.643  237.48  232.07  222.32
 237    49.362 57008.32305885 16.81 125.149697  64.873115  6.212  237.48  232.07  222.32
 237    48.938 57008.32305944 16.53 125.155561  64.872288  5.468  237.48  232.07  222.32
 237    48.945 57008.32306003 16.72 125.161425  64.871461  4.850  237.48  232.07  222.32
 237    48.582 57008.32306062 16.60 125.167288  64.870633  5.293  237.48  232.07  222.32
 238    49.224 57018.23871120 15.65 125.141537  64.872119  4.948  240.84  236.18  225.57
 238    49.128 57018.23871179 15.88 125.147402  64.871292  5.658  240.84  236.18  225.57
 238    48.794 57018.23871238 15.80 125.153265  64.870465  5.893  240.84  236.18  225.57
 238    48.622 57018.23871297 15.64 125.159129  64.869638  4.609  240.84  236.18  225.57
 238    48.743 57018.23871356 15.29 125.164992  64.868810  4.498  240.84  236.18  225.57
 239    49.685 57028.15436104 15.41 125.140989  64.871361  4.965  237.67  231.67  219.16
 239    49.074 57028.15436163 15.38 125.146853  64.870534  5.014  237.67  231.67  219.16
 239    49.213 57028.15436222 15.33 125.152717  64.869706  4.912  237.67  231.67  219.16
 239    48.887 57028.15436281 15.90 125.158580  64.868879  5.359  237.67  231.67  219.16
 239    48.725 57028.15436340 15.55 125.164443  64.868051  4.942  237.67  231.67  219.16
 239    48.794 57028.15436399 15.37 125.170305  64.867223  4.179  237.67  231.67  219.16
 240    49.726 57038.07000930 14.47 125.142565  64.872230  4.113 -100.00 -100.00 -100.00
 240    49.252 57038.07000989 14.40 125.148429  64.871403  3.982  238.34  231.73  217.20
 240    49.428 57038.07001048 15.07 125.154293  64.870576  4.670  238.34  231.73  217.20
 240    49.315 57038.07001107 14.85 125.160156  64.869748  4.267  238.34  231.73  217.20
 240    49.203 57038.07001166 14.78 125.166019  64.868920  4.229  238.34  231.73  217.20
 241    49.306 57047.98565487 14.22 125.142376  64.874004  4.818  240.27  233.45  218.69
 241    49.627 57047.98565546 14.11 125.148240  64.873177  4.434  240.27  233.45  218.69
 241    49.181 57047.98565605 13.99 125.154103  64.872350  4.064  240.27  233.45  218.69
 241    49.057 57047.98565664 14.50 125.159966  64.871522  4.604  240.27  233.45  218.69
 241    48.526 57047.98565723 14.32 125.165829  64.870695  4.513  240.27  233.45  218.69
 242    49.262 57057.90129692 14.03 125.144518  64.874846  4.636 -100.00 -100.00 -100.00
 242    49.282 57057.90129751 14.23 125.150382  64.874020  4.045 -100.00 -100.00 -100.00
 242    49.324 57057.90129810 14.10 125.156246  64.873192  4.442 -100.00 -100.00 -100.00
 242    48.937 57057.90129869 14.78 125.162109  64.872365  4.474 -100.00 -100.00 -100.00
 243    49.434 57067.81693324 13.69 125.144376  64.874570  3.755  241.57  234.32  220.06
 243    49.317 57067.81693383 14.06 125.150240  64.873743  4.108  241.57  234.32  220.06
 243    49.384 57067.81693442 13.78 125.156104  64.872916  3.740  241.57  234.32  220.06
 243    49.049 57067.81693501 14.46 125.161967  64.872089  4.850  241.57  234.32  220.06
 244    49.410 57077.73256536 13.46 125.145513  64.873989  4.227  239.62  231.52  216.05
 244    49.261 57077.73256595 13.61 125.151377  64.873163  4.688  239.62  231.52  216.05
 244    49.336 57077.73256655 13.91 125.157240  64.872336  4.479  239.62  231.52  216.05
 244    48.877 57077.73256714 13.65 125.163103  64.871508  3.804  239.62  231.52  216.05
 245    49.421 57087.64819796 13.25 125.143996  64.874640  3.819 -100.00 -100.00 -100.00
 245    49.401 57087.64819855 13.05 125.149860  64.873814  4.066 -100.00 -100.00 -100.00
 245    49.476 57087.64819914 13.18 125.155723  64.872987  4.292  238.00  228.82  212.61
 245    49.555 57087.64819973 13.21 125.161586  64.872160  4.064  238.00  228.82  212.61
 246    50.161 57097.56385605 12.88 125.139277  64.876115  3.469 -100.00 -100.00 -100.00
 246    49.808 57097.56385664 12.96 125.145141  64.875288  3.952 -100.00 -100.00 -100.00
 246    49.759 57097.56385723 12.73 125.151005  64.874461  3.793 -100.00 -100.00 -100.00
 246    49.168 57097.56385841 13.46 125.162731  64.872807  4.391  244.04  236.47  223.71
 247    50.313 57107.47951207 12.69 125.143374  64.876748  3.389 -100.00 -100.00 -100.00
 247    51.259 57107.47951266 12.90 125.149238  64.875921  3.420 -100.00 -100.00 -100.00
 247    51.571 57107.47951384 13.36 125.160966  64.874266  4.419 -100.00 -100.00 -100.00
 248    50.577 57117.39516238 12.09 125.139465  64.877670  3.388  237.51  228.81  215.14
 248    50.327 57117.39516297 12.04 125.145329  64.876844  3.233  237.51  228.81  215.14
 248    51.043 57117.39516474 12.47 125.162921  64.874362  4.275  237.51  228.81  215.14
 249    50.028 57127.31080709 15.59 125.140430  64.876502  6.820  243.60  236.66  225.77
 249    49.900 57127.31080768 18.94 125.146295  64.875675 13.332  243.60  236.66  225.77
 249    50.038 57127.31080827 15.81 125.152159  64.874848  7.531  243.60  236.66  225.77
 249    49.954 57127.31080945 16.05 125.163886  64.873193  8.651  243.60  236.66  225.77
 250    49.087 57137.22644680 32.64 125.145322  64.874390 32.721 -100.00 -100.00 -100.00
 250    49.198 57137.22644739 32.60 125.151186  64.873563 30.733 -100.00 -100.00 -100.00
 250    49.629 57137.22644798 30.01 125.157050  64.872735 18.567 -100.00 -100.00 -100.00
 250    49.802 57137.22644857 29.92 125.162913  64.871908 18.744 -100.00 -100.00 -100.00
