# NaN NaN NaN ;Mean Elev.(m), Avg Gradient(m/km), RMS Gradient(m/km) - SRTM1     
#   42.152  -0.788   6.072 ;Mean Elev.(m), Avg Gradient(m/km), RMS Gradient(m/km) - ASTER GDEM
#   34.242  -1.338   8.404 ;Mean Elev.(m), Avg Gradient(m/km), RMS Gradient(m/km) - GMTED2010 
   1 126.542523  64.334260    56.467    56.240 13 54663.15247544 25.209
   2 126.540078  64.335050    55.821    55.799 14 54673.06812025 48.959
   3 126.538196  64.336220     8.820    10.327 13 54682.98376369  9.910
   4 126.539976  64.336950    58.645    58.660 12 54692.89940612 47.758
   5 126.539195  64.335542     6.942     6.519 13 54702.81504567 11.135
   6 126.542367  64.334114    57.568    57.402 14 54712.73069475 27.914
   7 126.543600  64.332970     2.479     2.623 14 54722.64634562  7.486
   8 126.540536  64.332445    57.907    57.665 14 54732.56199373 21.098
   9 126.542115  64.334198    56.504    56.504 13 54742.47764092 54.154
  10 126.541213  64.335058    55.448    55.554 14 54752.39328764 28.818
  11 126.542486  64.334977   120.222   118.810 13 54762.30893419  9.328
  12 126.542035  64.333181    53.847    53.799 13 54772.22457797 42.568
  13 126.542683  64.331897    54.673    54.569 15 54782.14021891 24.632
  14 126.541245  64.331401    54.978    54.909 14 54792.05585720 18.354
  17 126.542742  64.334138    55.140    55.122 13 54821.80277362 17.292
  18 126.541589  64.333848    55.272    55.322 13 54831.71842552 16.195
  19 126.540608  64.334268    55.151    55.059 13 54841.63406408 16.105
  20 126.540373  64.335980    55.247    55.249 14 54851.54971314 14.715
  21 126.537909  64.337639    54.959    54.982 13 54861.46536166 14.476
  22 126.537532  64.338512    54.943    54.931 12 54871.38101036 14.174
  23 126.538069  64.337174    54.945    54.929 13 54881.29665736 12.923
  24 126.542096  64.334909    55.328    55.351 14 54891.21230133 13.936
  25 126.540432  64.332400    55.467    55.448 14 54901.12794181 12.330
  26 126.542688  64.333116    55.254    55.243 13 54911.04358105 11.126
  27 126.540021  64.334368    55.225    55.231 14 54920.95921870 11.162
  28 126.542199  64.335498    55.216    55.162 13 54930.87485619 10.556
  29 126.540381  64.333559    54.989    54.968 14 54940.79049174 11.980
  30 126.544204  64.331456    53.906    53.925 14 54950.70612615 42.961
  31 126.545100  64.330031    55.773    55.203 14 54960.62176626 39.991
  32 126.543575  64.330966    61.658    61.640 15 54970.53741482 39.441
  33 126.539935  64.332528    59.741    59.777 14 54980.45306211 40.261
  35 126.540758  64.334744    58.923    58.852 13 55000.28435670 25.289
  36 126.542358  64.334896    60.632    58.904 13 55010.20000216 20.524
  37 126.542322  64.334756    60.953    58.462 14 55020.11564583 21.929
  38 126.539732  64.335444    57.677    57.685  8 55030.03128809 55.102
  39 126.540702  64.337026    56.214    56.140 13 55039.94693008 28.199
  40 126.541563  64.337540    55.539    55.045 13 55049.86257060 27.088
  41 126.539222  64.335282    57.521    57.078 13 55059.77820847 22.948
  42 126.542765  64.332946    57.583    57.768 14 55069.69384890 22.078
  43 126.543058  64.331173    56.580    56.334 14 55079.60949825 34.972
  44 126.541860  64.331514    56.829    56.783 14 55089.52514571 26.344
  45 126.541979  64.333801    56.560    56.601 13 55099.44079228 43.922
  46 126.542609  64.335782    56.442    56.442 13 55109.35643838 50.848
  47 126.541966  64.335084    57.190    57.281 13 55119.27208281 21.600
  48 126.541088  64.332433   102.419   102.472 14 55129.18772456 18.830
  49 126.543634  64.330806    54.313    54.275 15 55139.10336464 38.516
  50 126.543717  64.331166    53.810    53.886 14 55149.01900331 28.341
  51 126.543390  64.333261    54.167    54.204 14 55158.93464163 24.572
  52 126.540740  64.334582    54.408    54.466 13 55168.85027937 24.058
  53 126.542537  64.335020    54.397    54.354 14 55178.76591651 22.691
  54 126.541172  64.334002    54.530    54.556 13 55188.68156191 22.934
  55 126.539989  64.334069    54.355    54.329 14 55198.59721244 21.704
  56 126.540716  64.335603    54.184    54.253 13 55208.51286240 20.739
  57 126.537889  64.336806    53.960    54.010 13 55218.42851151 20.293
  58 126.540383  64.337540    53.673    53.764 13 55228.34416032 20.025
  59 126.541366  64.336205    53.566    53.678 13 55238.25980580 19.549
  60 126.542697  64.333773    53.642    53.640 14 55248.17544767 19.380
  61 126.544023  64.332274    53.691    53.680 14 55258.09108715 19.274
  62 126.543712  64.332440    53.869    53.841 14 55268.00672578 16.702
  63 126.540045  64.333401    53.902    53.968 14 55277.92236374 17.303
  64 126.541276  64.334317    54.132    54.112 13 55287.83800090 17.734
  65 126.543717  64.333637    54.018    54.061 14 55297.75363568 16.678
  66 126.543586  64.331541    54.539    54.499 15 55307.66927749 19.378
  67 126.543890  64.330534    55.200    55.313 15 55317.58492381 29.486
  68 126.544944  64.331496    53.994    54.069 14 55327.50056928 43.948
  69 126.541856  64.333149    61.556    61.451 14 55337.41621366 39.836
  70 126.542740  64.335223    61.118    59.247 13 55347.33185798 24.407
  71 126.540611  64.335451    61.477    58.760 14 55357.24750029 22.846
  72 126.539930  64.335023    58.252    58.249 13 55367.16314063 23.355
  73 126.540972  64.334716    60.283    58.490 13 55377.07877965 21.118
  74 126.541649  64.334929    58.744    57.528 13 55386.99441779 22.502
  75 126.541860  64.335219    58.702    57.390 13 55396.91005495 21.338
  76 126.541003  64.334812    56.638    56.520 13 55406.82569732 24.975
  77 126.542255  64.334162    56.464    56.480 13 55416.74134850 24.854
  78 126.545143  64.332972    56.118    56.073 14 55426.65699640 48.252
  79 126.543152  64.331647    55.529    55.232 14 55436.57264120 49.773
  80 126.544712  64.332418    56.438    56.404 14 55446.48828522 42.850
  81 126.542486  64.333416    56.021    56.026 14 55456.40392842 55.142
  82 126.539995  64.333956    55.798    55.817 14 55466.31957088 33.692
  83 126.543433  64.333786    54.244    54.259 14 55476.23521070 31.651
  84 126.543985  64.331991    53.842    53.812 14 55486.15084694 43.127
  85 126.545480  64.330743    53.803    53.827 14 55496.06648112 39.245
  86 126.544552  64.331088    53.967    53.989 15 55505.98211607 24.110
  87 126.542265  64.332972    54.021    54.048 14 55515.89776650 25.263
  88 126.541397  64.334772    54.362    54.354 13 55525.81341612 19.959
  89 126.539488  64.335254    54.595    54.461 13 55535.72906355 17.637
  90 126.540484  64.335439    54.400    54.354 13 55545.64470913 15.995
  91 126.540217  64.335608    54.160    54.146 13 55555.56035278 16.426
  92 126.541100  64.336299    54.246    54.160 13 55565.47599570 15.581
  93 126.541692  64.336236    54.186    54.062 13 55575.39163795 15.548
  94 126.540610  64.334637    54.185    54.237 14 55585.30727826 15.379
  95 126.540852  64.332604    54.375    54.160 14 55595.22291533 14.980
  96 126.544715  64.331669    54.252    54.180 14 55605.13854957 14.412
  97 126.543830  64.330949    54.191    54.114 15 55615.05418125 14.526
  98 126.545259  64.331884    54.310    54.193 14 55624.96982139 12.414
  99 126.540349  64.332125    54.646    54.409 14 55634.88547325 12.332
 100 126.542048  64.332666    54.619    54.426 14 55644.80112354 11.511
 101 126.544280  64.332574    54.753    54.598 14 55654.71677104 10.438
 102 126.544701  64.331973    55.113    55.065 14 55664.63241382  9.297
 103 126.544260  64.331953    54.374    54.357 14 55674.54805365 29.575
 104 126.540404  64.332168    55.436    55.843 14 55684.46369162 35.962
 105 126.542427  64.333539    57.453    57.010 13 55694.37932904 28.136
 106 126.542858  64.334089    59.018    59.034 14 55704.29496487 53.576
 107 126.541246  64.334142    58.864    57.683 13 55714.21061103 25.409
 108 126.541116  64.334670    59.971    59.185 14 55724.12626018 21.494
 109 126.541121  64.335483    58.123    57.916 13 55734.04190737 44.108
 110 126.538989  64.335784    56.632    56.465 13 55743.95755304 23.894
 111 126.540458  64.335727    57.447    56.934 14 55753.87319751 24.482
 112 126.542106  64.334196    55.056    55.060 13 55763.78883958 54.386
 113 126.544841  64.332479    54.528    54.570 14 55773.70447894 31.615
 114 126.543775  64.330921    58.281    58.077 15 55783.62011460 26.717
 115 126.543733  64.331324    57.316    57.664 15 55793.53574812 27.035
 116 126.543523  64.332335    57.059    57.370 14 55803.45138405 24.341
 117 126.542390  64.333057    57.460    57.438 13 55813.36703383 19.966
 118 126.541528  64.332247    56.844    56.834 14 55823.28268163 54.198
 119 126.544193  64.331361    57.136    57.489 14 55833.19832500 25.009
 120 126.543698  64.330578    56.436    56.416 15 55843.11396383 21.476
 121 126.542852  64.331123    54.270    54.227 15 55853.02959964 47.818
 122 126.539967  64.332295    54.282    54.242 14 55862.94523516 43.815
 123 126.540388  64.334326    53.938    53.888 13 55872.86088945 39.098
 133 126.542864  64.332076    53.122    53.113 15 55972.01732718 21.001
 134 126.541888  64.333536    52.893    52.929 14 55981.93296322 20.643
 136 126.542826  64.332356    53.322    53.020 14 56001.76424462 16.750
 137 126.542966  64.330927    52.930    52.774 14 56011.67989443 17.672
 138 126.541907  64.330731    52.968    52.824 14 56021.59554058 17.799
 139 126.545355  64.333090    52.513    52.470 14 56031.51118451 18.504
 141 126.541138  64.335847    54.639    54.405 13 56051.34246484 23.130
 142 126.540855  64.335236    58.814    58.835 14 56061.25810112 43.769
 143 126.540640  64.333653    62.295    62.248 14 56071.17373920 53.268
 144 126.542666  64.334130    60.839    59.236 14 56081.08939007 24.418
 145 126.542013  64.335159    59.537    59.575 13 56091.00503807 49.056
 146 126.541769  64.336400    58.401    58.432 13 56100.92068370 39.373
 147 126.538447  64.335426    57.209    57.379 13 56110.83631466 40.257
 148 126.542121  64.333658    58.638    58.648 13 56120.75195449 51.333
 149 126.544771  64.331054    57.725    57.942 14 56130.66759047 29.219
 150 126.546143  64.329919    59.231    59.270 14 56140.58322436 19.716
 151 126.543303  64.331582    57.434    57.455 14 56150.49887526 53.394
 152 126.541906  64.333982    56.563    56.634 13 56160.41452449 27.869
 153 126.540679  64.334686    57.758    58.070 14 56170.33017204 21.425
 154 126.542343  64.333468    58.247    58.363 13 56180.24581584 19.299
 155 126.543553  64.331590    56.691    56.665 15 56190.16145550 54.797
 156 126.543831  64.330908    56.800    56.367 15 56200.07709220 30.336
 157 126.540473  64.331767    56.519    56.438 14 56209.99272618 28.791
 158 126.540078  64.333742    55.315    55.274 14 56219.90835865 45.192
 159 126.542560  64.336048    54.656    54.688 13 56229.82400819 41.428
 160 126.540994  64.335735    53.892    53.858 14 56239.73966134 35.133
 161 126.541722  64.335068    54.289    54.257 14 56249.65531077 32.807
 162 126.541328  64.334255    54.459    54.438 14 56259.57095528 29.416
 163 126.541539  64.334808    54.557    54.546 14 56269.48659730 27.601
 164 126.541142  64.335298    54.562    54.560 14 56279.40223755 26.428
 165 126.541468  64.335738    54.549    54.570 13 56289.31788832 24.942
 166 126.541186  64.334083    54.403    54.393 13 56299.23353664 24.334
 167 126.541646  64.331950    54.323    54.246 14 56309.14918102 23.168
 168 126.545108  64.331517    54.285    54.222 14 56319.06482333 22.063
 169 126.545392  64.332896    54.204    54.062 14 56328.98046443 21.807
 170 126.543079  64.334343    54.071    54.078 14 56338.89610440 21.019
 171 126.540359  64.334368    54.428    54.344 14 56348.81174217 20.079
 172 126.541929  64.332905    54.522    54.252 14 56358.72737726 19.925
 173 126.544330  64.332055    54.398    54.186 14 56368.64302805 20.023
 175 126.541819  64.333847    54.452    54.416 13 56388.47432124 19.703
 176 126.542651  64.336425    54.450    54.557 13 56398.38996496 20.169
 177 126.539542  64.336994    54.276    53.745 13 56408.30560573 30.525
 178 126.542269  64.336543    53.791    53.685 13 56418.22124275 38.081
 179 126.541134  64.334295    62.858    62.849 14 56428.13687480 34.195
 180 126.542163  64.334422    60.471    59.693 13 56438.05252885 22.957
 181 126.541221  64.334996    61.895    59.132 13 56447.96818009 20.601
 182 126.541295  64.335849    60.206    59.473 14 56457.88382922 20.291
 183 126.541403  64.335497    60.137    58.068 13 56467.79947499 23.267
 184 126.540492  64.333864    56.351    56.151 14 56477.71511651 30.006
 185 126.542622  64.332201    58.915    58.123 14 56487.63075454 24.997
 187 126.542949  64.331753    59.230    59.122 15 56507.46202421 21.927
 188 126.544782  64.333152    59.636    59.630 14 56517.37766149 20.070
 189 126.541262  64.333631    57.863    57.817 13 56527.29331562 37.739
 190 126.543783  64.333852    57.077    57.045 14 56537.20896602 47.102
 192 126.542302  64.333149    55.968    55.945 14 56557.04025566 45.012
 193 126.540880  64.334251    57.399    57.499 13 56566.95589818 21.954
 194 126.540605  64.335930    55.127    55.107 13 56576.87153949 41.316
 195 126.540270  64.336341    54.261    54.222 13 56586.78717725 46.042
 196 126.540678  64.335656    53.312    53.336 14 56596.70281689 37.237
 197 126.540475  64.335102    54.000    53.984 13 56606.61846876 22.198
 198 126.542090  64.335052    53.984    54.008 13 56616.53411599 20.335
 199 126.542042  64.334994    54.040    53.999 13 56626.44975961 17.804
 200 126.540996  64.334614    54.035    54.088 14 56636.36540039 17.512
 201 126.542274  64.333940    54.144    54.184 13 56646.28104081 17.329
 202 126.540748  64.333073    54.106    54.060 14 56656.19669296 15.911
 203 126.541407  64.332371    54.056    53.966 14 56666.11234097 15.339
 205 126.540639  64.333284    53.830    53.883 14 56685.94363046 13.867
 206 126.540869  64.334087    53.723    53.664 14 56695.85927271 15.728
 207 126.541764  64.333900    53.904    53.748 13 56705.77491041 13.489
 208 126.541485  64.332594    53.796    53.729 14 56715.69054243 15.092
 211 126.538645  64.335808    54.098    54.068 13 56745.43749177 12.347
 212 126.538049  64.336549    54.195    54.208 13 56755.35313376 11.740
 213 126.538553  64.335945    53.656    53.655 13 56765.26877014 29.853
 214 126.539674  64.334916    55.085    55.337 13 56775.18440864 32.298
 215 126.540880  64.335502    57.216    56.051 13 56785.10006560 33.150
 216 126.538162  64.335820    62.380    62.380 13 56795.01571851 52.429
 217 126.540188  64.336646    59.731    58.803 13 56804.93136800 23.550
 219 126.541002  64.334047    60.413    58.328 14 56824.76264890 24.656
 221 126.541017  64.331642    56.670    56.626 14 56844.59391525 48.857
 222 126.541509  64.332676    58.041    58.067 14 56854.50956010 48.145
 223 126.541462  64.334055    56.104    55.877 14 56864.42521397 26.931
 224 126.540069  64.334339    56.254    56.014 14 56874.34086695 27.669
 225 126.541478  64.334455    58.322    56.135 14 56884.25651701 29.682
 226 126.542964  64.334483    55.994    56.013 14 56894.17216389 36.978
 227 126.541704  64.334855    59.042    55.606 14 56904.08780732 26.375
 228 126.538422  64.335828    59.577    55.897 13 56914.00344854 27.690
 229 126.540199  64.337325    59.888    56.901 13 56923.91908849 22.164
 230 126.540486  64.337348    55.980    55.961 13 56933.83472558 23.368
 231 126.540947  64.335827    55.234    55.115 13 56943.75035727 24.995
 232 126.542283  64.334845    53.644    53.571 14 56953.66600435 46.949
 233 126.540970  64.334514    52.893    52.896 14 56963.58165441 28.753
 234 126.539891  64.335150    53.455    53.427 13 56973.49729985 21.227
 235 126.542570  64.336134    53.645    53.680 13 56983.41294137 19.345
 236 126.540149  64.334576    53.563    53.559 13 56993.32857746 18.133
 237 126.543063  64.332544    53.573    53.591 14 57003.24421425 17.534
 238 126.544067  64.331749    53.479    53.493 14 57013.15987093 17.197
 239 126.542914  64.331973    53.447    53.456 14 57023.07552208 16.288
 240 126.541970  64.333887    53.405    53.395 14 57032.99117070 16.295
 241 126.541699  64.335435    53.488    53.494 14 57042.90681707 15.400
 242 126.540757  64.335262    53.583    53.487 14 57052.82246093 13.918
 243 126.541905  64.333801    53.290    53.260 13 57062.73810045 14.451
 244 126.543825  64.332806    53.486    53.362 14 57072.65373486 11.705
 245 126.541957  64.332710    53.404    53.383 14 57082.56936510 12.911
 246 126.541560  64.335164    53.346    53.335 13 57092.48501211 13.087
 247 126.537514  64.337168    54.496    54.671 13 57102.40066911 10.246
 248 126.537918  64.337646    54.751    54.966 13 57112.31632282 10.572
 249 126.542195  64.336630    54.563    54.568 13 57122.23197083  9.906
 250 126.542276  64.334741    54.629    54.881 13 57132.14761283  9.475
