# NaN NaN NaN ;Mean Elev.(m), Avg Gradient(m/km), RMS Gradient(m/km) - SRTM1     
#  114.274  -1.881  33.511 ;Mean Elev.(m), Avg Gradient(m/km), RMS Gradient(m/km) - ASTER GDEM
#  100.268  -1.194  37.501 ;Mean Elev.(m), Avg Gradient(m/km), RMS Gradient(m/km) - GMTED2010 
   1 123.413035  60.586287   112.597   112.565  7 54667.29649229 41.076
   2 123.415027  60.586221   114.372   114.118  7 54677.21213691 31.449
   3 123.422798  60.585649     6.517     6.110  6 54687.12778086  2.904
   4 123.425796  60.586769   114.482   114.473  7 54697.04342243 39.580
   5 123.423773  60.587359    12.763    12.921  6 54706.95906313  4.043
   6 123.417535  60.585825   290.648   290.673  7 54716.87471489  1.873
   7 123.400589  60.587865    12.229    12.229  5 54726.79036268  1.210
   8 123.398924  60.586481   279.218   276.379  7 54736.70601051  4.258
  10 123.406177  60.586166   111.447   111.435  7 54756.53730510 48.286
  11 123.408505  60.585747   110.983   111.069  7 54766.45295033 52.093
  17 123.417180  60.586812   114.240   114.369  7 54825.94679361 13.783
  18 123.415720  60.585357   117.266   117.351  7 54835.86243317 11.620
  19 123.409823  60.585907   118.240   118.271  7 54845.77808227 10.793
  20 123.410271  60.585651   118.308   118.245  8 54855.69373127  9.832
  21 123.414292  60.585552   117.645   117.519  7 54865.60938045  9.721
  22 123.413913  60.586214   117.308   117.453  7 54875.52502867 10.103
  23 123.411900  60.586188   118.165   118.259  7 54885.44067401  8.347
  24 123.406191  60.585593   118.259   118.261  7 54895.35631565  8.530
  25 123.400473  60.585104   118.872   118.782  8 54905.27195470  8.066
  26 123.400312  60.584839   118.532   118.464  8 54915.18759317  8.804
  27 123.403900  60.585266   117.933   118.888  8 54925.10323160  9.300
  28 123.408686  60.585956   112.224   109.953  7 54935.01886941 10.743
  29 123.411837  60.586384   117.729   118.159  7 54944.93450515 17.836
  30 123.411226  60.586530   291.829   291.843  7 54954.85013817  8.552
  31 123.406785  60.585698   291.505   291.284  7 54964.76578443  4.273
  32 123.404362  60.585530   290.773   291.007  8 54974.68143233  6.553
  34 123.413285  60.585853   288.386   288.044  7 54994.51272825  2.589
  35 123.415631  60.586000   117.530   117.512  7 55004.42837462 45.127
  36 123.414038  60.586046   115.031   115.020  7 55014.34401857 30.295
  37 123.411231  60.586242   115.660   115.612  7 55024.25966103 52.716
  38 123.415086  60.585343   113.902   113.879  7 55034.17530373 46.111
  39 123.418006  60.585743   114.126   114.521  7 55044.09094551 25.817
  40 123.419502  60.586515   115.170   114.888  6 55054.00658549 21.300
  41 123.417766  60.586555   114.978   114.924  7 55063.92222302 52.370
  42 123.412992  60.585453   114.834   114.875  7 55073.83786878 53.527
  43 123.405483  60.585259   113.635   113.659  8 55083.75351618 37.982
  44 123.402486  60.585419   114.790   114.726  8 55093.66916229 54.867
  45 123.402973  60.585738   113.446   113.441  7 55103.58480850 47.222
  46 123.406703  60.585246   113.061   113.047  7 55113.50045486 51.889
  47 123.405717  60.585657   113.035   111.598  8 55123.41609822 29.959
  48 123.405205  60.585217   110.459   110.465  7 55133.33173889 47.486
  49 123.401561  60.585714   112.191   111.327  7 55143.24737712 25.481
  50 123.403197  60.585647   116.273   117.536  7 55153.16301543 18.289
  51 123.409017  60.585500   117.844   117.896  7 55163.07865454 14.029
  52 123.416134  60.585611   116.835   117.255  7 55172.99429346 12.971
  53 123.420475  60.586071   116.066   116.231  6 55182.90993089 12.735
  54 123.417853  60.585963   116.809   117.325  7 55192.82558203 10.925
  55 123.414391  60.586052   117.892   117.967  7 55202.74123176  9.330
  56 123.414095  60.585819   117.193   117.807  7 55212.65688108  9.807
  57 123.411974  60.586552   117.890   118.052  7 55222.57252963  9.002
  58 123.411137  60.585842   117.718   118.037  7 55232.48817709  8.865
  59 123.408080  60.585331   118.599   118.467  7 55242.40382115  7.189
  60 123.402101  60.585523   119.005   118.961  8 55252.31946152  7.789
  61 123.399382  60.585521   117.980   118.494  8 55262.23510009  7.902
  62 123.401960  60.585667   117.669   118.193  7 55272.15073827  7.492
  63 123.407040  60.585498   117.090   117.734  8 55282.06637659  6.902
  64 123.409574  60.585712   115.399   117.303  8 55291.98201347  6.827
  65 123.411096  60.585501   113.732   111.821  7 55301.89764844  7.232
  66 123.406724  60.585376   114.064   114.620  7 55311.81329596 26.451
  67 123.404470  60.585614   290.885   290.896  7 55321.72894119  8.112
  68 123.406281  60.585621   291.415   291.521  8 55331.64458555  9.583
  69 123.409696  60.585702   282.760   284.298  8 55341.56022998  6.767
  70 123.412368  60.585743   114.912   114.905  8 55351.47587413 44.364
  71 123.414990  60.585468   116.487   116.422  7 55361.39151614 29.457
  72 123.414671  60.586018   113.388   113.375  7 55371.30715572 52.339
  74 123.421669  60.585884   114.921   114.896  7 55391.13843231 24.506
  75 123.423533  60.586211   114.818   114.871  6 55401.05406888 22.532
  76 123.417881  60.586362   113.078   113.117  7 55410.96971758 48.980
  77 123.410847  60.585519   113.114   113.077  7 55420.88536709 41.052
  78 123.402927  60.585732   112.425   112.163  8 55430.80101335 52.188
  79 123.401476  60.585793   113.895   113.816  8 55440.71665779 45.935
  80 123.405715  60.585451   113.129   113.187  7 55450.63230121 47.235
  81 123.408693  60.585627   112.388   112.546  7 55460.54794384 53.746
  82 123.408729  60.585453   116.326   116.349  8 55470.46358511 26.758
  83 123.406867  60.585238   114.133   114.695  7 55480.37922319 29.633
  84 123.405812  60.585268   110.415   110.448  8 55490.29485879 48.359
  85 123.409557  60.585403   109.663   109.635  7 55500.21049277 47.582
  86 123.412902  60.585992   112.213   112.214  7 55510.12613479 38.332
  87 123.414704  60.586052   114.284   114.550  8 55520.04178488 21.982
  88 123.412955  60.586688   118.571   118.559  7 55529.95743362 17.865
  89 123.414744  60.585331   118.229   118.281  7 55539.87308120 13.421
  90 123.411162  60.586145   118.783   118.851  7 55549.78872576 11.387
  91 123.411804  60.586238   118.870   118.833  7 55559.70436906 10.543
  92 123.417645  60.585406   118.021   117.994  7 55569.62001205  9.020
  93 123.418302  60.585691   117.794   117.784  7 55579.53565342  8.805
  94 123.412730  60.586400   118.490   118.392  7 55589.45129153  8.745
  95 123.407724  60.586112   118.994   119.032  7 55599.36692677  8.179
  96 123.405656  60.585822   119.224   119.208  7 55609.28255994  7.613
  97 123.408385  60.586345   119.219   119.135  7 55619.19819193  7.872
  98 123.414257  60.585833   118.601   118.452  7 55629.11384156  6.678
  99 123.415999  60.585862   118.541   118.527  7 55639.02949295  7.028
 100 123.410486  60.586377   117.359   118.099  7 55648.94514139  3.804
 101 123.403750  60.585826   117.756   118.469  7 55658.86078667  6.778
 102 123.400623  60.585306   113.160   111.355  7 55668.77642838  6.463
 103 123.404353  60.585352   290.577   290.542  7 55678.69206819 12.193
 104 123.412166  60.586011   290.144   290.771  7 55688.60770627  6.405
 105 123.419466  60.586391   291.733   291.794  6 55698.52334292  4.942
 106 123.421808  60.586546   113.208   113.206  7 55708.43897967 50.143
 107 123.417531  60.586079   116.133   116.109  7 55718.35463012 39.604
 108 123.415209  60.585574   114.902   114.862  7 55728.27027824 29.195
 109 123.416046  60.585499   113.321   113.393  7 55738.18592515 37.132
 110 123.416681  60.586147   112.263   112.297  7 55748.10157076 46.641
 111 123.415851  60.586477   115.608   116.002  7 55758.01721408 20.126
 112 123.413515  60.585868   111.590   111.569  7 55767.93285465 45.441
 113 123.407166  60.585800   115.874   115.906  8 55777.84849168 44.331
 114 123.403725  60.585839   290.794   290.730  7 55787.76412631  1.845
 115 123.408009  60.585985   113.192   113.286  8 55797.67976009 50.442
 116 123.413118  60.586258   114.368   114.366  7 55807.59540384 35.345
 117 123.416967  60.586219   285.572   286.827  7 55817.51105302  5.199
 118 123.417265  60.585336   289.449   289.602  7 55827.42669832  5.555
 119 123.411351  60.585404   290.034   289.766  7 55837.34233861  2.063
 120 123.406208  60.585593   117.710   118.084  8 55847.25797587 26.388
 121 123.410428  60.585727   116.930   118.017  8 55857.17361174 21.836
 122 123.414743  60.586724   110.799   110.795  7 55867.08925661 47.520
 123 123.421799  60.585872   111.060   111.067  7 55877.00490966 45.405
 133 123.405093  60.585404   115.495   117.772  7 55976.16133917 12.562
 134 123.412455  60.585977   110.132   110.676  8 55986.07697623 13.358
 135 123.420698  60.585638   117.143   117.206  7 55995.99261340  8.424
 136 123.414438  60.586168   118.047   117.990  7 56005.90826470  8.425
 137 123.406711  60.585846   118.830   118.719  8 56015.82391193  8.127
 139 123.405227  60.585411   119.005   118.864  8 56035.65519965  8.211
 141 123.419499  60.586407   291.573   291.671  7 56055.48647973 17.635
 142 123.424268  60.586298   291.556   291.608  7 56065.40211424  7.198
 143 123.418538  60.586832   291.929   292.109  7 56075.31775910  6.223
 144 123.415345  60.586068   290.778   290.650  7 56085.23340828  4.621
 145 123.414120  60.585847   117.195   117.647  7 56095.14905528 28.668
 146 123.414556  60.586054   116.527   116.612  8 56105.06470029 32.812
 147 123.415657  60.585411   117.163   117.180  7 56114.98033100 51.530
 148 123.414302  60.585356   115.759   115.756  7 56124.89596920 50.291
 149 123.411365  60.585468   118.747   118.761  7 56134.81160320 56.389
 150 123.407684  60.585924   115.513   115.542  8 56144.72724366 53.787
 151 123.407752  60.585490   113.841   113.850  8 56154.64289370 47.569
 152 123.410819  60.585346   112.757   112.633  7 56164.55854281 53.776
 153 123.411437  60.586068   113.264   113.238  7 56174.47418943 47.860
 154 123.412574  60.585820   113.004   113.066  8 56184.38983111 41.169
 155 123.408825  60.586138   114.938   114.946  7 56194.30546852 29.922
 156 123.409191  60.585615   114.886   114.930  7 56204.22110365 30.802
 157 123.412720  60.586142   111.657   111.594  7 56214.13673749 52.868
 158 123.422105  60.586214   110.393   110.404  6 56224.05237363 44.790
 159 123.422523  60.586753   110.032   110.059  6 56233.96802967 39.803
 160 123.421069  60.586591   110.994   110.940  6 56243.88368165 27.566
 161 123.417292  60.586229   110.712   110.728  7 56253.79932859 20.641
 162 123.415179  60.586005   111.609   110.708  7 56263.71497127 19.845
 164 123.414716  60.586158   117.989   117.988  7 56283.54625564 13.409
 165 123.412018  60.585704   117.944   117.942  7 56293.46190681 11.980
 166 123.405441  60.585918   118.571   118.524  8 56303.37755317 11.267
 167 123.401952  60.585730   118.992   118.895  7 56313.29319583  9.955
 168 123.403744  60.585367   119.034   119.086  7 56323.20883698  9.074
 169 123.408488  60.585341   118.564   118.405  7 56333.12447785  7.602
 170 123.409953  60.586330   118.475   118.552  7 56343.04011782  7.075
 171 123.413872  60.585856   118.174   118.068  7 56352.95575590  6.596
 172 123.411956  60.585845   118.615   118.555  7 56362.87139782  5.075
 173 123.407409  60.585937   119.092   119.166  8 56372.78704662  5.031
 175 123.410755  60.585686   118.377   118.185  8 56392.61833757  5.009
 176 123.416457  60.585381   113.297   113.249  7 56402.53398065  5.521
 177 123.418364  60.586109   290.560   290.478  6 56412.44962042 12.008
 178 123.420741  60.586216   291.588   291.691  6 56422.36525535  6.147
 179 123.419682  60.586357   291.457   291.595  6 56432.28089662  6.033
 180 123.414709  60.586419   291.359   291.424  7 56442.19654878  6.303
 181 123.411929  60.586536   291.246   291.080  7 56452.11219864  9.737
 182 123.410598  60.586053   113.728   113.725  7 56462.02784629 42.413
 183 123.406596  60.586035   112.578   112.504  7 56471.94349035 52.396
 184 123.404661  60.585535   290.715   290.877  8 56481.85913114  7.044
 185 123.404505  60.585694   290.757   290.763  8 56491.77476821  7.864
 187 123.414766  60.586734   116.450   116.399  7 56511.60603640 53.938
 188 123.419244  60.585709   113.998   114.007  7 56521.52168259 51.233
 189 123.415124  60.585628   114.105   114.121  7 56531.43733499 41.073
 191 123.407669  60.585767   115.781   114.921  8 56551.26862818 30.169
 192 123.409503  60.586117   290.746   290.960  7 56561.18427104  1.375
 193 123.415521  60.586024   116.459   116.350  7 56571.09991331 22.490
 194 123.420063  60.586465   110.359   110.239  6 56581.01555386 52.369
 195 123.423323  60.586405   109.711   109.739  6 56590.93119023 49.944
 196 123.418614  60.586486   109.412   109.445  7 56600.84683779 44.045
 197 123.412982  60.586529   109.813   109.798  7 56610.76248739 31.852
 198 123.414234  60.586137   110.211   110.231  7 56620.67813293 26.943
 199 123.414642  60.586707   111.603   110.517  7 56630.59377516 18.343
 200 123.418781  60.585492   112.084   110.600  7 56640.50941426 17.128
 201 123.412874  60.585406   112.305   110.364  7 56650.42506041 17.214
 202 123.404787  60.585155   117.203   117.860  8 56660.34071025 14.136
 203 123.400592  60.585592   118.302   118.465  7 56670.25635694 12.823
 205 123.413440  60.585310   114.635   114.369  7 56690.08764661 10.928
 206 123.413515  60.586496   117.010   117.265  7 56700.00328673 11.061
 207 123.413735  60.585915   115.872   116.945  8 56709.91892239 10.054
 208 123.409539  60.585848   117.466   117.570  7 56719.83456352  9.897
 211 123.414817  60.586637   115.511   117.124  7 56749.58150861  9.477
 212 123.420491  60.586424   111.100   111.289  6 56759.49714854 36.624
 213 123.421551  60.586636   291.338   291.399  7 56769.41278167 14.708
 214 123.416077  60.586064   291.670   291.650  8 56779.32843095  9.784
 215 123.409339  60.586077   290.635   290.717  7 56789.24408587  6.488
 216 123.408496  60.585517   290.160   289.979  7 56799.15973812  5.592
 217 123.408591  60.586212   291.287   291.292  7 56809.07538414  6.510
 219 123.409757  60.585305   115.102   115.100  7 56828.90666192 34.470
 221 123.408700  60.585347   113.569   113.576  7 56848.73792705 48.435
 222 123.408084  60.585990   111.734   111.656  7 56858.65358138 53.969
 223 123.412406  60.586220   110.927   110.919  7 56868.56923513 52.624
 224 123.413097  60.586317   112.418   112.478  7 56878.48488646 53.070
 225 123.410893  60.585394   113.173   113.146  7 56888.40053434 38.823
 226 123.404417  60.585232   115.623   114.827  7 56898.31617907 26.600
 227 123.402379  60.585494   115.248   114.878  7 56908.23182172 27.660
 228 123.408843  60.585581   114.906   114.931  7 56918.14746327 28.913
 229 123.415961  60.586721   113.476   113.806  7 56928.06310278 35.518
 230 123.423752  60.586482   111.459   111.464  6 56937.97873847 52.854
 231 123.424498  60.586532   110.268   110.267  6 56947.89437128 50.943
 232 123.415602  60.586063   109.373   109.366  7 56957.81002409 43.221
 233 123.409527  60.585967   110.615   110.572  8 56967.72567170 27.441
 234 123.411807  60.585580   116.994   117.901  7 56977.64131602 15.935
 235 123.414135  60.586606   117.974   118.077  7 56987.55695562 14.527
 236 123.418697  60.586462   116.893   117.679  7 56997.47258954 13.450
 237 123.415898  60.585535   117.745   117.796  7 57007.38823640 12.507
 238 123.404912  60.586004   119.204   119.206  7 57017.30388891 11.115
 239 123.402704  60.585277   119.322   119.416  8 57027.21953898  9.322
 240 123.405329  60.585710   119.225   119.256  7 57037.13518762  9.083
 241 123.411620  60.585843   118.616   118.487  7 57047.05083411  8.587
 242 123.416959  60.585590   117.967   117.981  7 57056.96647695  8.057
 243 123.414306  60.586220   118.383   118.234  7 57066.88211351  7.514
 244 123.415107  60.585590   118.205   118.224  7 57076.79774612  7.789
 245 123.419155  60.585358   117.751   117.826  7 57086.71337668  7.154
 246 123.415873  60.586737   117.843   117.843  7 57096.62903503 10.136
 247 123.419949  60.586286   109.659   109.752  7 57106.54469140 18.921
 248 123.421076  60.586348   109.945   109.171  7 57116.46034265 15.033
 249 123.417422  60.586353   112.193   112.178  7 57126.37598725 16.172
 250 123.413530  60.585887   111.456   110.463  8 57136.29162657 32.165
