# NaN NaN NaN ;Mean Elev.(m), Avg Gradient(m/km), RMS Gradient(m/km) - SRTM1     
#   19.572     NaN     NaN ;Mean Elev.(m), Avg Gradient(m/km), RMS Gradient(m/km) - ASTER GDEM
#   24.811  -1.450   6.164 ;Mean Elev.(m), Avg Gradient(m/km), RMS Gradient(m/km) - GMTED2010 
   1 124.258995  65.770730    41.560    42.452  8 54668.15050801 25.687
   2 124.258665  65.771653    40.740    40.149  8 54678.06615235 25.071
   3 124.256928  65.773136   -23.003   -23.011  7 54687.98179531  8.075
   4 124.257352  65.773995    41.515    41.535  8 54697.89743653 39.571
   5 124.256928  65.772938   -14.401   -14.404  7 54707.81307854  7.948
   6 124.255754  65.770797    42.362    42.236  8 54717.72873013 38.517
   7 124.254877  65.768651    -4.198    -4.003  8 54727.64437921 14.040
   8 124.259986  65.768656    40.398    40.415  8 54737.56002733 54.715
   9 124.259889  65.769964    39.704    39.643  8 54747.47567473 28.666
  10 124.256872  65.771180    38.559    38.581  8 54757.39132149 44.441
  11 124.259198  65.771377    37.650    37.719  8 54767.30696670 44.236
  12 124.256568  65.769461    37.495    37.540  8 54777.22260810 40.461
  13 124.257138  65.767709    37.678    37.705  8 54787.13824739 20.261
  14 124.258580  65.767530    37.582    37.569  9 54797.05388570 20.201
  17 124.258392  65.771654    37.915    37.929  8 54826.80080982 17.528
  18 124.255950  65.771330    37.788    37.775  8 54836.71644873 16.639
  19 124.254490  65.771499    37.592    37.657  8 54846.63209808 16.425
  20 124.257117  65.772422    37.537    37.550  8 54856.54774722 15.567
  21 124.255850  65.773519    37.571    37.688  8 54866.46339603 15.073
  22 124.257970  65.773871    37.602    37.599  8 54876.37904460 14.610
  23 124.256626  65.772727    37.763    37.751  7 54886.29468985 14.153
  24 124.259650  65.770949    37.698    37.744  8 54896.21033205 13.733
  25 124.257614  65.769268    37.972    37.969  8 54906.12597112 13.862
  26 124.258654  65.769129    38.176    38.147  8 54916.04160934 14.052
  27 124.260183  65.769986    38.209    38.072  8 54925.95724742 13.279
  28 124.254874  65.770172    38.174    38.124  8 54935.87288417 12.729
  29 124.255743  65.769867    38.043    38.017  8 54945.78851956 35.035
  30 124.257967  65.768516    37.870    37.362  9 54955.70415246 37.708
  31 124.257483  65.767532    40.051    39.842  9 54965.61980018 35.708
  32 124.259754  65.768009    45.165    45.139  8 54975.53544830 39.479
  33 124.258581  65.769427    42.958    42.960  8 54985.45109599 50.245
  34 124.255528  65.770679    44.216    44.178  8 54995.36674351 26.095
  35 124.255176  65.771462    43.425    42.857  8 55005.28238976 25.156
  36 124.255630  65.771706    41.511    41.587  8 55015.19803387 40.400
  37 124.256690  65.771933    40.413    40.309  8 55025.11367662 51.898
  38 124.256601  65.772717    41.204    40.610  7 55035.02931876 21.849
  39 124.257901  65.773237    39.687    39.698  8 55044.94496026 29.831
  40 124.257154  65.772488    39.353    39.117  7 55054.86059979 34.275
  41 124.254697  65.770389    39.636    39.637  8 55064.77623684 38.023
  42 124.254468  65.768979    40.724    39.957  8 55074.69188400 23.241
  43 124.255235  65.768611    39.387    39.410  8 55084.60753198 51.730
  44 124.259502  65.769577    39.322    39.313  8 55094.52317875 54.972
  45 124.257500  65.770052    40.023    40.048  9 55104.43882480 51.015
  46 124.257950  65.770216    39.646    39.721  8 55114.35447086 45.082
  47 124.260343  65.769683    39.091    39.111  8 55124.27011461 52.131
  48 124.255893  65.768527    37.800    37.805  8 55134.18575492 45.616
  49 124.258392  65.768251    38.015    37.304  9 55144.10139375 31.741
  50 124.258212  65.768841    37.724    37.374  8 55154.01703172 26.305
  51 124.256237  65.769634    38.345    37.780  8 55163.93266987 24.259
  52 124.257510  65.770645    38.803    38.983  9 55173.84830807 22.282
  53 124.259002  65.770970    38.498    38.412  8 55183.76394656 20.881
  54 124.254344  65.771128    38.663    38.755  8 55193.67959732 20.683
  55 124.257024  65.772208    39.072    39.036  7 55203.59524753 20.075
  56 124.254413  65.773070    38.189    37.970  8 55213.51089660 19.058
  57 124.256405  65.773428    37.875    37.875  7 55223.42654562 18.029
  58 124.254406  65.772051    37.786    37.760  8 55233.34219268 17.608
  59 124.259116  65.770252    38.134    38.078  8 55243.25783714 16.839
  60 124.259101  65.768748    38.448    38.328  8 55253.17347796 16.415
  61 124.258335  65.768769    38.311    38.412  8 55263.08911664 15.527
  62 124.255911  65.769878    38.291    38.245  8 55273.00475425 15.560
  63 124.259038  65.770679    38.630    38.374  8 55282.92039203 14.986
  64 124.256013  65.769560    38.368    38.412  8 55292.83602792 14.567
  66 124.258611  65.767325    39.309    39.245  8 55312.66731154 24.958
  67 124.257093  65.767935    36.634    36.459  8 55322.58295682 40.919
  68 124.259033  65.769679    37.420    37.432  8 55332.49860124 42.368
  69 124.258934  65.771034    45.759    45.742  8 55342.41424542 55.604
  70 124.257430  65.771132    44.086    44.089  9 55352.32988917 30.179
  71 124.255356  65.770755    43.860    43.846  8 55362.24553066 27.366
  72 124.259976  65.771273    40.797    40.588  8 55372.16117080 28.912
  74 124.249473  65.772355    41.600    41.522  6 55391.99244571 55.427
  75 124.259582  65.772891    41.316    40.734  8 55401.90808278 22.231
  76 124.260427  65.771325    38.882    38.491  8 55411.82373321 41.374
  77 124.257828  65.768797    40.978    40.267  8 55421.73938245 25.721
  78 124.259128  65.767551    40.386    39.941  9 55431.65502929 23.967
  79 124.255363  65.768206    39.790    39.567  8 55441.57067361 26.594
  80 124.258683  65.770192    40.418    40.366  8 55451.48631712 49.193
  81 124.254426  65.770838    41.127    39.683  8 55461.40195920 29.298
  82 124.255826  65.769840    40.058    39.578  8 55471.31760033 27.033
  83 124.258163  65.768100    39.187    39.370  8 55481.23323860 26.563
  84 124.258570  65.766875    36.976    36.947  8 55491.14887432 45.142
  85 124.259446  65.767666    37.273    37.302  9 55501.06450817 25.988
  86 124.257254  65.769631    37.167    37.161  8 55510.98015126 21.984
  87 124.256405  65.771348    37.278    37.272  8 55520.89580092 18.539
  88 124.258082  65.771921    37.435    37.379  8 55530.81144966 18.069
  89 124.258972  65.771419    37.453    37.459  8 55540.72709664 17.462
  90 124.255266  65.770875    37.234    37.262  8 55550.64274106 16.399
  91 124.256783  65.771833    37.331    37.362  8 55560.55838445 15.140
  92 124.257501  65.773153    37.355    37.407  8 55570.47402698 14.192
  93 124.258909  65.773309    37.341    37.353  8 55580.38966850 13.650
  94 124.258023  65.771198    37.431    37.422  8 55590.30530687 13.101
  95 124.256763  65.768086    37.574    37.555  8 55600.22094202 12.574
  96 124.261034  65.766619    37.482    37.564  9 55610.13657545 12.463
  97 124.259488  65.767235    37.682    37.574  8 55620.05220709 12.211
  98 124.255423  65.769533    37.658    37.506  8 55629.96785765 11.974
  99 124.257485  65.771028    38.084    38.065  9 55639.88350880 11.207
 100 124.254851  65.769802    38.104    38.034  8 55649.79915698 11.174
 101 124.257241  65.767662    38.091    38.062  9 55659.71480223 10.743
 102 124.257054  65.766571    39.441    39.381  9 55669.63044368 10.643
 103 124.258482  65.767914    37.731    37.756  8 55679.54608333 30.911
 104 124.254687  65.770053    37.828    37.741  8 55689.46172061 30.223
 105 124.257329  65.771871    42.423    42.349  7 55699.37735699 40.978
 106 124.254609  65.771586    43.920    43.775  8 55709.29299479 26.935
 107 124.255065  65.770873    43.318    43.400  8 55719.20864534 28.656
 108 124.254977  65.770699    42.223    41.877  8 55729.12429348 37.503
 109 124.257190  65.771526    40.972    40.987  8 55739.03994044 46.588
 110 124.258107  65.772503    41.211    40.534  8 55748.95558604 25.567
 111 124.256894  65.772309    39.887    39.796  8 55758.87122906 46.308
 112 124.256382  65.770732    38.069    38.001  8 55768.78686930 54.872
 113 124.257934  65.768441    39.040    39.063  9 55778.70250651 32.933
 114 124.259372  65.766961    40.577    40.375  9 55788.61814122 22.801
 115 124.258846  65.767396    39.463    39.503  8 55798.53377454 49.221
 116 124.258189  65.769196    39.146    38.944  8 55808.44941963 33.022
 117 124.258092  65.770696    39.290    39.293  8 55818.36506867 55.280
 118 124.257613  65.770041    41.654    42.312  8 55828.28071355 22.926
 119 124.256680  65.768122    39.747    39.795  8 55838.19635396 34.577
 120 124.261249  65.767043    39.211    39.652  9 55848.11199182 28.407
 121 124.260270  65.767831    37.265    37.293  9 55858.02762705 42.995
 122 124.259607  65.770286    37.620    37.600  8 55867.94327343 41.711
 123 124.256783  65.772267    39.250    39.207  8 55877.85892506 15.062
 133 124.259896  65.768442    38.785    38.790  8 55977.01535492 11.994
 134 124.254571  65.769293    38.942    38.862  8 55986.93099067 11.571
 135 124.259692  65.770165    39.256    39.313  8 55996.84662907 11.039
 136 124.255471  65.769337    39.153    39.159  8 56006.76228013 10.927
 137 124.256580  65.768211    39.090    39.189  8 56016.67792754 11.062
 139 124.254819  65.769111    39.314    39.155  8 56036.50921466 10.382
 141 124.258112  65.772236    36.365    36.369  8 56056.34049391 49.779
 142 124.257967  65.772195    44.542    44.560  8 56066.25612771 39.802
 143 124.257391  65.771764    45.294    45.336  8 56076.17177479 53.914
 144 124.258757  65.771844    43.997    44.049  8 56086.08742407 25.144
 145 124.256749  65.771720    42.877    42.666  8 56096.00307062 42.006
 146 124.259555  65.771715    40.889    40.901  8 56105.91871548 40.936
 147 124.258038  65.770628    41.644    41.644  8 56115.83434544 55.608
 148 124.255073  65.769234    41.524    40.479  8 56125.74998310 25.722
 149 124.256386  65.768123    42.134    43.125  8 56135.66561720 21.063
 150 124.257082  65.768082    41.418    41.531  8 56145.58125961 26.192
 151 124.259791  65.769027    40.414    39.908  8 56155.49690969 29.602
 152 124.259084  65.769907    42.131    42.679  8 56165.41255848 22.588
 153 124.258457  65.770130    42.112    42.796  8 56175.32820504 22.369
 154 124.255654  65.769445    41.877    42.369  8 56185.24384627 22.834
 155 124.258357  65.768803    40.079    40.154  8 56195.15948422 23.522
 156 124.255465  65.768599    40.047    39.650  8 56205.07511871 25.287
 157 124.257322  65.769768    39.082    38.753  9 56214.99075220 37.759
 158 124.259316  65.771425    38.225    38.258  8 56224.90638980 44.070
 159 124.256938  65.772201    38.170    38.260  7 56234.82204524 34.314
 160 124.255882  65.772095    39.267    39.500  8 56244.73769686 20.949
 161 124.254454  65.771611    39.043    39.262  8 56254.65334343 20.301
 162 124.259926  65.772115    38.804    38.607  8 56264.56898656 19.718
 165 124.258743  65.770429    38.208    38.173  8 56294.31592300 17.154
 166 124.260140  65.768877    38.568    38.669  8 56304.23156987 16.306
 167 124.258611  65.768288    38.122    38.122  8 56314.14721261 15.244
 168 124.257117  65.769130    38.454    38.416  7 56324.06285336 14.972
 169 124.258116  65.770444    38.609    38.320  8 56333.97849365 14.540
 170 124.259473  65.770598    39.327    39.768  8 56343.89413325 13.553
 171 124.259678  65.769609    38.391    38.403  8 56353.80977040 12.855
 172 124.256457  65.768404    38.467    38.445  8 56363.72541339 12.717
 173 124.256940  65.768709    38.498    38.522  8 56373.64106242 12.425
 175 124.260001  65.772199    38.820    38.222  8 56393.47235309 11.577
 176 124.254687  65.772530    40.229    40.229  8 56403.38799496 26.903
 177 124.259010  65.772641    36.536    36.151  8 56413.30363481 47.744
 178 124.255513  65.771404    37.134    37.236  8 56423.21926893 45.281
 179 124.259875  65.771563    46.246    46.268  8 56433.13491273 46.417
 180 124.258609  65.772075    43.894    44.023  8 56443.05056502 27.654
 181 124.259312  65.772832    43.182    43.286  8 56452.96621495 24.086
 182 124.258978  65.772142    42.976    43.302  8 56462.88186211 23.441
 184 124.257716  65.768363    41.072    39.799  9 56482.71314620 25.717
 185 124.258142  65.767982    42.611    43.151  9 56492.62878316 20.089
 187 124.257620  65.770364    42.615    43.013  9 56512.46005064 22.817
 188 124.260480  65.770948    42.456    41.817  8 56522.37569854 25.501
 189 124.256708  65.769793    42.775    43.051  8 56532.29135068 22.294
 191 124.256796  65.768768    40.951    41.398  8 56552.12264433 22.640
 192 124.259954  65.770843    39.249    39.267  8 56562.03828741 46.002
 193 124.256490  65.772720    39.958    39.954  8 56571.95392869 31.680
 194 124.253267  65.773429    37.814    37.811  8 56581.86956816 43.204
 195 124.256713  65.772568    37.354    37.300  8 56591.78520387 41.067
 196 124.257674  65.771267    36.742    36.729  8 56601.70085342 29.549
 197 124.256708  65.770719    37.119    37.105  8 56611.61650301 24.555
 198 124.257187  65.771697    37.099    37.133  7 56621.53214828 22.091
 199 124.255410  65.772462    37.150    37.116  8 56631.44779037 19.721
 200 124.257815  65.772031    37.217    37.273  8 56641.36342879 18.723
 201 124.256346  65.769799    37.285    37.260  8 56651.27907672 18.130
 202 124.258444  65.767953    37.266    37.307  9 56661.19472705 16.318
 203 124.258805  65.767735    37.265    37.221  8 56671.11037406 15.674
 205 124.254792  65.771332    37.108    37.109  8 56690.94166196 15.059
 206 124.256149  65.771639    37.736    37.746  8 56700.85730166 13.822
 207 124.258629  65.770033    37.718    37.742  8 56710.77293661 13.088
 208 124.259665  65.768832    38.065    38.152  8 56720.68857980 12.493
 209 124.244646  65.768190    41.311    40.263  3 56730.60423032  5.608
 211 124.256313  65.773656    38.371    38.390  8 56750.43552363 11.215
 212 124.255954  65.774205    39.951    40.431  8 56760.35116263 16.978
 213 124.258711  65.773029    40.203    40.427  8 56770.26679534 30.285
 214 124.258928  65.771567    40.340    40.305  8 56780.18244743 23.855
 215 124.258965  65.771064    41.366    41.340  8 56790.09810262 36.579
 216 124.258081  65.771740    44.581    44.567  8 56800.01375452 41.669
 217 124.256545  65.772697    43.310    42.507  8 56809.92939979 28.645
 219 124.259529  65.770779    42.744    43.090  8 56829.76067662 22.547
 220 124.257772  65.768186    47.161    42.032  9 56839.67630952 31.637
 221 124.259300  65.767479    39.843    39.896  8 56849.59194312 56.097
 222 124.256765  65.769075    42.448    42.214  8 56859.50759748 20.886
 223 124.255416  65.771321    39.221    39.202  8 56869.42325109 53.735
 224 124.257857  65.772366    40.056    40.101  8 56879.33890260 26.275
 225 124.260239  65.771603    40.265    39.797  8 56889.25455057 25.100
 226 124.259220  65.770081    40.964    40.848  8 56899.17019544 23.075
 227 124.258549  65.770239    40.410    40.240  8 56909.08583809 29.078
 228 124.257420  65.771983    39.028    38.732  8 56919.00147892 28.850
 229 124.255900  65.773881    40.346    40.330  8 56928.91711764 24.296
 230 124.257037  65.774348    39.987    39.973  8 56938.83275214 27.940
 231 124.256993  65.772951    37.406    37.380  8 56948.74838679 46.918
 232 124.260062  65.771561    36.407    36.331  8 56958.66403991 39.845
 233 124.257419  65.770582    35.868    35.941  9 56968.57968732 27.333
 234 124.256246  65.770897    36.925    36.956  8 56978.49533100 24.771
 235 124.255108  65.771492    37.160    37.177  8 56988.41097025 20.466
 236 124.258300  65.771274    37.106    37.050  8 56998.32660369 19.930
 237 124.258482  65.770080    37.078    37.103  8 57008.24225313 19.181
 238 124.257655  65.768617    37.137    37.094  9 57018.15790612 17.230
 239 124.258372  65.768408    37.016    37.032  8 57028.07355603 17.059
 240 124.260011  65.769847    37.279    37.147  8 57037.98920436 14.508
 241 124.259788  65.771368    37.074    37.075  8 57047.90485002 14.681
 242 124.257832  65.771832    37.390    37.440  8 57057.82049168 13.667
 243 124.260301  65.771182    37.583    37.499  8 57067.73612814 13.245
 244 124.259474  65.770300    37.665    37.722  8 57077.65175998 12.744
 245 124.255817  65.770055    37.696    37.747  8 57087.56739220 12.760
 246 124.255478  65.771879    38.159    38.172  8 57097.48305092 12.439
 247 124.258198  65.773797    38.752    38.302  8 57107.39870703 11.361
 248 124.257489  65.774100    38.751    38.716  8 57117.31435782 11.265
 249 124.255793  65.772919    40.670    40.831  8 57127.23000225 12.689
 250 124.257312  65.771614    40.387    40.268  8 57137.14564153 16.401
