# NaN NaN NaN ;Mean Elev.(m), Avg Gradient(m/km), RMS Gradient(m/km) - SRTM1     
#  138.448 -71.979  70.248 ;Mean Elev.(m), Avg Gradient(m/km), RMS Gradient(m/km) - ASTER GDEM
#  131.613  -1.588  51.922 ;Mean Elev.(m), Avg Gradient(m/km), RMS Gradient(m/km) - GMTED2010 
   1 118.076359  59.721444   144.522   146.913  3 54662.13542820 28.266
   2 118.073388  59.721747   139.290   139.404  3 54672.05107316 41.633
  10 118.074139  59.722893   140.530   137.624  3 54751.37624042 28.804
  11 118.073219  59.722426   140.394   137.500  3 54761.29188706 28.495
  12 118.075195  59.721667   136.940   136.947  3 54771.20753153 42.397
  13 118.076759  59.720761   135.571   135.554  3 54781.12317275 40.408
  17 118.074609  59.719999   146.522   146.626  3 54820.78572567 11.796
  18 118.075506  59.721046   146.563   146.563  2 54830.70137800 12.028
  19 118.075675  59.722518   146.728   146.624  3 54840.61701687 10.140
  20 118.073266  59.724105   146.465   146.495  3 54850.53266583 10.121
  21 118.071324  59.725909   146.171   146.132  3 54860.44831452  9.455
  22 118.069995  59.726587   146.017   145.844  3 54870.36396326  9.427
  23 118.070847  59.725354   146.148   146.137  3 54880.27961067  8.884
  24 118.071671  59.722332   146.284   146.291  3 54890.19525461  9.429
  25 118.075303  59.721453   151.271   147.162  3 54900.11089598  7.666
  26 118.073484  59.721263   146.548   146.547  3 54910.02653474  8.106
  27 118.072235  59.722448   161.389   161.070  3 54919.94217242  3.775
  29 118.075555  59.721187   146.532   146.636  3 54939.77344590 18.521
  31 118.080396  59.717414   142.241   142.243  3 54959.60471874 47.537
  33 118.078075  59.720921   537.349   538.072  3 54979.43601501  2.957
  35 118.076077  59.722525   144.786   144.824  3 54999.26730982 49.304
  36 118.075848  59.722550   146.958   146.854  3 55009.18295541 27.720
  37 118.073656  59.721940   140.686   140.739  3 55019.09859894 42.953
  38 118.074319  59.723735   139.678   139.558  3 55029.01424165 49.205
  39 118.069686  59.723536   138.889   139.139  3 55038.92988300 42.540
  40 118.073063  59.724748   138.797   138.822  3 55048.84552397 37.910
  41 118.075609  59.722852   140.010   139.926  3 55058.76116238 49.475
  42 118.075966  59.719185   141.356   141.361  3 55068.67680086 40.167
  43 118.078788  59.719044   147.046   147.046  2 55078.59245093 20.294
  44 118.075691  59.719433   140.896   141.189  3 55088.50809841 48.714
  45 118.074754  59.722138   141.424   138.607  3 55098.42374502 31.332
  46 118.071478  59.722796   138.999   139.027  3 55108.33939069 44.038
  47 118.073636  59.722594   138.424   138.424  2 55118.25503578 36.149
  48 118.076508  59.720759   137.464   137.456  3 55128.17067835 45.185
  49 118.078194  59.719274   136.381   136.347  3 55138.08631866 39.106
  50 118.078107  59.719603   146.684   146.491  3 55148.00195734 23.288
  51 118.075721  59.720707   137.576   137.697  3 55157.91759524 27.541
  52 118.073551  59.721221   137.866   137.838  3 55167.83323288 26.767
  53 118.074474  59.721154   139.556   138.198  3 55177.74887008 22.103
  54 118.077444  59.721328   140.794   137.727  3 55187.66451455 21.571
  55 118.074958  59.721349   137.489   137.441  3 55197.58016511 22.493
  56 118.074086  59.723474   140.119   136.803  3 55207.49581512 21.581
  57 118.070493  59.724570   142.364   144.893  3 55217.41146424 17.585
  58 118.070499  59.725313   146.376   146.272  3 55227.32711300 11.346
  59 118.071718  59.723892   146.306   146.306  2 55237.24275882 12.107
  60 118.075680  59.722018   146.704   146.802  3 55247.15840133 11.791
  61 118.076579  59.720290   146.632   146.591  3 55257.07404097 10.657
  62 118.075334  59.720423   146.692   146.574  3 55266.98967961  9.632
  63 118.074088  59.721996   146.637   146.616  3 55276.90531778  9.429
  64 118.073658  59.722150   146.444   146.353  3 55286.82095471 11.102
  65 118.076181  59.720636   146.845   146.845  2 55296.73658944  8.276
  67 118.078652  59.717780   135.872   135.874  3 55316.56787655 31.593
  68 118.078600  59.719338   538.453   538.307  3 55326.48352221  2.051
  69 118.074631  59.720581   143.695   143.733  3 55336.39916650 48.683
  70 118.073386  59.722205   140.600   140.400  3 55346.31481065 50.149
  71 118.073601  59.722628   141.374   141.374  2 55356.23045349 48.862
  72 118.072184  59.721509   147.001   146.993  3 55366.14609392 22.499
  73 118.074766  59.721859   138.632   138.632  2 55376.06173338 31.608
  74 118.073067  59.721199   141.975   141.980  3 55385.97737127 35.651
  75 118.074252  59.721776   137.756   137.756  2 55395.89300865 46.801
  76 118.076180  59.722011   137.562   137.598  3 55405.80864954 49.779
  77 118.075035  59.721020   140.802   140.802  2 55415.72430054 43.449
  78 118.077094  59.720158   140.412   137.521  3 55425.63994862 29.076
  79 118.078118  59.719459   140.575   140.575  2 55435.55559404 46.321
  80 118.075795  59.719469   139.053   139.072  3 55445.47123799 43.370
  81 118.074981  59.721237   138.684   138.684  2 55455.38688156 46.779
  82 118.073939  59.722177   143.885   146.208  3 55465.30252428 26.411
  83 118.073458  59.720663   146.684   146.605  3 55475.21816384 23.183
  84 118.077094  59.719090   137.231   137.281  3 55485.13380068 47.701
  85 118.080379  59.718010   136.652   136.652  2 55495.04943537 43.081
  86 118.080791  59.718270   136.418   136.369  3 55504.96506900 39.272
  87 118.077362  59.720386   135.765   135.824  3 55514.88071925 42.712
  88 118.073585  59.721643   135.400   135.329  3 55524.79636859 32.509
  89 118.073860  59.722926   142.994   146.291  3 55534.71201641 20.080
  90 118.073879  59.722937   139.951   137.177  3 55544.62766211 20.515
  91 118.073602  59.723079   139.996   137.329  3 55554.54330597 20.064
  92 118.072987  59.723643   136.949   136.981  3 55564.45894895 19.810
  93 118.071597  59.723048   146.039   146.193  3 55574.37459114 14.807
  94 118.074950  59.722804   142.478   144.859  3 55584.29023232 14.655
  95 118.076289  59.720653   146.361   146.361  2 55594.20586966 14.256
  96 118.078516  59.718954   141.065   141.065  2 55604.12150377 14.576
  97 118.079180  59.717766   145.059   146.105  3 55614.03713563 14.925
  98 118.078360  59.717752   135.036   134.992  3 55623.95277343 12.949
  99 118.076037  59.719096   146.346   146.532  3 55633.86842590 11.826
 100 118.076942  59.720399   146.654   146.654  2 55643.78407639 10.541
 101 118.076666  59.720039   147.831   147.831  2 55653.69972371  5.415
 102 118.076337  59.718855   139.524   136.010  3 55663.61536653  7.905
 103 118.078602  59.719620   147.485   147.437  3 55673.53100695 22.336
 104 118.074004  59.718628   527.037   527.037  2 55683.44664509  0.945
 105 118.075585  59.720208   140.136   140.200  3 55693.36228283 37.661
 106 118.074475  59.719960   139.402   139.449  3 55703.27791859 47.233
 107 118.077299  59.721509   140.003   139.995  3 55713.19356365 46.390
 108 118.073563  59.721158   141.701   141.719  3 55723.10921260 42.759
 109 118.074651  59.722818   140.077   139.961  3 55733.02486022 36.429
 110 118.071660  59.722434   138.967   139.063  3 55742.94050586 47.279
 111 118.074080  59.723152   137.385   137.521  3 55752.85615076 31.746
 112 118.075866  59.721911   138.456   138.247  3 55762.77179303 51.035
 113 118.076115  59.719636   139.871   139.876  3 55772.68743224 38.447
 114 118.077751  59.718426   141.271   141.333  3 55782.60306826 31.682
 115 118.078597  59.718369   139.628   139.608  3 55792.51870190 31.608
 116 118.077877  59.718216   138.224   138.161  3 55802.43433603 32.068
 117 118.075883  59.719017   139.002   139.051  3 55812.34998610 43.243
 118 118.079000  59.720254   147.138   147.187  3 55822.26563506 23.328
 119 118.078297  59.718797   138.006   138.014  3 55832.18127849 43.053
 120 118.079004  59.717986   136.918   136.923  3 55842.09691764 41.407
 121 118.078510  59.717932   137.637   137.567  3 55852.01255362 47.271
 122 118.078484  59.719069   137.058   137.122  3 55861.92818757 48.068
 123 118.075306  59.720920   136.966   136.966  2 55871.84384184 41.565
 133 118.077719  59.720433   146.894   147.005  3 55971.00028125  9.825
 134 118.076556  59.720973   146.623   146.632  3 55980.91591723 10.506
 135 118.078063  59.720299   146.760   146.614  3 55990.83155212 12.073
 136 118.079447  59.719537   147.473   147.501  3 56000.74719717  8.491
 137 118.078704  59.718536   147.081   147.084  3 56010.66284724  8.461
 138 118.078033  59.718910   146.970   147.061  3 56020.57849363  8.430
 139 118.076553  59.720490   147.036   147.036  2 56030.49413724  9.221
 144 118.075224  59.720909   143.260   143.260  2 56080.07234254 44.630
 145 118.075083  59.722735   144.100   144.128  3 56089.98799091 48.159
 146 118.072010  59.723069   142.975   143.088  3 56099.90363630 44.727
 147 118.074474  59.723349   142.575   142.586  3 56109.81926810 33.596
 148 118.077189  59.721271   139.935   140.167  3 56119.73490814 47.294
 149 118.078736  59.718050   142.442   142.669  3 56129.65054428 48.859
 150 118.081056  59.717095   143.379   143.379  2 56139.56617768 44.424
 151 118.076877  59.718588   139.497   139.569  3 56149.48182731 39.847
 152 118.075570  59.721315   147.034   147.034  2 56159.39747676 23.683
 153 118.074543  59.721820   147.283   147.283  2 56169.31312463 22.181
 154 118.076353  59.720677   147.057   147.057  2 56179.22876918 23.592
 155 118.077989  59.718962   138.227   138.109  3 56189.14440937 38.519
 156 118.078138  59.718289   137.453   137.512  3 56199.06004631 37.807
 157 118.077535  59.719415   138.229   138.312  3 56208.97568063 38.963
 158 118.075935  59.720461   137.087   137.260  3 56218.89131303 38.673
 159 118.076110  59.722418   136.371   136.398  3 56228.80695997 44.009
 160 118.075658  59.722519   135.707   135.732  3 56238.72261370 38.156
 161 118.074742  59.721726   146.619   146.603  3 56248.63826343 16.855
 162 118.076358  59.722025   146.883   146.742  3 56258.55390869 15.396
 163 118.074050  59.722083   146.586   146.696  3 56268.46955061 14.934
 164 118.073422  59.722521   146.778   146.870  3 56278.38519107 11.732
 165 118.071819  59.722350   146.766   146.722  3 56288.30084036 10.181
 166 118.075816  59.721987   147.143   147.073  3 56298.21648969 12.457
 167 118.077089  59.720049   147.723   147.723  2 56308.13213460  8.778
 168 118.078497  59.719749   146.986   147.035  3 56318.04777705 13.771
 169 118.075270  59.720321   146.751   146.687  3 56327.96341781 13.583
 170 118.073075  59.721256   146.565   146.444  3 56337.87905766 13.604
 171 118.075368  59.721829   147.274   147.221  3 56347.79469602 10.082
 177 118.070799  59.723778   146.519   146.569  3 56407.28855901 17.706
 178 118.071794  59.722507   536.622   536.983  3 56417.20419635  1.097
 179 118.074267  59.720186   144.434   144.527  3 56427.11982893 48.707
 181 118.075139  59.722833   140.100   140.023  3 56446.95113282 49.621
 182 118.070455  59.722685   140.857   140.819  3 56456.86678155 41.936
 183 118.071231  59.722860   138.547   138.572  3 56466.78242761 33.817
 184 118.074445  59.721923   140.572   140.690  3 56476.69806978 44.815
 185 118.075841  59.719330   139.470   139.413  3 56486.61370795 40.584
 187 118.079873  59.719630   141.245   141.092  3 56506.44497859 37.190
 188 118.078461  59.719830   140.154   140.165  3 56516.36061314 49.684
 189 118.075978  59.720697   147.093   147.093  2 56526.27626774 23.176
 190 118.076485  59.720676   147.075   147.102  3 56536.19191836 24.759
 192 118.077442  59.721015   140.101   137.583  3 56556.02320919 48.266
 193 118.074059  59.721599   137.775   137.705  3 56565.93885164 44.250
 194 118.074221  59.723660   136.469   136.465  3 56575.85449322 49.841
 195 118.072679  59.723118   141.553   141.553  2 56585.77013108 30.381
 196 118.073534  59.721677   135.551   135.533  3 56595.68576856 42.428
 197 118.075300  59.722320   140.210   137.370  3 56605.60142124 28.577
 198 118.072728  59.721265   146.477   146.644  3 56615.51706851 19.069
 199 118.073114  59.721627   146.483   146.405  3 56625.43271268 16.842
 200 118.075521  59.722500   146.892   147.042  3 56635.34835438 14.140
 201 118.075127  59.721072   146.609   146.609  2 56645.26399282 14.663
 202 118.077006  59.721602   146.915   146.941  3 56655.17964581 12.870
 203 118.076177  59.720392   147.026   147.026  2 56665.09529399 10.912
 205 118.076137  59.721457   146.842   146.920  3 56684.92658422 12.078
 206 118.075850  59.722319   146.865   146.869  3 56694.84222669 11.830
 207 118.076173  59.721796   146.755   146.584  3 56704.75786457 10.994
 208 118.076080  59.719497   146.886   146.929  3 56714.67349676  9.875
 210 118.074439  59.721646   146.961   146.973  3 56734.50479821  9.611
 213 118.070734  59.722631   136.309   136.282  3 56764.25172434 31.687
 215 118.073107  59.722615   139.591   139.489  3 56784.08301748 48.150
 216 118.073841  59.724358   139.977   140.287  3 56793.99867122 50.024
 217 118.071976  59.724715   139.918   139.370  3 56803.91432121 49.440
 218 118.071259  59.723469   140.812   140.818  3 56813.82996359 46.796
 219 118.073843  59.722379   142.098   142.098  2 56823.74560280 47.215
 221 118.076951  59.719105   138.247   138.147  3 56843.57686943 46.822
 222 118.075840  59.719122   137.802   137.831  3 56853.49251162 28.055
 223 118.074098  59.720536   136.760   136.946  3 56863.40816570 46.082
 224 118.072693  59.721400   137.742   137.689  3 56873.32381920 42.854
 225 118.075138  59.722784   147.367   147.194  3 56883.23946995 23.947
 226 118.073207  59.722108   138.372   138.425  3 56893.15511660 41.807
 227 118.072007  59.722306   139.252   139.127  3 56903.07076021 47.004
 228 118.073465  59.724656   137.730   137.722  3 56912.98640232 45.042
 229 118.072479  59.725221   138.695   138.592  3 56922.90204223 38.522
 230 118.070800  59.723969   139.463   137.710  3 56932.81767945 47.040
 231 118.074763  59.722951   136.503   136.494  3 56942.73331193 40.343
 232 118.076366  59.722207   135.966   136.030  3 56952.64895645 44.808
 233 118.074290  59.721975   135.684   135.649  3 56962.56460691 37.940
 234 118.074065  59.723005   134.388   134.360  3 56972.48025292 39.274
 235 118.074350  59.723305   136.243   136.254  3 56982.39589474 28.667
 236 118.075337  59.721863   135.779   135.756  3 56992.31153186 26.970
 237 118.078371  59.719514   136.258   136.229  3 57002.22716600 25.508
 238 118.078442  59.719757   135.975   135.977  3 57012.14282334 23.454
 239 118.076107  59.719798   135.747   135.785  3 57022.05847465 24.062
 240 118.074808  59.721483   135.636   135.636  2 57031.97412339 26.271
 241 118.072242  59.721942   135.676   135.613  3 57041.88976972 22.884
 242 118.072056  59.721846   135.564   135.632  3 57051.80541406 22.972
 243 118.073809  59.720656   135.336   135.188  3 57061.72105415 17.518
 244 118.075997  59.719742   135.411   135.449  3 57071.63668893 18.684
 245 118.077122  59.719768   135.086   135.053  3 57081.55231962 17.906
 246 118.076096  59.721971   142.640   146.436  3 57091.46796361 16.427
 248 118.070489  59.724578   135.133   135.154  3 57111.29927524 33.439
 249 118.072961  59.723729   135.150   135.238  3 57121.21492383 28.771
 250 118.074793  59.722393   135.249   135.251  3 57131.13056657 23.783
