# NaN NaN NaN ;Mean Elev.(m), Avg Gradient(m/km), RMS Gradient(m/km) - SRTM1     
#   32.833  -0.714   4.928 ;Mean Elev.(m), Avg Gradient(m/km), RMS Gradient(m/km) - ASTER GDEM
#   25.000  -1.579   9.190 ;Mean Elev.(m), Avg Gradient(m/km), RMS Gradient(m/km) - GMTED2010 
   2    52.540 54670.10143040 39.74 125.597922  64.643916   -100 -100.00 -100.00 -100.00
   2    52.224 54670.10143099 37.35 125.603684  64.644808   -100 -100.00 -100.00 -100.00
   2    52.441 54670.10143158 34.54 125.609447  64.645699   -100 -100.00 -100.00 -100.00
   3     3.605 54680.01707418 23.12 125.594971  64.644532 18.122 -100.00 -100.00 -100.00
   3     4.780 54680.01707477 24.95 125.600733  64.645424 18.271 -100.00 -100.00 -100.00
   3     3.996 54680.01707536 27.14 125.606495  64.646315 25.193 -100.00 -100.00 -100.00
   3     3.514 54680.01707595 29.55 125.612258  64.647207   -100 -100.00 -100.00 -100.00
   4   115.343 54689.93271722 24.47 125.596340  64.645694 26.029 -100.00 -100.00 -100.00
   4   114.985 54689.93271782 26.79 125.602102  64.646586 25.703 -100.00 -100.00 -100.00
   4   114.331 54689.93271841 28.86 125.607865  64.647478   -100 -100.00 -100.00 -100.00
   5    11.555 54699.84835794 17.12 125.597292  64.645738  3.069 -100.00 -100.00 -100.00
   5    11.523 54699.84835853 17.01 125.603054  64.646630  2.559 -100.00 -100.00 -100.00
   5    11.448 54699.84835912 17.35 125.608816  64.647522  2.972 -100.00 -100.00 -100.00
   6    53.304 54709.76400272 52.24 125.597156  64.644390   -100 -100.00 -100.00 -100.00
   6    53.165 54709.76400331 54.23 125.602918  64.645282 20.904 -100.00 -100.00 -100.00
   6    53.111 54709.76400390 56.35 125.608680  64.646174   -100 -100.00 -100.00 -100.00
   7    12.961 54719.67965394 14.90 125.596919  64.643045  3.761 -100.00 -100.00 -100.00
   7    12.940 54719.67965453 16.42 125.602680  64.643937  4.584 -100.00 -100.00 -100.00
   7    12.882 54719.67965512 15.86 125.608441  64.644829  3.779 -100.00 -100.00 -100.00
   7    12.625 54719.67965571 15.82 125.614203  64.645721  3.221 -100.00 -100.00 -100.00
   8    54.554 54729.59530294 40.00 125.600101  64.642470 32.376 -100.00 -100.00 -100.00
   8    54.527 54729.59530353 42.94 125.605862  64.643362   -100 -100.00 -100.00 -100.00
   8    54.443 54729.59530412 46.17 125.611624  64.644253 10.150 -100.00 -100.00 -100.00
   9    53.443 54739.51095010 47.87 125.599480  64.642523 29.450 -100.00 -100.00 -100.00
   9    52.799 54739.51095069 52.12 125.605241  64.643415 22.183 -100.00 -100.00 -100.00
   9    52.704 54739.51095128 51.87 125.611003  64.644306 23.928 -100.00 -100.00 -100.00
  10    52.345 54749.42659738 37.87 125.599324  64.643301   -100 -100.00 -100.00 -100.00
  10    52.577 54749.42659797 41.48 125.605086  64.644192   -100 -100.00 -100.00 -100.00
  10    52.844 54749.42659856 41.69 125.610848  64.645083 29.406 -100.00 -100.00 -100.00
  11   112.389 54759.34224442  9.42 125.598958  64.643981 13.152 -100.00 -100.00 -100.00
  11   114.423 54759.34224501  4.43 125.604720  64.644872  6.074 -100.00 -100.00 -100.00
  11   111.908 54759.34224560  4.07 125.610483  64.645763  7.450 -100.00 -100.00 -100.00
  12   118.445 54769.25788923  3.03 125.600199  64.643956  6.628 -100.00 -100.00 -100.00
  12   115.720 54769.25788982  1.54 125.605961  64.644848  4.959 -100.00 -100.00 -100.00
  13    51.953 54779.17353042 20.00 125.599695  64.642707  3.703 -100.00 -100.00 -100.00
  13    52.000 54779.17353101 19.72 125.605458  64.643599  3.655 -100.00 -100.00 -100.00
  13    52.604 54779.17353160 19.10 125.611221  64.644491  3.317 -100.00 -100.00 -100.00
  14    52.002 54789.08916904 23.13 125.598935  64.641284  9.793 -100.00 -100.00 -100.00
  14    51.900 54789.08916963 22.18 125.604698  64.642176  8.772 -100.00 -100.00 -100.00
  14    51.919 54789.08917023 22.32 125.610460  64.643067  8.745 -100.00 -100.00 -100.00
  14    51.595 54789.08917082 24.55 125.616223  64.643959 12.819 -100.00 -100.00 -100.00
  15    52.045 54799.00480723 21.38 125.603680  64.641795  7.144 -100.00 -100.00 -100.00
  15    51.817 54799.00480782 21.65 125.609442  64.642687  9.166 -100.00 -100.00 -100.00
  15    52.304 54799.00480841 18.80 125.615205  64.643578  5.010 -100.00 -100.00 -100.00
  17    52.968 54818.83608166 16.22 125.596633  64.642511  3.843 -100.00 -100.00 -100.00
  17    52.706 54818.83608225 16.97 125.602395  64.643403  5.126 -100.00 -100.00 -100.00
  17    53.633 54818.83608284 16.02 125.608157  64.644295  3.461 -100.00 -100.00 -100.00
  17    52.995 54818.83608344 15.53 125.613920  64.645186  3.059 -100.00 -100.00 -100.00
  18    53.013 54828.75173392 17.24 125.598773  64.643870  5.386 -100.00 -100.00 -100.00
  18    52.426 54828.75173451 16.86 125.604535  64.644762  5.531 -100.00 -100.00 -100.00
  18    52.382 54828.75173510 16.56 125.610297  64.645654  5.101 -100.00 -100.00 -100.00
  19    53.441 54838.66737268 15.70 125.597722  64.644367  3.861 -100.00 -100.00 -100.00
  19    53.415 54838.66737327 15.44 125.603484  64.645259  3.587 -100.00 -100.00 -100.00
  19    52.372 54838.66737386 15.71 125.609246  64.646150  4.615 -100.00 -100.00 -100.00
  20    53.207 54848.58302182 15.11 125.596793  64.645226  3.713 -100.00 -100.00 -100.00
  20    53.622 54848.58302241 14.89 125.602555  64.646118  3.384 -100.00 -100.00 -100.00
  20    52.485 54848.58302300 15.30 125.608318  64.647009  4.209 -100.00 -100.00 -100.00
  21    53.308 54858.49867058 14.44 125.596671  64.646361  2.809 -100.00 -100.00 -100.00
  21    53.485 54858.49867117 14.67 125.602434  64.647253  3.939 -100.00 -100.00 -100.00
  21    52.470 54858.49867176 14.89 125.608197  64.648144  4.079 -100.00 -100.00 -100.00
  22    53.277 54868.41431910 14.19 125.593067  64.646676  3.315 -100.00 -100.00 -100.00
  22    52.991 54868.41431969 14.19 125.598830  64.647567  4.005 -100.00 -100.00 -100.00
  22    53.972 54868.41432028 13.73 125.604594  64.648459  2.749 -100.00 -100.00 -100.00
  22    53.833 54868.41432087 13.63 125.610357  64.649350  3.308 -100.00 -100.00 -100.00
  23    52.964 54878.32996732 13.95 125.595445  64.646507  2.881 -100.00 -100.00 -100.00
  23    52.703 54878.32996791 13.94 125.601209  64.647398  3.382 -100.00 -100.00 -100.00
  23    53.524 54878.32996850 13.67 125.606972  64.648290  3.473 -100.00 -100.00 -100.00
  24    52.903 54888.24561250 14.66 125.599329  64.645301  5.264 -100.00 -100.00 -100.00
  24    53.855 54888.24561309 13.15 125.605092  64.646193  2.874 -100.00 -100.00 -100.00
  24    52.116 54888.24561368 14.95 125.610856  64.647084  6.021 -100.00 -100.00 -100.00
  25    52.671 54898.16125377 14.14 125.597482  64.643157  3.999 -100.00 -100.00 -100.00
  25    52.083 54898.16125436 14.70 125.603245  64.644049  5.338 -100.00 -100.00 -100.00
  25    53.382 54898.16125495 13.86 125.609008  64.644941  3.967 -100.00 -100.00 -100.00
  25    53.746 54898.16125554 13.67 125.614771  64.645832  3.795 -100.00 -100.00 -100.00
  26    54.536 54908.07689304 12.60 125.600215  64.643061  3.372 -100.00 -100.00 -100.00
  26    53.202 54908.07689363 12.68 125.605978  64.643953  3.241 -100.00 -100.00 -100.00
  26    53.074 54908.07689422 12.46 125.611741  64.644844  2.934 -100.00 -100.00 -100.00
  27    54.507 54917.99253056 12.66 125.597815  64.643230  4.099 -100.00 -100.00 -100.00
  27    53.061 54917.99253115 13.12 125.603578  64.644121  4.540 -100.00 -100.00 -100.00
  27    53.217 54917.99253174 12.82 125.609341  64.645013  4.441 -100.00 -100.00 -100.00
  27    53.806 54917.99253233 12.31 125.615104  64.645904  3.317 -100.00 -100.00 -100.00
  28    55.108 54927.90816819 11.59 125.598199  64.643669  3.567 -100.00 -100.00 -100.00
  28    54.271 54927.90816878 11.31 125.603961  64.644561  2.890 -100.00 -100.00 -100.00
  28    53.958 54927.90816937 11.50 125.609724  64.645452  3.490 -100.00 -100.00 -100.00
  29    53.348 54937.82380520 11.87 125.600067  64.643183  3.500 -100.00 -100.00 -100.00
  29    52.942 54937.82380579 12.47 125.605829  64.644075  4.398 -100.00 -100.00 -100.00
  29    53.619 54937.82380638 11.83 125.611592  64.644966  3.259 -100.00 -100.00 -100.00
  30    52.386 54947.73944007 25.10 125.598615  64.641449 18.943 -100.00 -100.00 -100.00
  30    53.503 54947.73944066 21.35 125.604376  64.642341  8.882 -100.00 -100.00 -100.00
  30    53.552 54947.73944125 22.71 125.610138  64.643233 12.424 -100.00 -100.00 -100.00
  30    54.545 54947.73944184 21.63 125.615900  64.644124  8.622 -100.00 -100.00 -100.00
  31    52.305 54957.65507519 41.99 125.600340  64.640284   -100 -100.00 -100.00 -100.00
  31    52.202 54957.65507578 39.88 125.606101  64.641176   -100 -100.00 -100.00 -100.00
  31    52.179 54957.65507637 45.33 125.611862  64.642068   -100 -100.00 -100.00 -100.00
  31    52.078 54957.65507696 43.81 125.617623  64.642959   -100 -100.00 -100.00 -100.00
  32    55.231 54967.57072390 29.78 125.602130  64.640931 16.236 -100.00 -100.00 -100.00
  32    55.440 54967.57072449 28.75 125.607891  64.641822 12.746 -100.00 -100.00 -100.00
  32    56.727 54967.57072508 31.81 125.613652  64.642714 20.546 -100.00 -100.00 -100.00
  33    55.587 54977.48637139 56.27 125.600967  64.641994 17.884 -100.00 -100.00 -100.00
  33    55.549 54977.48637198 56.36 125.606729  64.642885 29.083 -100.00 -100.00 -100.00
  33    55.517 54977.48637257 57.37 125.612490  64.643777   -100 -100.00 -100.00 -100.00
  34    55.338 54987.40201888 54.26 125.599169  64.643030 12.437 -100.00 -100.00 -100.00
  34    55.545 54987.40201947 54.93 125.604931  64.643922   -100 -100.00 -100.00 -100.00
  34    55.706 54987.40202006 53.74 125.610693  64.644814   -100 -100.00 -100.00 -100.00
  35    55.660 54997.31766624 37.03 125.594955  64.643036 16.132 -100.00 -100.00 -100.00
  35    55.457 54997.31766683 33.65 125.600716  64.643928 11.350 -100.00 -100.00 -100.00
  35    55.354 54997.31766742 31.71 125.606478  64.644820  8.709 -100.00 -100.00 -100.00
  35    55.525 54997.31766801 30.43 125.612241  64.645711  5.773 -100.00 -100.00 -100.00
  36    54.792 55007.23331262 51.87 125.598417  64.643930   -100 -100.00 -100.00 -100.00
  36    54.559 55007.23331321 53.73 125.604179  64.644822  6.451 -100.00 -100.00 -100.00
  36    54.704 55007.23331380 55.08 125.609941  64.645713  1.747 -100.00 -100.00 -100.00
  37    55.307 55017.14895647 24.12 125.597657  64.644321  9.822 -100.00 -100.00 -100.00
  37    55.057 55017.14895706 25.16 125.603419  64.645213 12.630 -100.00 -100.00 -100.00
  37    53.863 55017.14895765 29.96 125.609182  64.646104 30.326 -100.00 -100.00 -100.00
  38    52.851 55027.06459907 36.15 125.598539  64.645451   -100 -100.00 -100.00 -100.00
  38    53.583 55027.06459966 31.19 125.604302  64.646343 30.822 -100.00 -100.00 -100.00
  38    53.728 55027.06460025 31.69 125.610065  64.647234 31.910 -100.00 -100.00 -100.00
  39    52.915 55036.98024098 43.83 125.597280  64.646484   -100 -100.00 -100.00 -100.00
  39    52.684 55036.98024157 45.77 125.603043  64.647376 11.194 -100.00 -100.00 -100.00
  39    52.610 55036.98024216 39.50 125.608806  64.648267   -100 -100.00 -100.00 -100.00
  40    52.815 55046.89588197 30.24 125.597500  64.646564 21.157 -100.00 -100.00 -100.00
  40    52.216 55046.89588256 32.27 125.603262  64.647455 32.390 -100.00 -100.00 -100.00
  40    51.942 55046.89588315 36.65 125.609025  64.648347   -100 -100.00 -100.00 -100.00
  41    53.566 55056.81152103 42.10 125.598789  64.644982 26.693 -100.00 -100.00 -100.00
  41    53.533 55056.81152162 46.18 125.604550  64.645874   -100 -100.00 -100.00 -100.00
  41    53.143 55056.81152221 46.41 125.610313  64.646766   -100 -100.00 -100.00 -100.00
  42    52.661 55066.72715763 33.77 125.599838  64.642360   -100 -100.00 -100.00 -100.00
  42    52.501 55066.72715822 35.46 125.605599  64.643252   -100 -100.00 -100.00 -100.00
  42    52.292 55066.72715881 35.57 125.611360  64.644144   -100 -100.00 -100.00 -100.00
  43    52.766 55076.64280791 50.96 125.602058  64.641567   -100 -100.00 -100.00 -100.00
  43    52.689 55076.64280850 52.39 125.607819  64.642458   -100 -100.00 -100.00 -100.00
  43    52.485 55076.64280909 52.84 125.613581  64.643350 25.124 -100.00 -100.00 -100.00
  44    52.255 55086.55845586 32.94 125.603057  64.642366   -100 -100.00 -100.00 -100.00
  44    52.135 55086.55845645 34.26 125.608819  64.643258   -100 -100.00 -100.00 -100.00
  44    52.134 55086.55845704 36.29 125.614580  64.644149   -100 -100.00 -100.00 -100.00
  45    53.177 55096.47410152 48.92 125.596623  64.642976   -100 -100.00 -100.00 -100.00
  45    52.964 55096.47410211 50.62 125.602385  64.643868   -100 -100.00 -100.00 -100.00
  45    52.814 55096.47410270 51.04 125.608147  64.644759  1.811 -100.00 -100.00 -100.00
  45    52.951 55096.47410329 49.59 125.613909  64.645650  9.102 -100.00 -100.00 -100.00
  46    52.700 55106.38974739 39.03 125.595821  64.643750  1.612 -100.00 -100.00 -100.00
  46    52.713 55106.38974798 37.87 125.601583  64.644642   -100 -100.00 -100.00 -100.00
  46    52.571 55106.38974857 37.50 125.607346  64.645533   -100 -100.00 -100.00 -100.00
  46    53.038 55106.38974916 35.14 125.613108  64.646425   -100 -100.00 -100.00 -100.00
  47    52.550 55116.30539280 43.92 125.595507  64.643066   -100 -100.00 -100.00 -100.00
  47    52.740 55116.30539339 46.17 125.601269  64.643958   -100 -100.00 -100.00 -100.00
  47    52.595 55116.30539398 49.37 125.607032  64.644849   -100 -100.00 -100.00 -100.00
  47    52.339 55116.30539457 53.43 125.612795  64.645741   -100 -100.00 -100.00 -100.00
  48    51.715 55126.22103648 43.19 125.601863  64.642400   -100 -100.00 -100.00 -100.00
  48    51.573 55126.22103707 44.22 125.607626  64.643292   -100 -100.00 -100.00 -100.00
  48    51.606 55126.22103766 40.04 125.613389  64.644183   -100 -100.00 -100.00 -100.00
  49   121.942 55136.13667699  3.35 125.601002  64.641132  2.464 -100.00 -100.00 -100.00
  49   122.227 55136.13667758  3.73 125.606764  64.642024  2.688 -100.00 -100.00 -100.00
  49   123.322 55136.13667817  3.21 125.612527  64.642915  2.609 -100.00 -100.00 -100.00
  49   123.426 55136.13667876  2.92 125.618290  64.643806  2.662 -100.00 -100.00 -100.00
  50    54.932 55146.05231544 24.07 125.599615  64.641086  4.201 -100.00 -100.00 -100.00
  50    55.630 55146.05231603 23.11 125.605377  64.641978  3.666 -100.00 -100.00 -100.00
  50    56.026 55146.05231662 24.55 125.611140  64.642870  6.375 -100.00 -100.00 -100.00
  50    56.787 55146.05231721 23.57 125.616903  64.643761  4.563 -100.00 -100.00 -100.00
  51    54.473 55155.96795309 25.78 125.596971  64.642102  6.199 -100.00 -100.00 -100.00
  51    55.187 55155.96795368 24.87 125.602734  64.642994  4.971 -100.00 -100.00 -100.00
  51    55.714 55155.96795427 24.53 125.608496  64.643886  4.798 -100.00 -100.00 -100.00
  51    56.697 55155.96795486 25.61 125.614259  64.644777  6.235 -100.00 -100.00 -100.00
  52    54.549 55165.88359125 25.73 125.598437  64.643412  7.065 -100.00 -100.00 -100.00
  52    52.999 55165.88359184 25.90 125.604200  64.644304  6.427 -100.00 -100.00 -100.00
  52    55.335 55165.88359243 24.99 125.609962  64.645196  5.576 -100.00 -100.00 -100.00
  53    52.821 55175.79922906 25.75 125.599627  64.643873  6.357 -100.00 -100.00 -100.00
  53    51.876 55175.79922965 25.14 125.605389  64.644765  6.806 -100.00 -100.00 -100.00
  53    51.663 55175.79923024 25.61 125.611151  64.645656  6.845 -100.00 -100.00 -100.00
  54    53.004 55185.71487037 24.23 125.599069  64.643164  5.251 -100.00 -100.00 -100.00
  54    52.460 55185.71487096 24.79 125.604830  64.644056  5.796 -100.00 -100.00 -100.00
  54    51.877 55185.71487155 24.71 125.610593  64.644948  6.757 -100.00 -100.00 -100.00
  55    52.430 55195.63052141 22.83 125.598678  64.643632  5.133 -100.00 -100.00 -100.00
  55    52.085 55195.63052200 22.69 125.604440  64.644524  5.296 -100.00 -100.00 -100.00
  55    51.759 55195.63052259 22.71 125.610203  64.645416  5.455 -100.00 -100.00 -100.00
  56    53.146 55205.54617089 22.51 125.594344  64.644527  5.234 -100.00 -100.00 -100.00
  56    53.131 55205.54617148 22.29 125.600106  64.645419  4.691 -100.00 -100.00 -100.00
  56    53.410 55205.54617207 22.14 125.605869  64.646310  4.587 -100.00 -100.00 -100.00
  56    51.901 55205.54617266 21.89 125.611632  64.647202  4.323 -100.00 -100.00 -100.00
  57    53.078 55215.46182039 22.00 125.595887  64.646600  5.047 -100.00 -100.00 -100.00
  57    52.496 55215.46182098 21.35 125.601649  64.647492  4.266 -100.00 -100.00 -100.00
  57    52.391 55215.46182157 21.19 125.607413  64.648384  4.042 -100.00 -100.00 -100.00
  58    51.316 55225.37746919 21.58 125.596775  64.647233  4.586 -100.00 -100.00 -100.00
  58    53.638 55225.37746978 21.11 125.602539  64.648124  4.589 -100.00 -100.00 -100.00
  58    55.177 55225.37747037 20.97 125.608302  64.649016  5.011 -100.00 -100.00 -100.00
  59    52.724 55235.29311587 21.50 125.598859  64.645834  4.464 -100.00 -100.00 -100.00
  59    51.991 55235.29311646 20.73 125.604622  64.646725  4.156 -100.00 -100.00 -100.00
  59    52.037 55235.29311705 20.94 125.610386  64.647617  4.733 -100.00 -100.00 -100.00
  60    52.508 55245.20875856 20.22 125.595383  64.642317  4.268 -100.00 -100.00 -100.00
  60    51.701 55245.20875915 20.11 125.601145  64.643209  4.463 -100.00 -100.00 -100.00
  60    51.962 55245.20875974 19.98 125.606908  64.644100  4.320 -100.00 -100.00 -100.00
  60    51.881 55245.20876033 19.71 125.612671  64.644992  4.320 -100.00 -100.00 -100.00
  61    51.799 55255.12439975 21.02 125.604252  64.641781  5.975 -100.00 -100.00 -100.00
  61    51.776 55255.12440034 20.66 125.610014  64.642673  5.274 -100.00 -100.00 -100.00
  61    51.651 55255.12440093 20.95 125.615777  64.643564  5.411 -100.00 -100.00 -100.00
  62    51.736 55265.04003838 19.66 125.602241  64.642149  4.460 -100.00 -100.00 -100.00
  62    51.850 55265.04003897 20.04 125.608004  64.643040  5.051 -100.00 -100.00 -100.00
  62    51.589 55265.04003956 20.05 125.613767  64.643932  5.214 -100.00 -100.00 -100.00
  63    51.852 55274.95567616 19.80 125.599691  64.643826  5.884 -100.00 -100.00 -100.00
  63    51.710 55274.95567675 19.54 125.605454  64.644718  4.586 -100.00 -100.00 -100.00
  63    51.879 55274.95567734 19.10 125.611217  64.645609  4.209 -100.00 -100.00 -100.00
  64    52.733 55284.87131333 19.20 125.599209  64.644513  5.600 -100.00 -100.00 -100.00
  64    53.215 55284.87131392 18.28 125.604972  64.645404  4.013 -100.00 -100.00 -100.00
  64    51.689 55284.87131451 18.42 125.610734  64.646296  4.522 -100.00 -100.00 -100.00
  65    52.221 55294.78694866 18.63 125.599506  64.642854  4.766 -100.00 -100.00 -100.00
  65    51.979 55294.78694925 18.02 125.605268  64.643746  4.211 -100.00 -100.00 -100.00
  65    53.091 55294.78694984 17.90 125.611030  64.644637  4.190 -100.00 -100.00 -100.00
  66    52.596 55304.70258720 25.90 125.603530  64.640864 17.655 -100.00 -100.00 -100.00
  66    52.610 55304.70258779 19.95 125.609291  64.641756  7.147 -100.00 -100.00 -100.00
  66    52.430 55304.70258838 18.49 125.615053  64.642648  4.806 -100.00 -100.00 -100.00
  67    52.172 55314.61823414 32.38 125.601323  64.639586   -100 -100.00 -100.00 -100.00
  67    52.489 55314.61823473 27.62 125.607084  64.640477 20.129 -100.00 -100.00 -100.00
  67    52.358 55314.61823533 27.49 125.612845  64.641369 18.586 -100.00 -100.00 -100.00
  67    51.856 55314.61823592 25.64 125.618606  64.642260 15.952 -100.00 -100.00 -100.00
  68    52.044 55324.53387953 45.51 125.599537  64.640627   -100 -100.00 -100.00 -100.00
  68    52.062 55324.53388012 43.55 125.605298  64.641518   -100 -100.00 -100.00 -100.00
  68    51.596 55324.53388071 46.06 125.611059  64.642410   -100 -100.00 -100.00 -100.00
  68    53.149 55324.53388130 41.67 125.616821  64.643301 28.552 -100.00 -100.00 -100.00
  69    52.556 55334.44952400 36.52 125.600119  64.643108 26.115 -100.00 -100.00 -100.00
  69    52.165 55334.44952459 37.93 125.605881  64.644000   -100 -100.00 -100.00 -100.00
  69    51.703 55334.44952518 40.56 125.611643  64.644891   -100 -100.00 -100.00 -100.00
  70    56.266 55344.36516787 28.99 125.597740  64.644450  4.728 -100.00 -100.00 -100.00
  70    56.427 55344.36516846 29.47 125.603502  64.645342  5.341 -100.00 -100.00 -100.00
  70    56.763 55344.36516905 30.63 125.609264  64.646233  7.595 -100.00 -100.00 -100.00
  71    54.277 55354.28081094 54.24 125.595494  64.644100   -100 -100.00 -100.00 -100.00
  71    54.199 55354.28081153 55.40 125.601255  64.644991 10.114 -100.00 -100.00 -100.00
  71    54.143 55354.28081212 53.55 125.607018  64.645883 26.992 -100.00 -100.00 -100.00
  71    54.106 55354.28081271 58.63 125.612780  64.646775   -100 -100.00 -100.00 -100.00
  72    55.508 55364.19645223 25.70 125.596700  64.643656 13.534 -100.00 -100.00 -100.00
  72    54.976 55364.19645282 24.96 125.602462  64.644548 13.237 -100.00 -100.00 -100.00
  72    53.885 55364.19645341 28.88 125.608225  64.645439 26.553 -100.00 -100.00 -100.00
  72    54.167 55364.19645400 29.02 125.613987  64.646331 25.694 -100.00 -100.00 -100.00
  73    55.180 55374.11209153 29.48 125.594881  64.643145 13.802 -100.00 -100.00 -100.00
  73    53.144 55374.11209212 31.30 125.600643  64.644037 20.306 -100.00 -100.00 -100.00
  73    53.747 55374.11209271 28.40 125.606405  64.644929 12.898 -100.00 -100.00 -100.00
  73    53.749 55374.11209330 34.22 125.612168  64.645820 29.154 -100.00 -100.00 -100.00
  74    52.872 55384.02773019 43.89 125.598124  64.644412   -100 -100.00 -100.00 -100.00
  74    53.019 55384.02773078 44.27 125.603886  64.645304 31.968 -100.00 -100.00 -100.00
  74    52.809 55384.02773137 47.22 125.609649  64.646195   -100 -100.00 -100.00 -100.00
  75    54.076 55393.94336735 52.58 125.595015  64.644794   -100 -100.00 -100.00 -100.00
  75    53.807 55393.94336794 54.35 125.600777  64.645686 11.996 -100.00 -100.00 -100.00
  75    53.734 55393.94336854 53.01 125.606539  64.646578 23.385 -100.00 -100.00 -100.00
  75    53.784 55393.94336913 55.48 125.612302  64.647470 17.109 -100.00 -100.00 -100.00
  76    52.495 55403.85900513 36.07 125.598554  64.645220 31.713 -100.00 -100.00 -100.00
  76    52.358 55403.85900572 37.14 125.604316  64.646112 31.790 -100.00 -100.00 -100.00
  76    52.326 55403.85900631 38.91 125.610078  64.647004   -100 -100.00 -100.00 -100.00
  77    52.476 55413.77465648 31.58 125.596075  64.643546 15.736 -100.00 -100.00 -100.00
  77    51.977 55413.77465707 32.44 125.601836  64.644438 21.315 -100.00 -100.00 -100.00
  77    51.927 55413.77465766 35.81 125.607598  64.645330 32.264 -100.00 -100.00 -100.00
  77    52.688 55413.77465825 38.06 125.613360  64.646221 25.982 -100.00 -100.00 -100.00
  78    52.702 55423.69030555 40.16 125.600807  64.641983  3.988 -100.00 -100.00 -100.00
  78    52.588 55423.69030614 41.56 125.606568  64.642875  5.528 -100.00 -100.00 -100.00
  78    52.584 55423.69030673 40.26 125.612329  64.643766   -100 -100.00 -100.00 -100.00
  79    52.229 55433.60595188 36.93 125.603604  64.640799   -100 -100.00 -100.00 -100.00
  79    51.860 55433.60595247 40.67 125.609365  64.641691 20.153 -100.00 -100.00 -100.00
  79    51.938 55433.60595306 41.43 125.615126  64.642582 16.811 -100.00 -100.00 -100.00
  80    52.375 55443.52159605 43.35 125.599213  64.640988 17.655 -100.00 -100.00 -100.00
  80    52.429 55443.52159664 39.45 125.604974  64.641879   -100 -100.00 -100.00 -100.00
  80    52.230 55443.52159723 37.85 125.610735  64.642771   -100 -100.00 -100.00 -100.00
  80    52.887 55443.52159782 36.78 125.616497  64.643662   -100 -100.00 -100.00 -100.00
  81    52.586 55453.43723920 42.37 125.596947  64.642680  1.689 -100.00 -100.00 -100.00
  81    52.407 55453.43723979 42.09 125.602708  64.643572 18.392 -100.00 -100.00 -100.00
  81    52.157 55453.43724038 40.97 125.608470  64.644463  9.153 -100.00 -100.00 -100.00
  81    53.182 55453.43724097 36.40 125.614233  64.645354 30.129 -100.00 -100.00 -100.00
  82    52.395 55463.35288162 33.82 125.595694  64.644000 15.482 -100.00 -100.00 -100.00
  82    52.308 55463.35288221 34.28 125.601456  64.644892 19.351 -100.00 -100.00 -100.00
  82    52.177 55463.35288280 36.16 125.607218  64.645783 19.845 -100.00 -100.00 -100.00
  82    52.110 55463.35288339 40.99 125.612981  64.646675   -100 -100.00 -100.00 -100.00
  83    52.240 55473.26852213 30.53 125.598892  64.643468 29.265 -100.00 -100.00 -100.00
  83    52.792 55473.26852272 28.41 125.604654  64.644360 19.190 -100.00 -100.00 -100.00
  83    52.570 55473.26852331 30.23 125.610416  64.645251 26.594 -100.00 -100.00 -100.00
  84   122.931 55483.18415959  6.41 125.601311  64.641370  6.982 -100.00 -100.00 -100.00
  84   125.190 55483.18416018  3.92 125.607073  64.642262  5.259 -100.00 -100.00 -100.00
  84   126.676 55483.18416077  1.44 125.612835  64.643153  3.987 -100.00 -100.00 -100.00
  85    51.051 55493.09979513 26.06 125.605621  64.640053  7.956 -100.00 -100.00 -100.00
  85    50.886 55493.09979572 26.95 125.611383  64.640945  9.301 -100.00 -100.00 -100.00
  85    51.064 55493.09979631 24.66 125.617145  64.641837  5.692 -100.00 -100.00 -100.00
  86    52.099 55503.01542844 20.88 125.600807  64.639802  3.433 -100.00 -100.00 -100.00
  86    53.933 55503.01542903 20.60 125.606568  64.640694  4.212 -100.00 -100.00 -100.00
  86    54.086 55503.01542962 19.92 125.612330  64.641586  2.952 -100.00 -100.00 -100.00
  86    52.160 55503.01543021 20.02 125.618093  64.642478  3.331 -100.00 -100.00 -100.00
  87    53.522 55512.93107531 20.11 125.600002  64.642423  3.111 -100.00 -100.00 -100.00
  87    52.872 55512.93107590 20.10 125.605764  64.643315  3.671 -100.00 -100.00 -100.00
  87    51.273 55512.93107649 19.32 125.611527  64.644206  3.271 -100.00 -100.00 -100.00
  88    52.588 55522.84672456 17.07 125.595588  64.644187  2.710 -100.00 -100.00 -100.00
  88    53.629 55522.84672515 16.96 125.601350  64.645079  2.819 -100.00 -100.00 -100.00
  88    52.953 55522.84672574 16.63 125.607113  64.645971  2.994 -100.00 -100.00 -100.00
  88    53.822 55522.84672633 16.49 125.612876  64.646862  2.833 -100.00 -100.00 -100.00
  89    52.703 55532.76237249 16.58 125.594183  64.644690  3.602 -100.00 -100.00 -100.00
  89    53.353 55532.76237308 15.97 125.599946  64.645582  2.639 -100.00 -100.00 -100.00
  89    53.647 55532.76237367 15.80 125.605708  64.646474  2.596 -100.00 -100.00 -100.00
  89    53.807 55532.76237426 15.88 125.611471  64.647365  2.727 -100.00 -100.00 -100.00
  90    53.421 55542.67801928 15.53 125.599135  64.644744  2.839 -100.00 -100.00 -100.00
  90    53.329 55542.67801987 15.10 125.604898  64.645635  2.870 -100.00 -100.00 -100.00
  90    53.926 55542.67802046 14.83 125.610660  64.646527  2.491 -100.00 -100.00 -100.00
  91    53.698 55552.59366345 14.36 125.597834  64.644065  3.180 -100.00 -100.00 -100.00
  91    53.708 55552.59366404 14.00 125.603596  64.644957  2.631 -100.00 -100.00 -100.00
  91    57.059 55552.59366463 13.94 125.609358  64.645848  2.414 -100.00 -100.00 -100.00
  92    53.631 55562.50930628 13.64 125.594657  64.644332  2.751 -100.00 -100.00 -100.00
  92    53.550 55562.50930687 13.65 125.600419  64.645224  2.851 -100.00 -100.00 -100.00
  92    55.855 55562.50930746 13.41 125.606182  64.646116  2.477 -100.00 -100.00 -100.00
  92    56.367 55562.50930805 13.31 125.611945  64.647007  2.528 -100.00 -100.00 -100.00
  93    55.317 55572.42494906 12.88 125.597273  64.645757  2.699 -100.00 -100.00 -100.00
  93    55.602 55572.42494965 12.89 125.603035  64.646649  2.454 -100.00 -100.00 -100.00
  93    55.778 55572.42495024 12.69 125.608798  64.647541  2.309 -100.00 -100.00 -100.00
  94    53.920 55582.34059013 12.66 125.595931  64.645360  2.407 -100.00 -100.00 -100.00
  94    53.815 55582.34059072 12.52 125.601694  64.646252  2.287 -100.00 -100.00 -100.00
  94    53.942 55582.34059132 12.49 125.607457  64.647144  2.533 -100.00 -100.00 -100.00
  95    54.739 55592.25622803 12.43 125.597291  64.643492  2.702 -100.00 -100.00 -100.00
  95    53.729 55592.25622862 12.41 125.603053  64.644384  2.409 -100.00 -100.00 -100.00
  95    54.340 55592.25622921 12.56 125.608816  64.645275  2.721 -100.00 -100.00 -100.00
  95    54.068 55592.25622980 12.46 125.614579  64.646167  2.514 -100.00 -100.00 -100.00
  96    54.700 55602.17186260 11.85 125.599054  64.640872  2.278 -100.00 -100.00 -100.00
  96    53.984 55602.17186319 11.92 125.604816  64.641764  2.783 -100.00 -100.00 -100.00
  96    56.236 55602.17186379 11.88 125.610578  64.642656  2.706 -100.00 -100.00 -100.00
  96    53.884 55602.17186438 11.97 125.616341  64.643547  2.534 -100.00 -100.00 -100.00
  97    55.013 55612.08749504 11.70 125.600319  64.639277  2.792 -100.00 -100.00 -100.00
  97    54.748 55612.08749564 11.56 125.606081  64.640169  2.253 -100.00 -100.00 -100.00
  97    54.191 55612.08749623 11.73 125.611843  64.641061  2.642 -100.00 -100.00 -100.00
  97    55.623 55612.08749682 11.62 125.617605  64.641952  2.601 -100.00 -100.00 -100.00
  98    54.829 55622.00312911 11.63 125.600389  64.639692  2.411 -100.00 -100.00 -100.00
  98    54.511 55622.00312970 11.65 125.606151  64.640584  2.597 -100.00 -100.00 -100.00
  98    54.278 55622.00313029 11.58 125.611913  64.641476  2.780 -100.00 -100.00 -100.00
  98    54.199 55622.00313088 11.59 125.617675  64.642367  2.559 -100.00 -100.00 -100.00
  99    55.509 55631.91878192 10.69 125.598426  64.641897  2.628 -100.00 -100.00 -100.00
  99    54.039 55631.91878251 10.79 125.604188  64.642789  2.642 -100.00 -100.00 -100.00
  99    54.363 55631.91878310 10.87 125.609950  64.643681  2.690 -100.00 -100.00 -100.00
  99    53.520 55631.91878369 10.97 125.615713  64.644572  2.789 -100.00 -100.00 -100.00
 100    55.198 55641.83443241 10.73 125.596150  64.642860  2.654 -100.00 -100.00 -100.00
 100    54.229 55641.83443300 10.95 125.601911  64.643752  3.040 -100.00 -100.00 -100.00
 100    54.548 55641.83443359 10.92 125.607674  64.644644  2.911 -100.00 -100.00 -100.00
 100    56.238 55641.83443418 10.72 125.613436  64.645536  2.561 -100.00 -100.00 -100.00
 101    54.522 55651.75008029 10.87 125.596996  64.642412  2.463 -100.00 -100.00 -100.00
 101    54.593 55651.75008088 10.93 125.602758  64.643304  2.959 -100.00 -100.00 -100.00
 101    54.013 55651.75008147 11.24 125.608520  64.644196  2.942 -100.00 -100.00 -100.00
 101    54.313 55651.75008206 10.86 125.614282  64.645087  2.542 -100.00 -100.00 -100.00
 102    54.999 55661.66572481 10.82 125.604382  64.641634  2.521 -100.00 -100.00 -100.00
 102    54.765 55661.66572541 10.72 125.610143  64.642525  2.618 -100.00 -100.00 -100.00
 102    53.364 55661.66572600 10.67 125.615905  64.643417  2.578 -100.00 -100.00 -100.00
 103    52.737 55671.58136525 34.07 125.601767  64.640381   -100 -100.00 -100.00 -100.00
 103    52.685 55671.58136584 29.14 125.607528  64.641272 18.780 -100.00 -100.00 -100.00
 103    52.271 55671.58136643 27.79 125.613290  64.642164 20.039 -100.00 -100.00 -100.00
 103    53.057 55671.58136702 28.36 125.619051  64.643055 18.959 -100.00 -100.00 -100.00
 104    52.209 55681.49700480 39.18 125.604217  64.641626 32.204 -100.00 -100.00 -100.00
 104    51.162 55681.49700539 45.70 125.609979  64.642518 12.589 -100.00 -100.00 -100.00
 104    53.174 55681.49700598 37.01 125.615740  64.643409 24.574 -100.00 -100.00 -100.00
 105    51.848 55691.41264180 38.57 125.597250  64.642479   -100 -100.00 -100.00 -100.00
 105    51.745 55691.41264239 41.33 125.603011  64.643371   -100 -100.00 -100.00 -100.00
 105    52.012 55691.41264298 40.43 125.608773  64.644263   -100 -100.00 -100.00 -100.00
 105    51.965 55691.41264357 41.19 125.614535  64.645154   -100 -100.00 -100.00 -100.00
 106    56.736 55701.32827790 45.58 125.597743  64.643898   -100 -100.00 -100.00 -100.00
 106    56.825 55701.32827849 45.41 125.603504  64.644790   -100 -100.00 -100.00 -100.00
 106    56.587 55701.32827908 46.15 125.609267  64.645681   -100 -100.00 -100.00 -100.00
 107    55.310 55711.24391902 29.23 125.596483  64.644010 20.742 -100.00 -100.00 -100.00
 107    53.047 55711.24391961 33.09 125.602245  64.644902   -100 -100.00 -100.00 -100.00
 107    53.620 55711.24392020 30.96 125.608007  64.645794 22.616 -100.00 -100.00 -100.00
 107    53.747 55711.24392079 33.77 125.613770  64.646686 30.271 -100.00 -100.00 -100.00
 108    55.521 55721.15956897 23.23 125.597692  64.644086 11.118 -100.00 -100.00 -100.00
 108    53.812 55721.15956956 28.41 125.603454  64.644978 29.294 -100.00 -100.00 -100.00
 108    54.773 55721.15957015 23.43 125.609216  64.645870 13.364 -100.00 -100.00 -100.00
 109    54.094 55731.07521664 52.60 125.597113  64.644080   -100 -100.00 -100.00 -100.00
 109    54.272 55731.07521723 52.68 125.602875  64.644972   -100 -100.00 -100.00 -100.00
 109    54.247 55731.07521782 51.90 125.608638  64.645864   -100 -100.00 -100.00 -100.00
 109    54.138 55731.07521841 52.49 125.614401  64.646755   -100 -100.00 -100.00 -100.00
 110    53.042 55740.99086306 39.83 125.596998  64.644394   -100 -100.00 -100.00 -100.00
 110    52.659 55740.99086365 42.35 125.602760  64.645286 15.020 -100.00 -100.00 -100.00
 110    52.734 55740.99086424 38.79 125.608522  64.646178   -100 -100.00 -100.00 -100.00
 111    52.895 55750.90650824 39.45 125.596995  64.644735   -100 -100.00 -100.00 -100.00
 111    52.705 55750.90650883 41.76 125.602757  64.645627   -100 -100.00 -100.00 -100.00
 111    52.367 55750.90650942 41.08 125.608520  64.646518   -100 -100.00 -100.00 -100.00
 112    52.150 55760.82215115 39.52 125.598667  64.644481   -100 -100.00 -100.00 -100.00
 112    52.119 55760.82215174 37.49 125.604428  64.645373   -100 -100.00 -100.00 -100.00
 112    52.085 55760.82215233 43.64 125.610191  64.646264 16.347 -100.00 -100.00 -100.00
 113    52.406 55770.73779072 35.25 125.596137  64.642740 29.696 -100.00 -100.00 -100.00
 113    51.904 55770.73779131 35.37 125.601898  64.643632   -100 -100.00 -100.00 -100.00
 113    51.883 55770.73779190 36.67 125.607660  64.644524   -100 -100.00 -100.00 -100.00
 113    53.315 55770.73779249 32.97 125.613422  64.645415 19.627 -100.00 -100.00 -100.00
 114    52.429 55780.65342766 36.32 125.601752  64.641615   -100 -100.00 -100.00 -100.00
 114    52.470 55780.65342825 35.96 125.607513  64.642506   -100 -100.00 -100.00 -100.00
 114    52.619 55780.65342884 37.84 125.613274  64.643398   -100 -100.00 -100.00 -100.00
 115    52.717 55790.56906142 51.04 125.600634  64.640190 32.522 -100.00 -100.00 -100.00
 115    52.891 55790.56906201 50.08 125.606394  64.641081 19.715 -100.00 -100.00 -100.00
 115    52.684 55790.56906260 47.58 125.612155  64.641973 21.631 -100.00 -100.00 -100.00
 115    52.877 55790.56906319 52.89 125.617917  64.642864   -100 -100.00 -100.00 -100.00
 116    52.440 55800.48469435 34.39 125.601689  64.640318   -100 -100.00 -100.00 -100.00
 116    52.426 55800.48469494 32.83 125.607449  64.641210 27.388 -100.00 -100.00 -100.00
 116    52.123 55800.48469553 34.95 125.613211  64.642101   -100 -100.00 -100.00 -100.00
 116    52.937 55800.48469612 34.75 125.618972  64.642993 32.190 -100.00 -100.00 -100.00
 117    52.203 55810.40034278 33.75 125.598521  64.641432 22.219 -100.00 -100.00 -100.00
 117    51.749 55810.40034337 33.94 125.604282  64.642324 29.305 -100.00 -100.00 -100.00
 117    51.794 55810.40034396 39.30 125.610044  64.643215   -100 -100.00 -100.00 -100.00
 117    51.830 55810.40034455 39.62 125.615806  64.644107   -100 -100.00 -100.00 -100.00
 118    52.998 55820.31599155 29.79 125.596267  64.642196 24.749 -100.00 -100.00 -100.00
 118    52.574 55820.31599214 32.50 125.602028  64.643088   -100 -100.00 -100.00 -100.00
 118    52.375 55820.31599273 34.32 125.607790  64.643980   -100 -100.00 -100.00 -100.00
 118    52.308 55820.31599332 33.28 125.613552  64.644871   -100 -100.00 -100.00 -100.00
 119    52.627 55830.23163614 34.89 125.599720  64.642304   -100 -100.00 -100.00 -100.00
 119    52.413 55830.23163673 33.22 125.605482  64.643196 31.646 -100.00 -100.00 -100.00
 119    52.135 55830.23163732 37.81 125.611244  64.644088   -100 -100.00 -100.00 -100.00
 120    52.422 55840.14727605 34.10 125.602644  64.641251 31.541 -100.00 -100.00 -100.00
 120    51.814 55840.14727664 38.01 125.608406  64.642142   -100 -100.00 -100.00 -100.00
 120    53.984 55840.14727723 35.81 125.614168  64.643034   -100 -100.00 -100.00 -100.00
 121    51.198 55850.06291280 32.27 125.604441  64.640605 18.559 -100.00 -100.00 -100.00
 121    51.025 55850.06291339 35.82 125.610203  64.641497   -100 -100.00 -100.00 -100.00
 121    51.227 55850.06291398 29.94 125.615965  64.642389 15.149 -100.00 -100.00 -100.00
 122    54.820 55859.97854729 21.52 125.602923  64.641138  4.388 -100.00 -100.00 -100.00
 122    53.976 55859.97854788 21.27 125.608684  64.642030  3.858 -100.00 -100.00 -100.00
 122    54.274 55859.97854847 20.19 125.614447  64.642921  3.018 -100.00 -100.00 -100.00
 123    51.362 55869.89419748 19.89 125.598378  64.642844  4.359 -100.00 -100.00 -100.00
 123    50.305 55869.89419807 19.61 125.604140  64.643736  4.061 -100.00 -100.00 -100.00
 123    50.571 55869.89419866 19.14 125.609902  64.644628  3.661 -100.00 -100.00 -100.00
 123    50.259 55869.89419925 18.87 125.615665  64.645520  3.436 -100.00 -100.00 -100.00
 133    51.850 55969.05063949 16.61 125.602334  64.641846  8.504 -100.00 -100.00 -100.00
 133    52.253 55969.05064008 17.20 125.608096  64.642738  9.130 -100.00 -100.00 -100.00
 133    53.011 55969.05064067 13.79 125.613859  64.643629  5.221 -100.00 -100.00 -100.00
 134    54.874 55978.96627565 13.50 125.599152  64.642045  5.104 -100.00 -100.00 -100.00
 134    52.761 55978.96627624 16.14 125.604914  64.642937  8.117 -100.00 -100.00 -100.00
 134    56.604 55978.96627683 12.72 125.610677  64.643829  3.804 -100.00 -100.00 -100.00
 134    53.002 55978.96627742 14.38 125.616440  64.644720  6.402 -100.00 -100.00 -100.00
 135    54.986 55988.88191178 11.88 125.603191  64.642695  3.135 -100.00 -100.00 -100.00
 135    54.638 55988.88191237 12.54 125.608953  64.643587  4.544 -100.00 -100.00 -100.00
 135    54.457 55988.88191296 11.93 125.614715  64.644478  3.870 -100.00 -100.00 -100.00
 136    54.820 55998.79755312 12.45 125.600914  64.641883  3.855 -100.00 -100.00 -100.00
 136    54.284 55998.79755371 13.55 125.606676  64.642775  5.868 -100.00 -100.00 -100.00
 136    52.960 55998.79755430 13.98 125.612438  64.643666  6.332 -100.00 -100.00 -100.00
 137    54.488 56008.71320385 13.58 125.599193  64.641228  5.364 -100.00 -100.00 -100.00
 137    55.835 56008.71320444 12.39 125.604955  64.642120  3.416 -100.00 -100.00 -100.00
 137    53.898 56008.71320503 12.55 125.610716  64.643012  3.996 -100.00 -100.00 -100.00
 137    52.880 56008.71320562 14.50 125.616478  64.643903  6.654 -100.00 -100.00 -100.00
 138    55.437 56018.62885093 12.26 125.602496  64.641582  3.169 -100.00 -100.00 -100.00
 138    54.633 56018.62885152 12.32 125.608257  64.642474  2.958 -100.00 -100.00 -100.00
 138    54.213 56018.62885211 12.10 125.614019  64.643365  2.871 -100.00 -100.00 -100.00
 139    56.247 56028.54449471 11.87 125.600929  64.642156  3.866 -100.00 -100.00 -100.00
 139    54.791 56028.54449530 11.97 125.606690  64.643048  4.244 -100.00 -100.00 -100.00
 139    54.113 56028.54449589 11.56 125.612452  64.643939  2.862 -100.00 -100.00 -100.00
 141    52.748 56048.37577716  9.60 125.599460  64.644297  3.146 -100.00 -100.00 -100.00
 141    52.517 56048.37577775  9.96 125.605222  64.645189  3.477 -100.00 -100.00 -100.00
 141    52.132 56048.37577834 10.38 125.610985  64.646081  3.980 -100.00 -100.00 -100.00
 142    52.466 56058.29141465 41.60 125.598930  64.644574   -100 -100.00 -100.00 -100.00
 142    52.002 56058.29141524 48.91 125.604692  64.645466  3.566 -100.00 -100.00 -100.00
 142    52.045 56058.29141583 48.58 125.610454  64.646358   -100 -100.00 -100.00 -100.00
 143    58.033 56068.20704744 54.08 125.596295  64.643458 32.684 -100.00 -100.00 -100.00
 143    58.117 56068.20704804 56.00 125.602057  64.644350 26.102 -100.00 -100.00 -100.00
 143    58.237 56068.20704863 52.52 125.607819  64.645242   -100 -100.00 -100.00 -100.00
 143    58.138 56068.20704922 55.44 125.613582  64.646134  6.153 -100.00 -100.00 -100.00
 144    55.741 56078.12269838 54.64 125.595253  64.643717   -100 -100.00 -100.00 -100.00
 144    55.433 56078.12269897 55.32 125.601015  64.644609 17.247 -100.00 -100.00 -100.00
 144    55.435 56078.12269956 55.09 125.606777  64.645501 20.998 -100.00 -100.00 -100.00
 144    55.567 56078.12270015 55.82 125.612540  64.646393 10.669 -100.00 -100.00 -100.00
 145    55.296 56088.03834742 25.65 125.598820  64.644949  7.537 -100.00 -100.00 -100.00
 145    54.857 56088.03834801 26.51 125.604582  64.645841 10.125 -100.00 -100.00 -100.00
 145    54.640 56088.03834860 30.78 125.610345  64.646733 19.796 -100.00 -100.00 -100.00
 146    54.989 56097.95399351 28.07 125.598383  64.645378 19.178 -100.00 -100.00 -100.00
 146    54.201 56097.95399410 31.86 125.604145  64.646269   -100 -100.00 -100.00 -100.00
 146    54.488 56097.95399469 29.77 125.609908  64.647161 26.153 -100.00 -100.00 -100.00
 147    53.311 56107.86963691 31.39 125.594533  64.644111 23.919 -100.00 -100.00 -100.00
 147    53.309 56107.86963750 31.97 125.600294  64.645003 22.690 -100.00 -100.00 -100.00
 147    53.431 56107.86963809 32.71 125.606057  64.645895 26.685 -100.00 -100.00 -100.00
 147    53.434 56107.86963868 38.44 125.611819  64.646786   -100 -100.00 -100.00 -100.00
 148    55.455 56117.78526664 22.81 125.598523  64.642889  9.017 -100.00 -100.00 -100.00
 148    54.822 56117.78526723 23.65 125.604284  64.643781 11.709 -100.00 -100.00 -100.00
 148    54.659 56117.78526782 22.59 125.610046  64.644673 10.294 -100.00 -100.00 -100.00
 149    52.604 56127.70090436 32.91 125.603555  64.641663   -100 -100.00 -100.00 -100.00
 149    52.973 56127.70090495 31.70 125.609316  64.642555 26.603 -100.00 -100.00 -100.00
 149    53.179 56127.70090554 34.49 125.615078  64.643446   -100 -100.00 -100.00 -100.00
 150    53.096 56137.61653785 54.01 125.602180  64.640381 21.657 -100.00 -100.00 -100.00
 150    53.228 56137.61653844 55.71 125.607941  64.641273  4.732 -100.00 -100.00 -100.00
 150    53.095 56137.61653903 58.15 125.613701  64.642165   -100 -100.00 -100.00 -100.00
 150    53.247 56137.61653962 52.57 125.619463  64.643056  4.555 -100.00 -100.00 -100.00
 151    53.134 56147.53218388 32.84 125.602289  64.641590   -100 -100.00 -100.00 -100.00
 151    53.702 56147.53218447 31.26 125.608050  64.642482 29.034 -100.00 -100.00 -100.00
 151    53.915 56147.53218506 31.98 125.613811  64.643373 31.649 -100.00 -100.00 -100.00
 152    52.421 56157.44783254 36.00 125.594990  64.642112   -100 -100.00 -100.00 -100.00
 152    52.368 56157.44783313 35.15 125.600751  64.643004   -100 -100.00 -100.00 -100.00
 152    51.989 56157.44783372 39.12 125.606513  64.643895   -100 -100.00 -100.00 -100.00
 152    52.167 56157.44783431 40.05 125.612275  64.644787   -100 -100.00 -100.00 -100.00
 153    53.607 56167.36348129 51.99 125.598533  64.643321   -100 -100.00 -100.00 -100.00
 153    53.464 56167.36348188 51.31 125.604294  64.644212   -100 -100.00 -100.00 -100.00
 153    53.347 56167.36348247 57.15 125.610056  64.645104 24.605 -100.00 -100.00 -100.00
 154    53.255 56177.27912671 37.08 125.596076  64.642099   -100 -100.00 -100.00 -100.00
 154    53.032 56177.27912730 37.61 125.601838  64.642991   -100 -100.00 -100.00 -100.00
 154    53.183 56177.27912789 31.29 125.607599  64.643883 26.017 -100.00 -100.00 -100.00
 154    53.336 56177.27912848 32.98 125.613362  64.644775   -100 -100.00 -100.00 -100.00
 155    52.411 56187.19476806 41.21 125.600318  64.641489   -100 -100.00 -100.00 -100.00
 155    52.282 56187.19476865 42.01 125.606079  64.642381   -100 -100.00 -100.00 -100.00
 155    52.358 56187.19476924 42.80 125.611841  64.643273   -100 -100.00 -100.00 -100.00
 155    52.661 56187.19476983 41.55 125.617604  64.644164   -100 -100.00 -100.00 -100.00
 156    52.587 56197.11040574 38.25 125.603838  64.641518   -100 -100.00 -100.00 -100.00
 156    52.425 56197.11040633 38.32 125.609600  64.642410   -100 -100.00 -100.00 -100.00
 156    52.975 56197.11040692 37.45 125.615362  64.643301   -100 -100.00 -100.00 -100.00
 157    52.214 56207.02603970 33.25 125.599607  64.641848 24.630 -100.00 -100.00 -100.00
 157    51.987 56207.02604030 39.54 125.605369  64.642740   -100 -100.00 -100.00 -100.00
 157    52.049 56207.02604089 39.50 125.611131  64.643632   -100 -100.00 -100.00 -100.00
 157    52.811 56207.02604148 34.31 125.616894  64.644524 29.272 -100.00 -100.00 -100.00
 158    52.079 56216.94167226 39.80 125.596603  64.642964 22.873 -100.00 -100.00 -100.00
 158    51.852 56216.94167285 41.84 125.602365  64.643856   -100 -100.00 -100.00 -100.00
 158    51.547 56216.94167345 44.99 125.608128  64.644748  2.110 -100.00 -100.00 -100.00
 158    51.577 56216.94167404 39.45 125.613890  64.645640   -100 -100.00 -100.00 -100.00
 159    50.823 56226.85731434 35.30 125.595434  64.644012 24.086 -100.00 -100.00 -100.00
 159    51.192 56226.85731493 33.12 125.601196  64.644904 18.087 -100.00 -100.00 -100.00
 159    51.309 56226.85731552 32.69 125.606958  64.645796 16.066 -100.00 -100.00 -100.00
 159    51.282 56226.85731611 31.01 125.612721  64.646688 13.366 -100.00 -100.00 -100.00
 160    54.501 56236.77296927 22.89 125.596828  64.644414  4.355 -100.00 -100.00 -100.00
 160    53.271 56236.77296986 22.65 125.602590  64.645306  4.630 -100.00 -100.00 -100.00
 160    53.807 56236.77297045 22.84 125.608352  64.646198  5.438 -100.00 -100.00 -100.00
 161    54.325 56246.68862023 22.29 125.597530  64.644046  3.848 -100.00 -100.00 -100.00
 161    55.824 56246.68862082 21.85 125.603292  64.644938  2.926 -100.00 -100.00 -100.00
 161    53.859 56246.68862141 21.79 125.609054  64.645829  3.754 -100.00 -100.00 -100.00
 162    53.067 56256.60426594 22.45 125.596097  64.643704  3.687 -100.00 -100.00 -100.00
 162    55.859 56256.60426653 22.31 125.601859  64.644596  4.130 -100.00 -100.00 -100.00
 162    55.973 56256.60426712 21.69 125.607621  64.645487  3.474 -100.00 -100.00 -100.00
 162    53.244 56256.60426771 21.78 125.613384  64.646379  3.954 -100.00 -100.00 -100.00
 164    52.008 56276.43554917 21.95 125.598249  64.645510  4.431 -100.00 -100.00 -100.00
 164    52.756 56276.43554976 20.87 125.604011  64.646401  3.775 -100.00 -100.00 -100.00
 164    52.795 56276.43555035 21.06 125.609774  64.647293  3.959 -100.00 -100.00 -100.00
 165    51.776 56286.35119600 20.98 125.597028  64.644847  4.293 -100.00 -100.00 -100.00
 165    51.954 56286.35119659 21.00 125.602791  64.645739  4.607 -100.00 -100.00 -100.00
 165    52.405 56286.35119718 20.44 125.608553  64.646630  4.046 -100.00 -100.00 -100.00
 166    54.871 56296.26684597 20.30 125.598009  64.642970  4.417 -100.00 -100.00 -100.00
 166    51.722 56296.26684656 20.47 125.603771  64.643861  4.467 -100.00 -100.00 -100.00
 166    55.525 56296.26684715 20.16 125.609534  64.644753  4.728 -100.00 -100.00 -100.00
 166    51.668 56296.26684774 20.68 125.615297  64.645644  5.476 -100.00 -100.00 -100.00
 167    51.601 56306.18249214 21.07 125.601563  64.641396  6.577 -100.00 -100.00 -100.00
 167    52.268 56306.18249273 20.33 125.607325  64.642288  5.114 -100.00 -100.00 -100.00
 167    51.745 56306.18249332 20.22 125.613088  64.643179  5.458 -100.00 -100.00 -100.00
 168    51.911 56316.09813458 20.51 125.599087  64.640660  5.691 -100.00 -100.00 -100.00
 168    51.653 56316.09813517 20.10 125.604849  64.641552  5.229 -100.00 -100.00 -100.00
 168    51.509 56316.09813576 20.12 125.610612  64.642443  5.094 -100.00 -100.00 -100.00
 168    51.555 56316.09813635 19.74 125.616374  64.643334  4.848 -100.00 -100.00 -100.00
 169    51.540 56326.01377571 19.24 125.599812  64.642514  4.761 -100.00 -100.00 -100.00
 169    51.894 56326.01377630 19.02 125.605575  64.643406  4.608 -100.00 -100.00 -100.00
 169    51.660 56326.01377689 19.36 125.611338  64.644297  5.587 -100.00 -100.00 -100.00
 170    53.747 56335.92941542 18.15 125.596123  64.643609  4.139 -100.00 -100.00 -100.00
 170    52.430 56335.92941601 18.22 125.601885  64.644501  3.914 -100.00 -100.00 -100.00
 170    51.818 56335.92941660 18.03 125.607648  64.645393  3.751 -100.00 -100.00 -100.00
 170    51.669 56335.92941719 18.42 125.613411  64.646284  4.625 -100.00 -100.00 -100.00
 171    52.077 56345.84505415 18.10 125.596515  64.643512  4.057 -100.00 -100.00 -100.00
 171    51.828 56345.84505474 18.07 125.602277  64.644404  3.885 -100.00 -100.00 -100.00
 171    51.377 56345.84505533 17.79 125.608039  64.645296  4.695 -100.00 -100.00 -100.00
 171    51.759 56345.84505592 17.42 125.613802  64.646188  4.019 -100.00 -100.00 -100.00
 172    52.532 56355.76069090 17.59 125.602317  64.642483  4.551 -100.00 -100.00 -100.00
 172    52.392 56355.76069149 18.04 125.608078  64.643375  5.239 -100.00 -100.00 -100.00
 172    51.744 56355.76069208 17.57 125.613840  64.644266  5.043 -100.00 -100.00 -100.00
 173    52.212 56365.67633739 17.40 125.604356  64.641464  4.069 -100.00 -100.00 -100.00
 173    51.936 56365.67633798 16.88 125.610117  64.642355  4.078 -100.00 -100.00 -100.00
 173    51.611 56365.67633857 17.62 125.615879  64.643247  5.375 -100.00 -100.00 -100.00
 174    52.265 56375.59198560 16.86 125.599133  64.641148  3.780 -100.00 -100.00 -100.00
 174    51.948 56375.59198619 17.15 125.604894  64.642040  4.791 -100.00 -100.00 -100.00
 174    51.843 56375.59198679 17.29 125.610655  64.642931  5.534 -100.00 -100.00 -100.00
 174    51.764 56375.59198738 16.68 125.616417  64.643823  4.382 -100.00 -100.00 -100.00
 176    52.170 56395.42327525 15.68 125.596840  64.645477  3.387 -100.00 -100.00 -100.00
 176    51.744 56395.42327584 15.73 125.602602  64.646369  3.573 -100.00 -100.00 -100.00
 176    52.024 56395.42327643 15.72 125.608365  64.647261  3.560 -100.00 -100.00 -100.00
 177    52.913 56405.33891695 35.97 125.596323  64.646191 31.978 -100.00 -100.00 -100.00
 177    52.807 56405.33891754 32.48 125.602085  64.647083 23.437 -100.00 -100.00 -100.00
 177    52.547 56405.33891813 34.45 125.607848  64.647975   -100 -100.00 -100.00 -100.00
 178    51.892 56415.25455520 45.25 125.594771  64.645126   -100 -100.00 -100.00 -100.00
 178    51.975 56415.25455579 43.89 125.600534  64.646018   -100 -100.00 -100.00 -100.00
 178    51.546 56415.25455638 48.19 125.606296  64.646909 11.203 -100.00 -100.00 -100.00
 178    53.100 56415.25455697 44.33 125.612059  64.647801   -100 -100.00 -100.00 -100.00
 179    51.529 56425.17018872 44.95 125.595169  64.643181  6.149 -100.00 -100.00 -100.00
 179    51.710 56425.17018931 42.00 125.600931  64.644073   -100 -100.00 -100.00 -100.00
 179    51.460 56425.17018990 48.30 125.606693  64.644965   -100 -100.00 -100.00 -100.00
 179    51.561 56425.17019049 46.15 125.612456  64.645857  4.578 -100.00 -100.00 -100.00
 180    56.254 56435.08583657 29.12 125.596064  64.643043  6.615 -100.00 -100.00 -100.00
 180    56.148 56435.08583716 28.76 125.601826  64.643935  6.723 -100.00 -100.00 -100.00
 180    56.510 56435.08583775 28.00 125.607588  64.644827  4.912 -100.00 -100.00 -100.00
 180    57.562 56435.08583834 27.12 125.613351  64.645718  4.382 -100.00 -100.00 -100.00
 181    54.863 56445.00148855 53.33 125.595544  64.644087 26.155 -100.00 -100.00 -100.00
 181    54.904 56445.00148914 53.14 125.601306  64.644979  6.862 -100.00 -100.00 -100.00
 181    55.005 56445.00148973 50.78 125.607068  64.645871   -100 -100.00 -100.00 -100.00
 181    55.122 56445.00149032 53.69 125.612831  64.646762   -100 -100.00 -100.00 -100.00
 182    53.795 56454.91713849 30.49 125.598975  64.646060 24.583 -100.00 -100.00 -100.00
 182    54.399 56454.91713908 30.08 125.604738  64.646952 21.284 -100.00 -100.00 -100.00
 182    54.306 56454.91713967 32.04 125.610501  64.647843 29.583 -100.00 -100.00 -100.00
 183    54.225 56464.83278494 52.95 125.598358  64.645717   -100 -100.00 -100.00 -100.00
 183    54.192 56464.83278553 53.07 125.604120  64.646609  9.200 -100.00 -100.00 -100.00
 183    54.168 56464.83278612 46.55 125.609883  64.647500  1.308 -100.00 -100.00 -100.00
 184    52.607 56474.74842758 51.25 125.597255  64.643433 15.765 -100.00 -100.00 -100.00
 184    52.786 56474.74842817 52.30 125.603016  64.644325   -100 -100.00 -100.00 -100.00
 184    52.538 56474.74842876 54.16 125.608778  64.645216 14.424 -100.00 -100.00 -100.00
 184    52.695 56474.74842935 52.44 125.614541  64.646107  9.408 -100.00 -100.00 -100.00
 185    52.525 56484.66406746 52.94 125.602976  64.641609  0.525 -100.00 -100.00 -100.00
 185    52.696 56484.66406805 53.87 125.608737  64.642500   -100 -100.00 -100.00 -100.00
 185    52.498 56484.66406864 57.29 125.614498  64.643391 25.580 -100.00 -100.00 -100.00
 187    54.692 56504.49533823 31.84 125.600976  64.641566  6.687 -100.00 -100.00 -100.00
 187    54.696 56504.49533882 30.75 125.606737  64.642458  5.810 -100.00 -100.00 -100.00
 187    54.613 56504.49533941 29.73 125.612499  64.643349  4.442 -100.00 -100.00 -100.00
 188    54.977 56514.41097077 49.18 125.595767  64.642414   -100 -100.00 -100.00 -100.00
 188    54.990 56514.41097136 40.97 125.601529  64.643306 21.815 -100.00 -100.00 -100.00
 188    55.019 56514.41097195 45.23 125.607290  64.644198   -100 -100.00 -100.00 -100.00
 188    54.893 56514.41097254 49.35 125.613052  64.645090  6.699 -100.00 -100.00 -100.00
 189    53.267 56524.32662295 35.98 125.598543  64.643805   -100 -100.00 -100.00 -100.00
 189    53.276 56524.32662354 33.26 125.604304  64.644697   -100 -100.00 -100.00 -100.00
 189    53.408 56524.32662413 37.74 125.610067  64.645589  0.463 -100.00 -100.00 -100.00
 190    53.326 56534.24227441 32.21 125.599219  64.642888   -100 -100.00 -100.00 -100.00
 190    53.088 56534.24227500 32.26 125.604980  64.643780   -100 -100.00 -100.00 -100.00
 190    53.214 56534.24227559 33.33 125.610743  64.644671   -100 -100.00 -100.00 -100.00
 192    52.708 56554.07356680 49.11 125.601211  64.641841   -100 -100.00 -100.00 -100.00
 192    52.225 56554.07356740 52.32 125.606973  64.642733 22.231 -100.00 -100.00 -100.00
 192    52.219 56554.07356799 55.21 125.612736  64.643624 15.682 -100.00 -100.00 -100.00
 193    52.296 56563.98920954 38.47 125.599492  64.643682   -100 -100.00 -100.00 -100.00
 193    52.097 56563.98921013 36.28 125.605255  64.644574   -100 -100.00 -100.00 -100.00
 193    52.006 56563.98921072 35.08 125.611018  64.645466   -100 -100.00 -100.00 -100.00
 194    51.927 56573.90485109 34.14 125.598915  64.646054 19.824 -100.00 -100.00 -100.00
 194    51.836 56573.90485168 34.17 125.604678  64.646945 19.102 -100.00 -100.00 -100.00
 194    51.562 56573.90485227 37.38 125.610441  64.647837   -100 -100.00 -100.00 -100.00
 195    51.360 56583.82049002 28.75 125.598670  64.646871 14.047 -100.00 -100.00 -100.00
 195    51.359 56583.82049061 29.75 125.604432  64.647763 15.993 -100.00 -100.00 -100.00
 195    51.074 56583.82049120 28.62 125.610195  64.648654 13.699 -100.00 -100.00 -100.00
 196    50.941 56593.73612408 20.22 125.597665  64.645146  3.659 -100.00 -100.00 -100.00
 196    53.699 56593.73612467 19.55 125.603427  64.646038  3.601 -100.00 -100.00 -100.00
 196    50.925 56593.73612526 19.63 125.609190  64.646930  3.575 -100.00 -100.00 -100.00
 197    50.262 56603.65177699 20.65 125.596447  64.643788  6.242 -100.00 -100.00 -100.00
 197    50.738 56603.65177758 20.05 125.602208  64.644680  5.556 -100.00 -100.00 -100.00
 197    50.140 56603.65177817 20.18 125.607970  64.645572  6.412 -100.00 -100.00 -100.00
 197    50.425 56603.65177876 19.28 125.613733  64.646463  5.045 -100.00 -100.00 -100.00
 198    51.638 56613.56742585 20.28 125.598095  64.643481  5.839 -100.00 -100.00 -100.00
 198    51.633 56613.56742644 20.89 125.603857  64.644373  7.384 -100.00 -100.00 -100.00
 198    51.487 56613.56742703 22.39 125.609619  64.645264 10.295 -100.00 -100.00 -100.00
 199    51.642 56623.48307069 19.92 125.599084  64.644343  5.201 -100.00 -100.00 -100.00
 199    51.578 56623.48307128 20.21 125.604847  64.645235  6.475 -100.00 -100.00 -100.00
 199    51.640 56623.48307187 19.76 125.610609  64.646127  5.537 -100.00 -100.00 -100.00
 200    51.641 56633.39871260 19.33 125.599127  64.645068  5.721 -100.00 -100.00 -100.00
 200    51.606 56633.39871320 18.96 125.604890  64.645959  5.223 -100.00 -100.00 -100.00
 200    51.693 56633.39871379 18.64 125.610653  64.646851  4.593 -100.00 -100.00 -100.00
 201    51.572 56643.31434936 19.06 125.594986  64.643927  5.745 -100.00 -100.00 -100.00
 201    51.588 56643.31434995 18.84 125.600748  64.644819  5.370 -100.00 -100.00 -100.00
 201    51.704 56643.31435054 18.72 125.606511  64.645711  5.106 -100.00 -100.00 -100.00
 201    51.734 56643.31435113 18.18 125.612274  64.646603  5.369 -100.00 -100.00 -100.00
 202    51.767 56653.23000105 17.82 125.599117  64.643102  5.385 -100.00 -100.00 -100.00
 202    51.728 56653.23000164 18.20 125.604879  64.643994  5.411 -100.00 -100.00 -100.00
 202    51.588 56653.23000223 17.72 125.610642  64.644886  5.046 -100.00 -100.00 -100.00
 203    51.893 56663.14565034 17.90 125.601008  64.641668  4.771 -100.00 -100.00 -100.00
 203    51.745 56663.14565093 17.43 125.606770  64.642560  4.789 -100.00 -100.00 -100.00
 203    51.791 56663.14565153 16.54 125.612533  64.643451  4.461 -100.00 -100.00 -100.00
 204    51.721 56673.06129676 17.44 125.601479  64.641195  5.655 -100.00 -100.00 -100.00
 204    51.646 56673.06129735 17.26 125.607241  64.642087  5.727 -100.00 -100.00 -100.00
 204    51.881 56673.06129794 16.56 125.613004  64.642978  5.207 -100.00 -100.00 -100.00
 205    51.810 56682.97694141 17.77 125.597462  64.642212  7.401 -100.00 -100.00 -100.00
 205    51.932 56682.97694200 15.92 125.603224  64.643104  4.383 -100.00 -100.00 -100.00
 205    51.685 56682.97694259 16.80 125.608987  64.643996  6.090 -100.00 -100.00 -100.00
 205    51.750 56682.97694318 16.57 125.614750  64.644887  6.715 -100.00 -100.00 -100.00
 206    51.712 56692.89258449 18.01 125.598757  64.644124  6.424 -100.00 -100.00 -100.00
 206    51.723 56692.89258509 16.44 125.604519  64.645016  4.630 -100.00 -100.00 -100.00
 206    51.542 56692.89258568 17.43 125.610282  64.645907  5.983 -100.00 -100.00 -100.00
 207    51.719 56702.80822319 15.19 125.598876  64.644547  4.668 -100.00 -100.00 -100.00
 207    51.621 56702.80822378 15.38 125.604639  64.645438  4.994 -100.00 -100.00 -100.00
 207    51.801 56702.80822437 14.68 125.610401  64.646330  3.906 -100.00 -100.00 -100.00
 208    51.692 56712.72385650 15.80 125.597885  64.642709  5.957 -100.00 -100.00 -100.00
 208    51.829 56712.72385709 15.04 125.603646  64.643601  3.990 -100.00 -100.00 -100.00
 208    51.700 56712.72385768 15.40 125.609408  64.644493  4.392 -100.00 -100.00 -100.00
 208    51.728 56712.72385827 15.09 125.615171  64.645385  4.167 -100.00 -100.00 -100.00
 209    51.633 56722.63950365 16.40 125.598271  64.641846 10.273 -100.00 -100.00 -100.00
 209    51.728 56722.63950424 15.90 125.604033  64.642738 11.451 -100.00 -100.00 -100.00
 209    51.699 56722.63950483 16.43 125.609794  64.643629 16.043 -100.00 -100.00 -100.00
 209    51.767 56722.63950542 16.22 125.615557  64.644521 17.034 -100.00 -100.00 -100.00
 210    51.805 56732.55515447 15.15 125.595486  64.641908  4.885 -100.00 -100.00 -100.00
 210    51.639 56732.55515506 14.55 125.601247  64.642800  4.137 -100.00 -100.00 -100.00
 210    51.780 56732.55515565 14.45 125.607009  64.643692  4.082 -100.00 -100.00 -100.00
 210    51.813 56732.55515624 14.63 125.612771  64.644583  4.573 -100.00 -100.00 -100.00
 211    52.431 56742.47080222 14.03 125.595837  64.644167  4.836 -100.00 -100.00 -100.00
 211    52.193 56742.47080281 14.10 125.601599  64.645059  5.043 -100.00 -100.00 -100.00
 211    53.768 56742.47080340 13.32 125.607361  64.645950  3.909 -100.00 -100.00 -100.00
 211    52.178 56742.47080399 13.61 125.613124  64.646841  3.801 -100.00 -100.00 -100.00
 212    52.704 56752.38644548 13.15 125.594624  64.646095  4.361 -100.00 -100.00 -100.00
 212    53.880 56752.38644607 13.37 125.600386  64.646987  4.237 -100.00 -100.00 -100.00
 212    52.464 56752.38644666 13.30 125.606149  64.647879  4.496 -100.00 -100.00 -100.00
 212    52.122 56752.38644725 13.33 125.611913  64.648770  4.532 -100.00 -100.00 -100.00
 213    53.281 56762.30208367 30.13 125.596218  64.646777 16.661 -100.00 -100.00 -100.00
 213    52.848 56762.30208426 30.83 125.601980  64.647669 20.672 -100.00 -100.00 -100.00
 213    52.465 56762.30208485 31.06 125.607743  64.648561 21.854 -100.00 -100.00 -100.00
 214    52.208 56772.21771444 41.72 125.594127  64.644832   -100 -100.00 -100.00 -100.00
 214    52.144 56772.21771503 44.17 125.599889  64.645724   -100 -100.00 -100.00 -100.00
 214    51.753 56772.21771562 44.99 125.605652  64.646616   -100 -100.00 -100.00 -100.00
 214    51.543 56772.21771621 44.15 125.611415  64.647508  5.575 -100.00 -100.00 -100.00
 215    52.828 56782.13337227 37.38 125.597815  64.644644 26.589 -100.00 -100.00 -100.00
 215    52.687 56782.13337286 36.83 125.603577  64.645536 26.688 -100.00 -100.00 -100.00
 215    53.038 56782.13337345 35.75 125.609340  64.646427 23.062 -100.00 -100.00 -100.00
 216    57.797 56792.04902670 50.19 125.599331  64.644601   -100 -100.00 -100.00 -100.00
 216    57.527 56792.04902729 52.57 125.605094  64.645492 28.251 -100.00 -100.00 -100.00
 216    57.695 56792.04902788 53.39 125.610857  64.646384 11.983 -100.00 -100.00 -100.00
 217    55.902 56801.96467805 37.70 125.598644  64.645175 27.075 -100.00 -100.00 -100.00
 217    55.708 56801.96467864 38.27 125.604406  64.646067 31.765 -100.00 -100.00 -100.00
 217    55.680 56801.96467923 39.78 125.610170  64.646958   -100 -100.00 -100.00 -100.00
 218    56.011 56811.88032162 27.05 125.595061  64.645153 12.058 -100.00 -100.00 -100.00
 218    54.856 56811.88032221 29.75 125.600823  64.646045 19.548 -100.00 -100.00 -100.00
 218    57.028 56811.88032280 27.99 125.606586  64.646937 13.412 -100.00 -100.00 -100.00
 218    54.510 56811.88032339 31.94 125.612349  64.647828 24.828 -100.00 -100.00 -100.00
 219    55.313 56821.79596155 27.18 125.596875  64.644954 11.769 -100.00 -100.00 -100.00
 219    54.907 56821.79596214 26.31 125.602637  64.645846  9.711 -100.00 -100.00 -100.00
 219    53.904 56821.79596273 32.55 125.608400  64.646737 28.410 -100.00 -100.00 -100.00
 220    53.311 56831.71159739 32.53 125.600368  64.643673   -100 -100.00 -100.00 -100.00
 220    53.517 56831.71159798 37.34 125.606129  64.644564  4.112 -100.00 -100.00 -100.00
 220    53.822 56831.71159857 34.90 125.611891  64.645456   -100 -100.00 -100.00 -100.00
 221    53.062 56841.62722938 36.10 125.599118  64.641282   -100 -100.00 -100.00 -100.00
 221    52.653 56841.62722997 39.16 125.604879  64.642174  3.430 -100.00 -100.00 -100.00
 221    52.743 56841.62723056 41.19 125.610640  64.643065  9.900 -100.00 -100.00 -100.00
 221    53.194 56841.62723115 40.85 125.616401  64.643956   -100 -100.00 -100.00 -100.00
 222    52.705 56851.54286727 49.17 125.600516  64.640838  5.386 -100.00 -100.00 -100.00
 222    52.370 56851.54286786 50.61 125.606277  64.641729   -100 -100.00 -100.00 -100.00
 222    52.554 56851.54286845 51.49 125.612038  64.642621 19.075 -100.00 -100.00 -100.00
 222    52.688 56851.54286904 47.94 125.617800  64.643512   -100 -100.00 -100.00 -100.00
 223    52.586 56861.45852176 37.42 125.600404  64.642445   -100 -100.00 -100.00 -100.00
 223    52.435 56861.45852236 37.66 125.606166  64.643337   -100 -100.00 -100.00 -100.00
 223    52.912 56861.45852295 37.22 125.611927  64.644228   -100 -100.00 -100.00 -100.00
 224    52.718 56871.37417522 40.54 125.595988  64.643694 28.264 -100.00 -100.00 -100.00
 224    52.387 56871.37417581 42.75 125.601749  64.644586   -100 -100.00 -100.00 -100.00
 224    52.166 56871.37417640 43.91 125.607511  64.645477   -100 -100.00 -100.00 -100.00
 224    51.972 56871.37417699 45.33 125.613274  64.646369   -100 -100.00 -100.00 -100.00
 225    52.837 56881.28982624 35.04 125.597011  64.644637   -100 -100.00 -100.00 -100.00
 225    52.397 56881.28982683 35.79 125.602773  64.645529   -100 -100.00 -100.00 -100.00
 225    52.659 56881.28982742 37.85 125.608535  64.646420   -100 -100.00 -100.00 -100.00
 226    52.717 56891.20547330 33.59 125.596350  64.644169 27.254 -100.00 -100.00 -100.00
 226    52.639 56891.20547389 33.68 125.602112  64.645061 26.774 -100.00 -100.00 -100.00
 226    51.719 56891.20547448 36.57 125.607875  64.645953   -100 -100.00 -100.00 -100.00
 226    53.169 56891.20547507 35.88 125.613638  64.646844 31.688 -100.00 -100.00 -100.00
 227    51.922 56901.12111756 41.66 125.597435  64.643663   -100 -100.00 -100.00 -100.00
 227    52.043 56901.12111815 35.57 125.603198  64.644555 18.511 -100.00 -100.00 -100.00
 227    52.054 56901.12111874 40.76 125.608961  64.645446   -100 -100.00 -100.00 -100.00
 227    52.822 56901.12111933 38.33 125.614724  64.646338 24.431 -100.00 -100.00 -100.00
 228    54.575 56911.03675967 32.00 125.596363  64.644181 23.862 -100.00 -100.00 -100.00
 228    52.453 56911.03676026 33.39 125.602126  64.645072 30.905 -100.00 -100.00 -100.00
 228    52.483 56911.03676085 34.00 125.607889  64.645964 29.863 -100.00 -100.00 -100.00
 228    52.274 56911.03676144 37.41 125.613652  64.646855   -100 -100.00 -100.00 -100.00
 229    52.017 56920.95240043 34.88 125.597753  64.645630   -100 -100.00 -100.00 -100.00
 229    52.923 56920.95240102 31.02 125.603516  64.646522 18.751 -100.00 -100.00 -100.00
 229    52.028 56920.95240162 36.10 125.609279  64.647413   -100 -100.00 -100.00 -100.00
 230    52.761 56930.86803881 34.11 125.597143  64.646601 29.849 -100.00 -100.00 -100.00
 230    52.807 56930.86803940 34.96 125.602905  64.647493   -100 -100.00 -100.00 -100.00
 230    52.580 56930.86803999 39.15 125.608668  64.648385   -100 -100.00 -100.00 -100.00
 231    52.213 56940.78367196 41.95 125.595675  64.645949 25.567 -100.00 -100.00 -100.00
 231    51.886 56940.78367255 43.76 125.601437  64.646841   -100 -100.00 -100.00 -100.00
 231    51.448 56940.78367314 49.50 125.607200  64.647732 19.525 -100.00 -100.00 -100.00
 233    54.852 56960.61496339 21.42 125.598918  64.644625  3.912 -100.00 -100.00 -100.00
 233    54.158 56960.61496398 21.17 125.604680  64.645517  3.870 -100.00 -100.00 -100.00
 233    53.983 56960.61496457 21.29 125.610442  64.646409  4.824 -100.00 -100.00 -100.00
 234    51.969 56970.53061009 21.64 125.599045  64.644397  6.311 -100.00 -100.00 -100.00
 234    51.666 56970.53061068 22.27 125.604807  64.645289  6.557 -100.00 -100.00 -100.00
 234    51.666 56970.53061127 21.81 125.610570  64.646180  6.199 -100.00 -100.00 -100.00
 235    51.414 56980.44625294 21.24 125.599842  64.644474  6.748 -100.00 -100.00 -100.00
 235    51.737 56980.44625353 20.64 125.605605  64.645366  5.095 -100.00 -100.00 -100.00
 235    52.664 56980.44625413 20.35 125.611367  64.646257  5.067 -100.00 -100.00 -100.00
 236    51.060 56990.36189099 21.66 125.596866  64.643672  6.558 -100.00 -100.00 -100.00
 236    51.431 56990.36189158 20.33 125.602628  64.644564  5.546 -100.00 -100.00 -100.00
 236    51.719 56990.36189217 20.43 125.608391  64.645456  5.636 -100.00 -100.00 -100.00
 236    51.370 56990.36189277 20.84 125.614154  64.646347  6.837 -100.00 -100.00 -100.00
 237    51.303 57000.27752311 20.78 125.598455  64.642577  5.718 -100.00 -100.00 -100.00
 237    51.366 57000.27752370 20.69 125.604217  64.643469  5.303 -100.00 -100.00 -100.00
 237    51.780 57000.27752429 20.27 125.609979  64.644361  5.513 -100.00 -100.00 -100.00
 237    51.453 57000.27752488 19.90 125.615742  64.645253  5.512 -100.00 -100.00 -100.00
 238    51.491 57010.19317789 20.59 125.596479  64.641911  5.940 -100.00 -100.00 -100.00
 238    51.282 57010.19317848 20.31 125.602241  64.642803  5.856 -100.00 -100.00 -100.00
 238    51.636 57010.19317907 19.67 125.608003  64.643695  4.844 -100.00 -100.00 -100.00
 238    51.676 57010.19317966 19.73 125.613766  64.644587  5.729 -100.00 -100.00 -100.00
 239    51.601 57020.10883037 19.70 125.599828  64.642013  5.394 -100.00 -100.00 -100.00
 239    51.432 57020.10883096 19.37 125.605591  64.642905  6.301 -100.00 -100.00 -100.00
 239    51.620 57020.10883155 19.27 125.611353  64.643796  4.821 -100.00 -100.00 -100.00
 240    51.373 57030.02447962 18.83 125.600707  64.642599  4.968 -100.00 -100.00 -100.00
 240    51.626 57030.02448021 17.81 125.606469  64.643490  4.317 -100.00 -100.00 -100.00
 240    52.567 57030.02448081 18.09 125.612232  64.644382  5.116 -100.00 -100.00 -100.00
 241    52.465 57039.94012689 16.96 125.599069  64.643286  4.244 -100.00 -100.00 -100.00
 241    52.772 57039.94012748 16.96 125.604832  64.644177  4.425 -100.00 -100.00 -100.00
 241    51.702 57039.94012807 17.01 125.610595  64.645069  4.405 -100.00 -100.00 -100.00
 242    52.102 57049.85577180 17.65 125.596188  64.643712  4.621 -100.00 -100.00 -100.00
 242    51.366 57049.85577239 17.19 125.601950  64.644604  4.365 -100.00 -100.00 -100.00
 242    51.841 57049.85577298 17.37 125.607712  64.645496  4.948 -100.00 -100.00 -100.00
 242    51.593 57049.85577357 17.19 125.613476  64.646387  4.448 -100.00 -100.00 -100.00
 243    51.410 57059.77141330 18.48 125.600085  64.644193  5.603 -100.00 -100.00 -100.00
 243    51.427 57059.77141389 18.06 125.605847  64.645085  4.944 -100.00 -100.00 -100.00
 243    51.590 57059.77141448 17.57 125.611610  64.645976  4.595 -100.00 -100.00 -100.00
 244    51.350 57069.68704828 18.76 125.595977  64.642849  5.676 -100.00 -100.00 -100.00
 244    51.727 57069.68704887 17.64 125.601739  64.643742  4.519 -100.00 -100.00 -100.00
 244    52.656 57069.68704946 17.49 125.607501  64.644633  4.751 -100.00 -100.00 -100.00
 244    51.539 57069.68705005 17.81 125.613263  64.645525  5.245 -100.00 -100.00 -100.00
 245    52.135 57079.60267943 15.40 125.596226  64.642440  4.255 -100.00 -100.00 -100.00
 245    52.716 57079.60268002 14.77 125.601987  64.643332  3.642 -100.00 -100.00 -100.00
 245    51.936 57079.60268061 15.10 125.607749  64.644224  4.526 -100.00 -100.00 -100.00
 245    53.151 57079.60268120 14.93 125.613511  64.645116  4.107 -100.00 -100.00 -100.00
 246    47.564 57089.51831740 17.09 125.594844  64.643002  5.191 -100.00 -100.00 -100.00
 246    52.235 57089.51831799 16.19 125.600605  64.643894  4.264 -100.00 -100.00 -100.00
 246    51.508 57089.51831858 16.25 125.606367  64.644786  4.171 -100.00 -100.00 -100.00
 246    51.768 57089.51831917 16.23 125.612129  64.645678  4.620 -100.00 -100.00 -100.00
 247    53.143 57099.43397594 14.49 125.597570  64.645553  4.616 -100.00 -100.00 -100.00
 247    53.517 57099.43397653 13.95 125.603332  64.646445  3.543 -100.00 -100.00 -100.00
 247    53.589 57099.43397712 13.95 125.609094  64.647337  3.517 -100.00 -100.00 -100.00
 248    53.128 57109.34963104 14.10 125.596546  64.646627  4.348 -100.00 -100.00 -100.00
 248    53.008 57109.34963163 14.13 125.602309  64.647519  3.595 -100.00 -100.00 -100.00
 248    53.911 57109.34963222 13.59 125.608072  64.648411  3.230 -100.00 -100.00 -100.00
 249    53.070 57119.26528073 14.03 125.596306  64.646092  5.015 -100.00 -100.00 -100.00
 249    53.186 57119.26528132 13.64 125.602069  64.646984  3.568 -100.00 -100.00 -100.00
 249    53.839 57119.26528191 13.55 125.607832  64.647876  3.910 -100.00 -100.00 -100.00
 250    52.681 57129.18092437 14.06 125.596211  64.644837  3.694 -100.00 -100.00 -100.00
 250    52.920 57129.18092496 13.96 125.601973  64.645729  3.543 -100.00 -100.00 -100.00
 250    53.159 57129.18092555 13.92 125.607736  64.646621  3.817 -100.00 -100.00 -100.00
 250    52.119 57129.18092614 13.94 125.613499  64.647512  3.680 -100.00 -100.00 -100.00
