# NaN NaN NaN ;Mean Elev.(m), Avg Gradient(m/km), RMS Gradient(m/km) - SRTM1     
#   29.693  -8.014  12.954 ;Mean Elev.(m), Avg Gradient(m/km), RMS Gradient(m/km) - ASTER GDEM
#   25.779  -6.418  13.440 ;Mean Elev.(m), Avg Gradient(m/km), RMS Gradient(m/km) - GMTED2010 
   3 124.245187  65.342907   -43.453   -43.447  3 54681.11347371  5.051
   5 124.246739  65.344114   -38.955   -38.930  3 54700.94475688 12.066
   7 124.244128  65.341247   -17.051   -17.050  3 54720.77605454  9.127
   8 124.242065  65.339743    93.608    94.116  3 54730.69170303 26.823
   9 124.244058  65.339119    90.621    90.817  3 54740.60735019 23.713
  10 124.243916  65.339445    47.007    47.038  3 54750.52299708 24.082
  11 124.244508  65.339714    42.698    42.718  3 54760.43864385 46.261
  12 124.240167  65.339892    42.308    42.225  3 54770.35428780 40.065
  13 124.239592  65.339357    42.635    42.784  3 54780.26992887 27.301
  14 124.237944  65.339001    43.555    43.446  3 54790.18556730 19.273
  15 124.243882  65.338850    44.715    45.340  3 54800.10120535 19.075
  17 124.244861  65.341398    45.228    45.814  3 54819.93248179 17.517
  18 124.245992  65.341523    44.716    45.490  3 54829.84813421 17.102
  19 124.244196  65.341672    42.875    42.745  3 54839.76377285 16.520
  20 124.244904  65.341823    44.967    45.320  3 54849.67942196 15.969
  21 124.243255  65.342750    43.949    43.015  3 54859.59507032 15.190
  22 124.245749  65.343058    44.080    43.143  3 54869.51071921 15.444
  23 124.243320  65.342612    43.902    43.912  3 54879.42636662 14.652
  24 124.243366  65.340799    45.239    45.323  3 54889.34201119 14.102
  25 124.240507  65.339148    44.700    43.970  3 54899.25765232 13.957
  26 124.242721  65.338500    44.641    43.608  3 54909.17329156 13.851
  27 124.241552  65.339650    43.642    43.582  3 54919.08892915 13.750
  28 124.240460  65.340812    44.709    44.069  3 54929.00456651 13.294
  31 124.240242  65.339087    89.430    84.347  3 54958.75147535  5.185
  32 124.238843  65.339439    94.074    94.938  3 54968.66712374  5.702
  33 124.241672  65.340232    94.681    94.991  3 54978.58277135 28.625
  34 124.243868  65.340927    47.234    47.179  3 54988.49841884 29.619
  36 124.240768  65.341413    94.482    94.657  3 55008.32971167 26.135
  37 124.244452  65.341264    93.921    94.616  3 55018.24535579 25.378
  47 124.239200  65.340701   103.483   103.483  2 55117.40179192  5.568
  48 124.241401  65.338761    43.779    43.790  3 55127.31743489 46.256
  49 124.243374  65.337221    89.320    87.814  5 55137.23307557 22.152
  50 124.244322  65.337572    42.329    42.957  5 55147.14871423 36.483
  51 124.243144  65.339858    43.247    42.285  3 55157.06435195 31.301
  52 124.241663  65.341923    42.185    42.192  3 55166.97998962 27.276
  53 124.245432  65.342303    42.306    42.285  3 55176.89562746 23.658
  54 124.243299  65.341840    42.536    42.442  3 55186.81127040 21.951
  55 124.240913  65.341537    42.605    42.634  3 55196.72692118 21.710
  56 124.243735  65.341865    42.680    42.334  3 55206.64257120 20.682
  57 124.244232  65.343197    43.551    43.942  3 55216.55822033 19.850
  58 124.242663  65.343686    42.576    42.690  3 55226.47386871 18.749
  59 124.241756  65.342111    42.087    42.048  3 55236.38951477 18.387
  60 124.241251  65.339367    43.043    42.855  3 55246.30515754 17.351
  61 124.247330  65.336628    45.076    45.515  4 55256.22079828 17.009
  62 124.248899  65.336865    43.606    43.517  4 55266.13643728 16.414
  63 124.243383  65.339697    43.326    43.297  3 55276.05207479 16.042
  64 124.244245  65.341226    43.359    43.435  3 55285.96771201 15.716
  65 124.240991  65.341217    43.277    43.002  3 55295.88334689 15.258
  66 124.241400  65.339073    43.292    43.301  3 55305.79898682 15.049
  67 124.248426  65.336613    91.863    92.043  4 55315.71463462  8.484
  68 124.243764  65.337773    43.553    44.408  5 55325.63027963 34.907
  69 124.239986  65.340442    98.167    92.835  3 55335.54592343  9.974
  70 124.241221  65.342207   106.268   108.476  3 55345.46156732  8.229
  71 124.246425  65.341923    94.162    94.172  3 55355.37721066 28.133
  72 124.244739  65.341589   105.511   110.228  3 55365.29285136  9.247
  73 124.245856  65.341160    97.627   100.940  3 55375.20849079  7.636
  77 124.243298  65.342527   109.313   109.281  3 55414.87105705  1.689
  79 124.246204  65.337214    90.202    89.627  4 55434.70235179 26.052
  80 124.244789  65.337383   105.435   105.435  2 55444.61799594  8.781
  81 124.242280  65.339334    91.537    90.065  3 55454.53363877 25.166
  82 124.243472  65.341039    89.977    89.906  3 55464.44928117 26.317
  84 124.243771  65.339181    42.155    42.470  3 55484.28055791 47.363
  85 124.244252  65.337446    41.733    41.839  5 55494.19619281 45.139
  86 124.238164  65.338862    42.224    42.311  3 55504.11182586 23.314
  87 124.242195  65.340563    41.906    41.921  3 55514.02747498 21.117
  89 124.246870  65.342656    42.133    42.084  3 55533.85877283 19.135
  90 124.244126  65.341983    41.958    41.972  3 55543.77441867 17.665
  91 124.242277  65.341382    42.663    42.530  3 55553.69006262 16.172
  92 124.245153  65.341429    42.198    42.077  3 55563.60570584 15.489
  93 124.241981  65.342740    43.435    43.146  3 55573.52134780 14.667
  94 124.245375  65.342415    43.186    42.942  3 55583.43698906 14.387
  95 124.243043  65.341356    43.609    43.539  3 55593.35262644 13.354
  96 124.243773  65.339419    43.916    43.699  3 55603.26826081 12.902
  97 124.241117  65.338788    44.184    43.836  3 55613.18389275 12.581
  98 124.241084  65.339399    44.135    44.299  3 55623.09952904 12.548
  99 124.242577  65.340333    43.748    43.746  3 55633.01518200 12.481
 103 124.239606  65.338393    84.582    84.271  3 55672.67776414  0.740
 104 124.237830  65.339191    47.054    47.011  3 55682.59340285 22.590
 105 124.242150  65.340823   102.421   106.583  3 55692.50904054  3.153
 106 124.242271  65.342884    95.438    95.148  3 55702.42467624 28.799
 107 124.247053  65.343082    97.696   104.501  3 55712.34031965  4.867
 109 124.244183  65.342158   105.394   110.754  3 55732.17161638  8.602
 111 124.246243  65.341827    91.357    91.271  3 55752.00290779 25.059
 114 124.239485  65.339650    90.694    90.214  3 55781.74982609 27.367
 115 124.242934  65.338913    91.460    91.234  3 55791.66546012 27.164
 116 124.241801  65.339878    89.501    89.641  3 55801.58109264 23.382
 121 124.241235  65.339386    90.352    90.909  4 55851.15931051 20.491
 122 124.242447  65.340499    89.840    90.509  3 55861.07494476 21.520
 123 124.244240  65.341597    42.617    42.566  3 55870.99059764 33.370
 133 124.241740  65.339023    46.430    46.539  3 55970.14703768 13.850
 135 124.243337  65.341046    45.009    44.635  3 55989.97830947 13.514
 136 124.242370  65.340708    46.068    46.242  3 55999.89395314 12.785
 137 124.244204  65.339249    45.974    45.856  3 56009.80960415 12.744
 138 124.239702  65.339202    46.522    46.508  3 56019.72525041 12.653
 139 124.239003  65.339807    46.058    46.194  3 56029.64089399 12.340
 142 124.246838  65.342537    95.155    94.745  3 56059.38781310 15.184
 143 124.247121  65.342620    96.635    96.568  3 56069.30344787 26.157
 144 124.245360  65.342328   114.418   115.149  3 56079.21909881  9.010
 145 124.246685  65.342139    94.061    94.538  3 56089.13474733 27.333
 147 124.245747  65.342158    87.960    81.141  3 56108.96603671  1.096
 148 124.240380  65.341182    94.403    94.017  3 56118.88166536 18.670
 149 124.241511  65.339357    90.569    90.922  3 56128.79730255 26.693
 150 124.241829  65.338729    93.054    93.071  3 56138.71293617 27.677
 151 124.241454  65.339601    92.341    91.579  3 56148.62858411 16.451
 152 124.243171  65.340927    89.938    89.264  3 56158.54423324 22.568
 153 124.238259  65.342032    95.633    95.633  2 56168.45988062  1.219
 154 124.239504  65.340802    92.374    92.214  3 56178.37552572 25.336
 155 124.240590  65.339255    91.336    89.553  3 56188.29116637 20.936
 156 124.241950  65.338779    88.150    83.066  3 56198.20680359  8.585
 157 124.239975  65.340675   104.781   103.976  3 56208.12243756 15.363
 158 124.243795  65.342792    89.844    90.227  3 56218.03807042 14.913
 159 124.245918  65.343897    90.017    89.915  3 56227.95371532 22.170
 160 124.245702  65.343276    42.734    42.815  3 56237.86936966 37.289
 161 124.241346  65.342533    41.809    41.680  3 56247.78501977 32.159
 162 124.242737  65.341748    42.453    42.330  3 56257.70066539 28.518
 163 124.241551  65.342579    42.748    42.688  3 56267.61630736 25.292
 164 124.245350  65.342888    42.579    42.524  3 56277.53194812 24.146
 165 124.244400  65.342528    42.945    42.697  3 56287.44759623 20.880
 166 124.239944  65.340803    43.245    42.845  3 56297.36324520 19.485
 167 124.237905  65.338638    43.033    43.002  3 56307.27889047 18.528
 168 124.244292  65.337137    43.398    43.465  5 56317.19453366 17.106
 169 124.243792  65.338836    43.237    43.046  3 56327.11017460 16.921
 170 124.244114  65.341045    43.442    43.113  3 56337.02581459 16.314
 171 124.244035  65.342045    43.517    43.334  3 56346.94145302 15.072
 172 124.242248  65.341237    43.919    44.023  3 56356.85708885 14.096
 173 124.241062  65.339274    43.986    43.985  4 56366.77273696 14.185
 176 124.246749  65.342162    43.365    43.052  3 56396.51967502 13.303
 177 124.245667  65.343742    42.257    42.233  3 56406.43531613 16.727
 178 124.245763  65.343577    87.014    87.175  3 56416.35095391 20.708
 179 124.246366  65.342397   105.081   109.566  3 56426.26658706 12.484
 180 124.243529  65.341560   101.764   102.490  3 56436.18223698  5.707
 181 124.241977  65.341719    94.266    94.221  3 56446.09788861 28.463
 182 124.243610  65.342432    88.457    81.833  3 56456.01353817  0.838
 183 124.243466  65.342235    94.204    94.159  3 56465.92918453 16.938
 185 124.242884  65.338420    95.086    99.816  3 56485.76046616  8.778
 187 124.235974  65.340275    94.279    94.279  2 56505.59173591  0.871
 188 124.244640  65.342088   100.260    95.163  3 56515.50736951 12.564
 189 124.250217  65.342095   104.553   104.553  2 56525.42302412  0.799
 192 124.238325  65.339447    92.139    92.184  3 56555.16996515 25.559
 194 124.245786  65.342928    43.238    43.179  3 56575.00124990 47.647
 195 124.247429  65.344415    42.626    42.500  3 56584.91688851 45.942
 196 124.245188  65.344420    42.363    42.295  3 56594.83252436 42.323
 197 124.240891  65.342923    90.102    90.102  2 56604.74817700 14.653
 198 124.242701  65.341340    90.549    90.549  2 56614.66382537  8.914
 201 124.243281  65.342466    42.219    42.209  3 56644.41074801 19.170
 205 124.243651  65.338958    47.050    46.922  3 56684.07334062  4.914
 207 124.244948  65.342022    63.502    71.047  3 56703.90462177  3.677
 209 124.244176  65.340171    46.688    46.926  3 56723.73590445  8.203
 213 124.243799  65.344539    90.589    90.601  3 56763.39848186  7.709
 215 124.244654  65.342264   103.478   111.045  3 56783.22977292  7.981
 216 124.245724  65.340807    96.008    95.409  3 56793.14542694 29.077
 217 124.241133  65.340987    94.405    93.969  3 56803.06107756 25.907
 218 124.243754  65.341047    93.620    92.849  3 56812.97672092 29.578
 219 124.237213  65.341620    82.658    82.658  2 56822.89235990  0.934
 220 124.240444  65.340544    46.512    47.192  3 56832.80799568 27.426
 222 124.242173  65.339780    90.401    90.534  3 56852.63926812 24.548
 225 124.243627  65.341126    91.189    91.123  3 56882.38622623 24.159
 228 124.240489  65.340933    44.186    44.303  3 56912.13315846 48.456
 229 124.247771  65.341375   109.161   109.161  2 56922.04879939  1.360
 232 124.245316  65.343482    42.291    42.280  4 56951.79571237 42.699
 233 124.245020  65.342130    41.562    41.745  3 56961.71136355 44.909
 234 124.241182  65.341842    41.405    41.577  3 56971.62700939 34.282
 235 124.245352  65.341397    41.829    41.859  3 56981.54265185 27.850
 236 124.243460  65.341738    42.191    42.122  3 56991.45828924 22.556
 237 124.244720  65.341335    42.114    42.079  3 57001.37392112 21.333
 238 124.244425  65.339968    42.017    41.987  3 57011.28957870 21.192
 239 124.242217  65.339301    42.194    42.228  3 57021.20523024 18.230
 240 124.242017  65.339721    42.294    42.191  3 57031.12087907 17.652
 241 124.242232  65.340555    76.579    76.579  2 57041.03652605  2.006
 242 124.245615  65.340959    42.265    42.303  3 57050.95217125 15.898
 247 124.244591  65.343637    82.790    82.673  3 57100.53037668  1.557
 248 124.244388  65.343984    83.212    83.277  3 57110.44603119  2.499
 249 124.244479  65.343173    82.996    83.012  3 57120.36168018  1.349
 250 124.245001  65.341814    83.097    82.940  3 57130.27732344  0.514
