# NaN NaN NaN ;Mean Elev.(m), Avg Gradient(m/km), RMS Gradient(m/km) - SRTM1     
#   44.074  -1.610   7.975 ;Mean Elev.(m), Avg Gradient(m/km), RMS Gradient(m/km) - ASTER GDEM
#   29.305  -3.132  11.424 ;Mean Elev.(m), Avg Gradient(m/km), RMS Gradient(m/km) - GMTED2010 
   1 127.353063  63.964602    61.526    61.511 17 54666.11914638 50.254
   2 127.348462  63.965113    60.814    60.811 16 54676.03479060 32.838
   3 127.344265  63.966203     7.310     7.084 17 54685.95043349 13.900
   4 127.344261  63.966971    63.065    63.033 16 54695.86607509 52.194
   5 127.341698  63.964959    11.256    13.337 17 54705.78171384  8.088
   6 127.358339  63.965896    62.793    62.803 16 54715.69736783 28.709
   7 127.359274  63.963973    12.551    12.553 15 54725.61301771 10.057
   8 127.359642  63.964165    65.072    62.017 16 54735.52866586 25.372
   9 127.353294  63.965201    62.347    61.265 17 54745.44431260 27.033
  10 127.345219  63.965592    60.529    60.451 17 54755.35995872 44.502
  11 127.350785  63.966251    59.841    59.822 17 54765.27560481 41.277
  12 127.357689  63.964965    59.310    59.329 15 54775.19124794 45.038
  13 127.360752  63.963272    59.933    59.855 14 54785.10688816 34.437
  14 127.360678  63.963227    59.958    59.907 15 54795.02252659 31.370
  17 127.352867  63.965686    60.053    60.059 17 54824.76944656 23.375
  18 127.356999  63.966102    59.910    59.912 16 54834.68508665 23.494
  19 127.353015  63.965836    59.690    59.717 18 54844.60073606 23.508
  20 127.349548  63.966622    59.578    59.611 17 54854.51638480 22.424
  21 127.340589  63.966915    59.337    59.431 18 54864.43203286 21.918
  22 127.336567  63.966855    59.304    59.318 18 54874.34768108 21.614
  23 127.343982  63.967078    59.362    59.512 16 54884.26332778 21.177
  24 127.353801  63.966275    59.630    59.678 17 54894.17897119 20.757
  25 127.357486  63.964801    59.806    59.798 15 54904.09461126 20.524
  26 127.354451  63.963961    59.676    59.757 17 54914.01024956 19.660
  27 127.352835  63.964911    59.776    59.842 17 54923.92588749 18.071
  28 127.348926  63.965114    60.037    60.061 16 54933.84152435 15.029
  29 127.354088  63.965183    61.094    61.298 18 54943.75716009 22.652
  30 127.359082  63.963496    60.119    60.088 15 54953.67279358 36.035
  31 127.361767  63.962319    61.932    61.934 14 54963.58843841 46.516
  32 127.362233  63.963022    66.424    64.574 15 54973.50408694 24.286
  33 127.359733  63.964744    64.374    64.389 16 54983.41973459 46.172
  34 127.342894  63.963677   132.535   132.535  2 54993.33538049  1.557
  35 127.350086  63.966035    63.987    64.027 17 55003.25102784 42.345
  36 127.351055  63.966189    63.250    63.276 18 55013.16667245 45.701
  37 127.353349  63.966288    61.856    61.947 17 55023.08231575 39.180
  38 127.350468  63.966426    62.916    62.203 17 55032.99795781 28.312
  39 127.340015  63.965341    60.985    60.969 17 55042.91359834 34.305
  40 127.344607  63.966043    62.149    61.267 17 55052.82923880 26.148
  41 127.352802  63.965767    61.594    61.611 17 55062.74487731 54.497
  42 127.358352  63.964814    62.370    61.709 15 55072.66052197 24.828
  43 127.358702  63.963758    61.296    61.308 15 55082.57617025 28.961
  44 127.359998  63.964517    61.683    61.693 16 55092.49181724 51.811
  45 127.357025  63.965378    65.533    62.280 17 55102.40746360 27.265
  46 127.349390  63.965170    62.691    61.869 16 55112.32310913 23.789
  47 127.353776  63.965588    61.065    60.892 18 55122.23875351 29.863
  48 127.358279  63.964800    59.971    59.966 15 55132.15439489 47.271
  49 127.360852  63.963766    58.380    58.375 15 55142.07003401 44.325
  50 127.360138  63.963801    59.488    59.463 16 55151.98567225 37.920
  51 127.358525  63.964811    59.426    59.454 15 55161.90131069 31.887
  52 127.351604  63.964742    59.587    59.675 17 55171.81694816 27.503
  53 127.353446  63.965348    59.450    59.494 17 55181.73258492 25.828
  54 127.354255  63.965944    59.490    59.523 17 55191.64823484 24.873
  55 127.348367  63.965779    59.316    59.421 16 55201.56388443 24.696
  56 127.344695  63.966139    59.202    59.292 17 55211.47953367 23.665
  57 127.341407  63.966099    59.045    59.126 18 55221.39518247 22.909
  58 127.348452  63.966777    59.086    59.078 17 55231.31083115 22.014
  59 127.353479  63.966151    59.147    59.059 17 55241.22647630 22.021
  60 127.353185  63.964554    59.184    59.189 17 55251.14211735 21.547
  61 127.357818  63.964820    59.283    59.282 16 55261.05775668 21.098
  62 127.359892  63.965564    59.474    59.485 16 55270.97339490 19.181
  63 127.358342  63.965594    59.561    59.454 16 55280.88903263 19.010
  64 127.359541  63.965417    59.818    59.815 16 55290.80466939 18.188
  65 127.360299  63.964297    59.894    59.952 16 55300.72030371 18.197
  66 127.361414  63.963736    59.313    59.302 15 55310.63595004 27.307
  67 127.360135  63.963461    59.423    59.405 15 55320.55159546 37.739
  68 127.360116  63.964454    60.027    59.974 16 55330.46724006 45.904
  69 127.357896  63.965586    66.458    66.429 16 55340.38288439 54.223
  70 127.354963  63.965972    67.511    67.885 17 55350.29852837 21.134
  71 127.349320  63.965187    63.308    63.307 16 55360.21416989 41.931
  72 127.349190  63.965334    67.223    66.314 16 55370.12980981 22.098
  73 127.349642  63.965823    65.198    62.184 17 55380.04544829 24.274
  74 127.350708  63.966495    63.481    63.464 17 55389.96108611 48.026
  75 127.348932  63.965640    62.222    61.420 17 55399.87672244 28.670
  76 127.356253  63.965670    61.697    60.898 17 55409.79237039 27.042
  77 127.359644  63.964566    61.996    61.971 15 55419.70802096 52.748
  78 127.358749  63.963495    63.165    61.072 15 55429.62366790 24.791
  79 127.358982  63.964367    61.054    61.052 15 55439.53931263 53.660
  80 127.358758  63.965815    61.747    61.808 16 55449.45495597 39.672
  81 127.355691  63.965742    62.028    61.211 17 55459.37059855 32.796
  82 127.358448  63.965396    61.569    60.743 16 55469.28624080 27.305
  83 127.359175  63.963862    59.962    59.991 15 55479.20187957 36.312
  84 127.362053  63.963306    59.756    59.709 15 55489.11751576 43.232
  85 127.361026  63.963180    58.916    58.950 14 55499.03314932 45.359
  86 127.358199  63.964178    59.644    59.568 15 55508.94878886 36.438
  87 127.357016  63.965671    59.873    59.895 16 55518.86443892 25.856
  88 127.353820  63.965900    59.997    60.023 18 55528.78008775 26.238
  89 127.353301  63.965934    59.816    59.848 18 55538.69573498 24.531
  90 127.350927  63.965773    59.634    59.627 17 55548.61137979 19.891
  91 127.345582  63.965769    59.563    59.567 17 55558.52702264 18.252
  92 127.341991  63.966136    59.566    59.516 18 55568.44266485 18.244
  93 127.341028  63.965512    59.488    59.458 17 55578.35830639 17.494
  94 127.356691  63.966187    59.595    59.605 16 55588.27394725 17.240
  95 127.361496  63.963951    59.756    59.728 15 55598.18958380 16.433
  96 127.361458  63.962285    59.792    59.804 14 55608.10521730 16.197
  97 127.360834  63.962572    59.849    59.870 15 55618.02084896 16.010
  98 127.359095  63.964668    59.868    59.915 15 55627.93649514 14.278
  99 127.353114  63.964667    59.985    59.961 17 55637.85214585 13.502
 100 127.357658  63.964677    59.806    59.779 15 55647.76779544 13.732
 101 127.362402  63.963730    60.074    60.086 15 55657.68344206 13.123
 102 127.363609  63.963253    60.025    60.045 15 55667.59908428 12.235
 103 127.361531  63.964052    60.082    60.138 15 55677.51472365 33.485
 104 127.355112  63.964858    59.963    60.013 16 55687.43036077 37.201
 105 127.353828  63.965790    66.477    65.964 18 55697.34599713 39.968
 106 127.355845  63.965572    62.134    62.175 17 55707.26163234 39.990
 107 127.359362  63.965887    62.797    62.793 16 55717.17728392 46.933
 108 127.352285  63.964898    68.165    67.670 17 55727.09293176 19.644
 109 127.349536  63.965695    63.221    62.113 16 55737.00857843 28.904
 110 127.339876  63.965176    61.116    61.099 17 55746.92422308 32.784
 111 127.347052  63.966318    61.679    61.645 18 55756.83986735 53.273
 112 127.357457  63.965993    60.242    60.235 16 55766.75550921 31.104
 113 127.359579  63.963362    60.433    60.450 15 55776.67114715 34.378
 114 127.361618  63.962090    61.879    62.038 14 55786.58678251 30.194
 115 127.361580  63.962981    61.275    61.276 14 55796.50241616 27.997
 116 127.357247  63.964253    61.471    60.511 16 55806.41805721 28.230
 117 127.359122  63.965973    61.247    61.221 16 55816.33370671 27.214
 118 127.359103  63.964702    61.620    61.648 15 55826.24935271 24.548
 119 127.362759  63.963343    62.030    61.203 15 55836.16499460 24.758
 120 127.362945  63.962196    60.309    60.393 14 55846.08063283 37.597
 121 127.361537  63.963108    59.803    59.809 14 55855.99626842 48.360
 122 127.359554  63.965316    59.521    59.503 16 55865.91191038 41.095
 123 127.350499  63.966019    60.044    60.059 17 55875.82756224 37.743
 133 127.363089  63.964130    59.982    60.024 15 55974.98399623 18.782
 134 127.353661  63.964185    59.860    59.799 17 55984.89963156 18.330
 135 127.358548  63.965453    59.886    59.878 16 55994.81526579 18.295
 136 127.356483  63.964335    59.957    59.971 16 56004.73091766 16.968
 137 127.363192  63.963836    60.105    60.171 15 56014.64656653 15.811
 139 127.358573  63.964452    60.148    60.217 16 56034.47785461 16.000
 141 127.345560  63.965718    60.102    60.076 17 56054.30913308 46.750
 142 127.351220  63.966119    67.537    67.491 18 56064.22476843 56.088
 143 127.356767  63.966039    64.404    64.501 16 56074.14041235 25.712
 144 127.355072  63.965793    65.552    64.056 17 56084.05606192 21.899
 145 127.352553  63.965864    64.072    64.075 18 56093.97170903 48.674
 146 127.350294  63.966051    62.520    62.481 17 56103.88735399 46.299
 147 127.353084  63.965961    64.523    63.479 18 56113.80298488 18.594
 148 127.358122  63.965288    65.002    62.316 16 56123.71862374 28.716
 149 127.359484  63.963167    62.568    62.543 15 56133.63425820 46.325
 150 127.362468  63.962803    65.247    63.391 14 56143.54989732 19.359
 151 127.359332  63.963467    62.242    61.310 15 56153.46554763 22.724
 152 127.359048  63.965344    62.296    62.308 16 56163.38119697 34.901
 153 127.351500  63.964906    63.228    62.249 17 56173.29684341 27.225
 154 127.354658  63.964799    62.176    62.129 16 56183.21248582 41.419
 155 127.358798  63.964015    62.637    61.865 15 56193.12812450 20.015
 156 127.360932  63.963605    60.540    60.672 15 56203.04376026 27.714
 157 127.357741  63.963752    60.493    60.571 15 56212.95939382 26.838
 158 127.357173  63.965160    60.169    60.178 15 56222.87502599 49.783
 159 127.350549  63.966078    58.575    58.694 17 56232.79068175 42.060
 160 127.350317  63.966530    58.945    59.002 17 56242.70633401 38.511
 161 127.346640  63.965307    59.370    59.400 17 56252.62198136 36.347
 162 127.352415  63.965866    59.337    59.383 18 56262.53762521 33.244
 164 127.352697  63.965776    59.387    59.450 17 56282.36890875 28.074
 165 127.355021  63.966048    59.269    59.349 17 56292.28456100 26.466
 166 127.354171  63.964728    59.146    59.113 17 56302.20020835 26.658
 167 127.358121  63.964297    59.122    59.178 15 56312.11585197 25.405
 168 127.360363  63.964540    59.034    59.093 15 56322.03149328 24.326
 169 127.358436  63.965015    58.969    59.019 15 56331.94713360 24.968
 170 127.352414  63.964465    59.100    59.243 17 56341.86277298 22.717
 171 127.353046  63.964230    59.140    59.197 17 56351.77841071 22.016
 172 127.359284  63.964387    59.089    59.116 15 56361.69405120 22.567
 173 127.360245  63.964534    59.145    59.146 15 56371.60970065 22.397
 174 127.357512  63.965047    59.352    59.352 16 56381.52534718 21.210
 175 127.350955  63.965616    59.796    59.914 17 56391.44099128 19.724
 176 127.341005  63.964844    61.146    61.213 17 56401.35663334 30.198
 177 127.349172  63.966558    59.572    59.319 17 56411.27227454 43.213
 178 127.348658  63.965509    59.656    59.752 16 56421.18790976 36.244
 179 127.354747  63.966071    65.706    65.799 17 56431.10354915 39.217
 180 127.346521  63.965318    64.443    64.397 17 56441.01920121 44.549
 181 127.348690  63.966262    65.857    63.655 17 56450.93485186 19.678
 182 127.350641  63.966101    64.270    64.279 18 56460.85050006 48.156
 183 127.355682  63.965634    62.230    62.182 17 56470.76614521 54.994
 184 127.357581  63.964620    61.570    61.583 15 56480.68178638 53.869
 185 127.358279  63.964122    63.165    63.119 15 56490.59742359 45.832
 187 127.358629  63.964483    63.703    63.708 15 56510.42869176 40.409
 188 127.358703  63.964645    65.020    63.460 16 56520.34433528 19.060
 189 127.359280  63.964907    62.769    62.849 16 56530.25998886 31.204
 190 127.359124  63.964676    61.788    61.791 16 56540.17563841 40.211
 191 127.354468  63.964071    61.497    61.474 17 56550.09128317 45.407
 192 127.353681  63.965312    61.995    61.312 18 56560.00692607 24.883
 193 127.350650  63.966292    61.034    61.031 17 56569.92256770 53.647
 194 127.344910  63.966070    60.327    60.368 17 56579.83820762 48.596
 195 127.349073  63.965911    59.656    59.674 17 56589.75384450 48.164
 196 127.353492  63.965795    57.892    58.041 17 56599.66949049 43.886
 197 127.354873  63.966042    59.211    59.342 17 56609.58514123 33.283
 198 127.350082  63.966011    58.889    58.988 17 56619.50078659 24.960
 199 127.350284  63.966641    58.903    58.896 17 56629.41642931 24.197
 200 127.349877  63.965553    59.089    59.206 17 56639.33206863 22.006
 201 127.359017  63.965147    59.133    59.074 16 56649.24771455 22.033
 202 127.360464  63.963973    59.273    59.230 15 56659.16336588 20.063
 203 127.357885  63.963650    59.184    59.197 15 56669.07901295 19.488
 205 127.350246  63.965640    58.965    59.001 17 56688.91030067 19.008
 206 127.353193  63.965869    58.975    59.067 17 56698.82594168 17.594
 207 127.359916  63.965151    59.096    59.163 16 56708.74157832 17.893
 208 127.359262  63.963696    59.101    59.148 15 56718.65721692 17.097
 211 127.344405  63.967135    59.207    59.322 16 56748.40416175 15.405
 212 127.339671  63.966241    59.088    59.287 17 56758.31980149 21.735
 213 127.348391  63.965973    60.813    60.469 16 56768.23543645 33.827
 214 127.352891  63.965524    59.753    59.662 18 56778.15108342 36.588
 215 127.351875  63.965872    64.871    64.870 18 56788.06673931 45.197
 216 127.341363  63.965331    64.235    64.203 17 56797.98239070 50.187
 217 127.340956  63.966346    63.009    62.959 18 56807.89803753 54.859
 219 127.352267  63.964956    62.742    62.744 17 56827.72931659 43.524
 221 127.360604  63.962907    61.514    61.495 15 56847.56058248 30.903
 222 127.354543  63.963969    62.231    62.229 17 56857.47623420 40.503
 223 127.352039  63.965992    61.250    61.228 18 56867.39188764 48.277
 224 127.347328  63.965721    61.546    61.524 19 56877.30753906 48.084
 225 127.350856  63.965537    61.994    61.211 17 56887.22318808 32.750
 226 127.352937  63.964719    61.291    61.263 17 56897.13883419 45.581
 227 127.352625  63.965213    61.192    61.166 17 56907.05447738 37.390
 228 127.348144  63.966510    61.431    60.686 17 56916.97011808 31.917
 229 127.340642  63.967010    62.750    62.087 17 56926.88575646 26.385
 230 127.339999  63.966818    60.849    60.745 18 56936.80139178 39.786
 231 127.348792  63.965974    59.761    59.786 17 56946.71702256 49.704
 232 127.357038  63.966019    58.978    58.992 16 56956.63267736 46.475
 233 127.351835  63.964604    58.373    58.457 17 56966.54832553 41.025
 234 127.348580  63.965128    58.966    59.036 16 56976.46396987 29.488
 235 127.341464  63.964860    59.140    59.187 17 56986.37960931 26.344
 236 127.348351  63.965139    59.016    59.001 16 56996.29524439 21.523
 237 127.356488  63.964389    58.975    58.986 16 57006.21088921 20.212
 238 127.360793  63.963603    59.038    59.012 15 57016.12654407 19.062
 239 127.360092  63.963700    59.128    59.114 16 57026.04219455 18.001
 240 127.353257  63.964727    59.065    59.104 17 57035.95784247 17.333
 241 127.348537  63.965817    59.012    59.030 17 57045.87348798 15.928
 242 127.347053  63.965719    59.344    59.287 17 57055.78913035 14.661
 243 127.356617  63.965702    59.375    59.375 17 57065.70476861 14.811
 244 127.357220  63.964332    59.433    59.376 16 57075.62040141 14.768
 245 127.358901  63.964371    59.405    59.389 15 57085.53603137 14.888
 246 127.349809  63.965609    59.483    59.460 17 57095.45168674 14.732
 247 127.340530  63.966471    59.895    59.924 18 57105.36734239 11.946
 248 127.339607  63.966939    60.517    60.524 17 57115.28299430 11.625
 249 127.344001  63.966244    60.382    60.493 17 57125.19864034 11.442
 250 127.352414  63.965910    60.689    60.692 17 57135.11428145 11.351
