# NaN NaN NaN ;Mean Elev.(m), Avg Gradient(m/km), RMS Gradient(m/km) - SRTM1     
#   18.000  -3.242   6.954 ;Mean Elev.(m), Avg Gradient(m/km), RMS Gradient(m/km) - ASTER GDEM
#   24.187  -3.794   6.200 ;Mean Elev.(m), Avg Gradient(m/km), RMS Gradient(m/km) - GMTED2010 
   1 124.158671  65.523436    42.524    42.574  6 54661.20147021 27.037
   2 124.149341  65.522846    41.492    41.498  8 54671.11711478 51.011
   3 124.153494  65.524303   -26.712   -26.741  8 54681.03275906  7.430
   4 124.153398  65.524996    43.285    43.277  6 54690.94840176 55.853
   5 124.148678  65.524206   -25.164   -25.149  8 54700.86404164  9.008
   6 124.149127  65.522840    42.485    42.532  8 54710.77968795 27.689
   7 124.151417  65.521782   -10.372   -10.368  8 54720.69533930 17.415
   8 124.146400  65.520451    43.938    43.935  8 54730.61098738 38.917
   9 124.148006  65.520895    42.276    42.264  7 54740.52663457 55.284
  10 124.148597  65.521508   114.000   113.699  3 54750.44228167  1.208
  11 124.150006  65.521955    87.139    87.486  8 54760.35792868 18.624
  12 124.149099  65.521345   101.103   101.869  8 54770.27357306 13.588
  13 124.146803  65.520223   102.356   102.356  2 54780.18921399  6.574
  15 124.151253  65.520040    98.365    98.365  2 54800.02049048  1.533
  17 124.150790  65.521692    41.132    40.865  8 54819.85176676 19.893
  18 124.149010  65.522112    42.387    42.581  8 54829.76741885 18.839
  19 124.147933  65.522566    42.569    42.579  8 54839.68305753 18.522
  20 124.152533  65.524024    42.296    42.424  8 54849.59870707 17.491
  21 124.148599  65.524912    42.434    42.437  8 54859.51435535 16.518
  22 124.152848  65.526078    42.600    42.586  8 54869.43000453 16.022
  23 124.148059  65.524761    43.257    43.275  8 54879.34565175 15.126
  24 124.149353  65.522777    43.143    43.215  8 54889.26129633 14.640
  25 124.146543  65.520611    44.130    44.182  8 54899.17693733 14.188
  26 124.146965  65.520515    44.053    44.031  8 54909.09257634 14.148
  27 124.148408  65.521670    43.399    43.463  8 54919.00821422 14.018
  28 124.147291  65.522115    44.063    43.988  8 54928.92385157 13.770
  29 124.148022  65.521196    43.648    43.680  8 54938.83948820 13.185
  30 124.149777  65.519637    39.288    38.818  8 54948.75512321 42.020
  31 124.149171  65.518409    41.634    42.213  7 54958.67075995 29.732
  32 124.148217  65.519001    43.471    43.495  7 54968.58640839 32.115
  33 124.148575  65.520523    45.521    45.503  8 54978.50205594 55.589
  34 124.146358  65.521520    45.603    45.321  8 54988.41770319 22.864
  35 124.150200  65.522187    45.637    45.480  8 54998.33335114 25.308
  36 124.147647  65.522037    44.590    44.556  8 55008.24899667 55.884
  37 124.146089  65.522241    43.435    43.447  7 55018.16464036 54.995
  38 124.148755  65.523615    43.502    43.717  8 55028.08028309 24.257
  39 124.151094  65.525119    43.039    43.019  8 55037.99592528 26.209
  41 124.149745  65.523527    42.643    42.530  8 55057.82720462 25.039
  42 124.148283  65.520705    41.900    41.940  8 55067.74284213 28.523
  43 124.149690  65.519324    42.423    42.301  7 55077.65849235 24.738
  44 124.148511  65.519692    42.562    42.770  8 55087.57414002 26.701
  45 124.149696  65.521506    42.997    43.353  8 55097.48978640 25.965
  46 124.152287  65.522940    42.744    42.864  8 55107.40543247 25.566
  47 124.155816  65.522620    43.602    43.277  5 55117.32107789 26.233
  48 124.150114  65.520133    87.001    87.416  8 55127.23672004 24.458
  50 124.142720  65.518372   115.701   113.102  5 55147.06799839  1.578
  51 124.140868  65.520048   114.413   114.624  5 55156.98363620  4.794
  52 124.130770  65.520539   113.332   113.332  2 55166.89927315  0.638
  54 124.150805  65.521948    43.115    43.185  8 55186.73055541 21.142
  56 124.149993  65.523365    43.369    43.342  8 55206.56185615 20.394
  57 124.167840  65.526851    41.446    41.468  3 55216.47750714 19.413
  58 124.151518  65.525784    42.974    43.061  9 55226.39315422 18.729
  59 124.153357  65.524261    43.286    43.367  8 55236.30880048 18.003
  60 124.148525  65.520862    43.866    44.020  8 55246.22444263 17.065
  61 124.146513  65.518702    44.838    45.012  7 55256.14008243 16.434
  62 124.148053  65.519429    44.255    44.339  8 55266.05572143 15.987
  63 124.150341  65.521759    43.717    43.444  8 55275.97135982 15.738
  64 124.150544  65.522793    43.590    43.335  8 55285.88699701 15.709
  65 124.149509  65.521397    43.273    43.281  8 55295.80263193 15.411
  66 124.146501  65.518657    42.414    42.212  7 55305.71827110 19.302
  67 124.148437  65.517666    40.303    39.980  7 55315.63391822 33.228
  68 124.148667  65.518755    39.338    39.424  7 55325.54956379 38.877
  69 124.146596  65.520913    40.352    40.358  8 55335.46520804 44.085
  70 124.148847  65.522953    46.688    46.695  8 55345.38085229 31.225
  71 124.149618  65.523210    44.056    44.061  8 55355.29649533 51.333
  72 124.149433  65.522624    43.752    43.713  8 55365.21213620 25.464
  73 124.148541  65.522147    43.725    43.702  8 55375.12777544 23.585
  74 124.148448  65.522715    42.427    42.449  8 55385.04341370 46.941
  76 124.151741  65.523976    42.305    42.311  8 55404.87469059 27.828
  77 124.147291  65.522405    41.582    41.825  8 55414.79034159 30.183
  78 124.147653  65.520184    42.612    42.739  8 55424.70598991 29.129
  79 124.148424  65.518544    40.908    40.612  7 55434.62163568 31.625
  80 124.148578  65.519018    41.996    41.998  8 55444.53728007 31.938
  81 124.148601  65.520859    41.919    41.663  8 55454.45292342 45.243
  82 124.149588  65.522548    40.957    40.973  7 55464.36856609 55.127
  83 124.157745  65.522700    43.628    43.391  5 55474.28420675 23.869
  84 124.147359  65.519480   101.015   101.603  7 55484.19984261 23.042
  85 124.145208  65.517356    39.663    39.653  7 55494.11547715 45.758
  86 124.149958  65.518264    39.745    39.759  7 55504.03111132 31.109
  87 124.147434  65.520577    39.641    39.666  8 55513.94675984 22.017
  88 124.149327  65.523079    39.970    39.990  8 55523.86240970 21.042
  89 124.150377  65.523903    40.310    40.290  8 55533.77805767 19.802
  90 124.150907  65.523312    39.964    39.895  8 55543.69370371 19.570
  91 124.152323  65.522989    40.088    39.869  8 55553.60934791 18.096
  92 124.151161  65.523430    41.265    41.827  8 55563.52499083 16.854
  93 124.149786  65.524001    42.429    42.487  8 55573.44063312 15.620
  94 124.149013  65.523541    42.160    42.367  8 55583.35627406 15.313
  95 124.150235  65.521885    42.834    42.955  8 55593.27191171 14.397
  96 124.147215  65.519343    43.150    43.147  8 55603.18754559 13.889
  97 124.146262  65.517972    43.858    43.839  7 55613.10317760 13.340
  98 124.149239  65.518641    43.708    43.669  7 55623.01881401 13.025
  99 124.147757  65.520255    43.348    43.483  8 55632.93446673 12.914
 100 124.151066  65.521471    43.339    43.316  8 55642.85011762 12.022
 101 124.146481  65.520673    43.977    43.950  8 55652.76576482 11.450
 102 124.149279  65.519481    43.870    43.869  7 55662.68140846 10.638
 103 124.151909  65.519080    39.331    38.765  6 55672.59704910 31.560
 104 124.147535  65.519318    43.207    43.190  7 55682.51268768 24.253
 105 124.150939  65.521288    39.939    39.909  8 55692.42832556 37.731
 106 124.150210  65.522537    46.320    46.302  8 55702.34396143 39.359
 107 124.147572  65.522806    43.720    43.687  8 55712.25960413 26.237
 108 124.147063  65.522753    44.746    44.687  8 55722.17525361 24.277
 109 124.149038  65.522997    44.564    44.696  8 55732.09090130 23.758
 110 124.149287  65.523205    42.921    42.993  8 55742.00654755 26.992
 111 124.147643  65.523085    41.827    41.862  8 55751.92219232 32.311
 112 124.150587  65.522596    42.523    42.547  8 55761.83783516 26.709
 113 124.150825  65.521295    41.112    41.241  8 55771.75347489 35.455
 114 124.148875  65.519498    41.639    41.635  8 55781.66911090 55.109
 115 124.149455  65.518922    42.435    42.460  7 55791.58474463 54.372
 116 124.149255  65.519163    41.256    41.233  7 55801.50037725 50.402
 117 124.147067  65.520166    42.083    42.060  8 55811.41602732 29.581
 118 124.146629  65.520628    42.505    42.238  8 55821.33167600 26.185
 119 124.148235  65.520227    44.970    44.919  7 55831.24732004 22.306
 121 124.148816  65.518799    40.030    40.098  8 55851.07859563 51.153
 122 124.148566  65.519781    85.670    85.635  8 55860.99422984 22.235
 123 124.148706  65.521740    40.291    40.309  8 55870.90988251 27.873
 133 124.148195  65.519789    44.251    44.320  7 55970.06632268 13.621
 134 124.146392  65.520633    44.176    44.226  8 55979.98195881 13.648
 135 124.148502  65.520796    44.150    44.046  8 55989.89759437 13.246
 136 124.146700  65.519939    44.111    44.104  8 55999.81323764 12.916
 137 124.148833  65.519374    44.043    43.928  8 56009.72888850 12.856
 138 124.148345  65.519275    44.075    43.917  8 56019.64453505 12.652
 139 124.150417  65.520478    43.707    43.670  8 56029.56017898 12.209
 141 124.151206  65.523053    42.600    42.523  8 56049.39146084  7.259
 142 124.151447  65.523300    39.987    39.968  8 56059.30709803 44.559
 143 124.151012  65.522527    48.396    48.418  8 56069.22273261 50.308
 144 124.150623  65.522707    45.507    45.253  8 56079.13838372 28.129
 145 124.151805  65.523486    44.689    44.663  8 56089.05403225 55.623
 146 124.152155  65.524229    44.269    43.962  8 56098.96967819 26.798
 147 124.152066  65.523636    43.977    44.044  8 56108.88532165 23.158
 148 124.148860  65.521351    43.875    43.638  8 56118.80095029 28.141
 149 124.147416  65.518979    42.121    42.110  8 56128.71658700 47.084
 150 124.149432  65.518191    42.633    42.624  7 56138.63222069 43.252
 151 124.148938  65.519628    43.534    43.537  8 56148.54786861 52.638
 152 124.146225  65.521292    41.143    41.221  8 56158.46351759 47.454
 153 124.147783  65.522062    42.772    42.492  8 56168.37916579 29.638
 154 124.146973  65.520776    43.074    43.105  8 56178.29481073 50.715
 155 124.148741  65.519369    41.873    41.880  8 56188.21045141 54.561
 156 124.146784  65.518746    43.034    42.554  7 56198.12608836 25.375
 157 124.148418  65.520282    85.970    86.702  7 56208.04172283 17.486
 158 124.148156  65.522227    87.119    87.445  8 56217.95735549 22.241
 159 124.148298  65.523551    87.098    87.084  8 56227.87300009 24.843
 160 124.146572  65.523183   106.820   110.963  6 56237.78865421  4.396
 165 124.168902  65.525456    41.533    41.533  2 56287.36688310 19.790
 166 124.147783  65.521390    43.636    43.581  8 56297.28253038 19.189
 167 124.148417  65.519222    43.558    43.529  7 56307.19817578 17.971
 168 124.146988  65.518458    43.919    43.932  7 56317.11381817 17.111
 169 124.148337  65.520287    43.511    43.537  7 56327.02945940 16.900
 170 124.152142  65.522539    43.102    43.156  8 56336.94509985 16.383
 171 124.150449  65.522667    43.510    43.530  8 56346.86073810 15.450
 172 124.147046  65.520629    43.966    43.868  8 56356.77637357 14.824
 173 124.148959  65.519253    43.763    43.708  8 56366.69202158 14.708
 176 124.148793  65.523930    43.372    43.429  8 56396.43895957 13.944
 177 124.149660  65.525084    41.996    41.996  8 56406.35460109 18.439
 178 124.150817  65.524463    39.143    39.188  8 56416.27023905 46.645
 179 124.150568  65.522532    40.126    40.111  8 56426.18587205 44.965
 180 124.150756  65.522032    46.201    46.265  8 56436.10152202 32.913
 181 124.147908  65.522569    45.000    45.002  8 56446.01717354 55.922
 182 124.148543  65.523916    44.318    44.156  8 56455.93282305 24.311
 183 124.148237  65.523757    43.755    43.743  8 56465.84846931 29.966
 184 124.151475  65.522175    43.449    43.266  8 56475.76411199 24.815
 185 124.149153  65.519432    42.651    42.241  7 56485.67975060 29.086
 187 124.149523  65.519694    44.728    44.709  7 56505.51102122 22.866
 188 124.147466  65.521320    44.786    44.802  8 56515.42665411 51.292
 189 124.150829  65.522673    43.169    43.255  8 56525.34230852 28.298
 190 124.146327  65.521307    43.443    43.601  8 56535.25795894 26.712
 192 124.150240  65.520104    41.590    41.594  8 56555.08925063 56.002
 193 124.157480  65.522590    43.726    43.386  6 56565.00489418 27.473
 194 124.152247  65.524430    88.690    88.715  8 56574.92053521 25.784
 195 124.148886  65.525108    39.970    40.015  8 56584.83617344 52.308
 196 124.148232  65.524021    39.938    39.946  8 56594.75180917 45.172
 197 124.147487  65.522768    39.531    39.539  8 56604.66746198 35.197
 198 124.149634  65.522186    39.978    39.988  8 56614.58311031 32.248
 199 124.147518  65.522298    39.842    39.860  8 56624.49875448 25.030
 200 124.151253  65.523130    39.750    39.732  8 56634.41439642 24.914
 201 124.149701  65.522688    39.907    39.888  7 56644.33003313 23.163
 202 124.151631  65.521775    40.079    40.095  8 56654.24568627 18.948
 203 124.149096  65.519964    40.363    40.343  7 56664.16133469 18.686
 205 124.150929  65.520710    40.744    40.094  8 56683.99262569 16.321
 206 124.149535  65.522125    39.485    39.508  8 56693.90826832 18.867
 207 124.150580  65.522810    40.972    41.014  8 56703.82390679 15.516
 208 124.153069  65.521912    40.813    40.982  6 56713.73954000 14.639
 209 124.149208  65.520750    39.960    39.778  8 56723.65518892 16.044
 210 124.148494  65.520968    40.755    40.054  8 56733.57083941 14.814
 211 124.147138  65.522668    42.644    42.641  8 56743.48648651 13.350
 212 124.152350  65.524997    42.230    42.268  8 56753.40212993 13.024
 213 124.150400  65.525273    39.807    39.462  8 56763.31776723 37.158
 214 124.147723  65.523879    42.803    42.879  8 56773.23340015 28.180
 215 124.148414  65.523223    39.746    39.682  8 56783.14905772 39.523
 216 124.149604  65.523016    46.213    46.154  8 56793.06471167 49.720
 217 124.151054  65.523488    44.947    44.929  8 56802.98036288 54.558
 218 124.153128  65.523763    44.442    44.446  8 56812.89600615 55.127
 219 124.149779  65.522774    43.911    43.738  8 56822.81164534 24.755
 220 124.147363  65.521155    43.510    43.336  8 56832.72728040 25.871
 221 124.147789  65.519812    43.358    43.037  7 56842.64291234 24.342
 222 124.147929  65.519709    42.022    42.021  8 56852.55855243 52.399
 223 124.149674  65.521006    43.953    43.789  8 56862.47420684 23.764
 224 124.150086  65.522286    43.648    43.663  8 56872.38986057 23.815
 225 124.147594  65.522472    41.542    41.538  8 56882.30551091 44.802
 226 124.157096  65.523197    43.521    43.652  6 56892.22115875 22.614
 227 124.150109  65.522250    43.943    43.723  8 56902.13680193 23.611
 228 124.151909  65.523244    41.594    41.562  8 56912.05244404 54.013
 229 124.148483  65.523973    41.985    41.989  8 56921.96808404 26.031
 231 124.141271  65.523683    91.486    88.416  4 56941.79935422 22.176
 232 124.151448  65.523794    88.459    87.488  8 56951.71499730 24.216
 233 124.151088  65.523168    39.191    39.158  8 56961.63064838 46.784
 234 124.151228  65.523076    39.161    39.186  8 56971.54629463 32.197
 235 124.147563  65.522705    39.528    39.511  8 56981.46193644 27.000
 236 124.147079  65.522138    39.811    39.841  8 56991.37757411 23.622
 237 124.148880  65.520878    39.739    39.716  8 57001.29320583 22.604
 238 124.147516  65.520227    39.476    39.522  8 57011.20886332 23.267
 239 124.149260  65.520154    39.982    39.977  8 57021.12451525 19.742
 240 124.150160  65.521064    39.474    39.454  8 57031.04016423 20.396
 241 124.150669  65.522060    39.277    39.347  8 57040.95581127 20.438
 242 124.150681  65.522627    39.447    39.485  8 57050.87145614 18.691
 243 124.150306  65.522112    39.211    39.191  8 57060.78709678 19.488
 244 124.147193  65.521185    39.771    39.817  8 57070.70273158 16.325
 245 124.147815  65.521252    39.606    39.444  8 57080.61836248 17.086
 246 124.149786  65.522756    39.267    39.274  8 57090.53400371 18.006
 247 124.150644  65.524769    41.850    42.289  8 57100.44966165 13.763
 250 124.161633  65.524179    41.673    41.594  5 57130.19660956 25.129
