# NaN NaN NaN ;Mean Elev.(m), Avg Gradient(m/km), RMS Gradient(m/km) - SRTM1     
#  178.759  -3.265  23.417 ;Mean Elev.(m), Avg Gradient(m/km), RMS Gradient(m/km) - ASTER GDEM
#  126.896  -3.880  24.344 ;Mean Elev.(m), Avg Gradient(m/km), RMS Gradient(m/km) - GMTED2010 
   3 120.802739  60.508932    -4.094    -4.041  5 54684.16092480  3.063
   4 120.804969  60.509611   191.809   191.866  4 54694.07656696 16.869
   5 120.811113  60.507668     0.233     0.233  2 54703.99220733  0.366
   6 120.798258  60.509372   267.639   272.464  3 54713.90785644  0.813
   7 120.796836  60.506612    12.754    12.758  4 54723.82350732  3.876
   9 120.793757  60.505738   243.265   243.693  3 54743.65480229  0.982
  10 120.794765  60.506365   187.540   187.068  4 54753.57044875 25.515
  11 120.797081  60.505555   204.050   204.051  3 54763.48609489  4.813
  17 120.801532  60.508110   121.234   121.222  5 54822.97993529 21.812
  18 120.798153  60.507486   121.172   121.183  4 54832.89557545 20.856
  19 120.796098  60.506937   120.749   120.772  4 54842.81122552 20.961
  20 120.797622  60.506729   120.658   120.664  4 54852.72687467 21.084
  21 120.798408  60.507914   120.419   120.433  4 54862.64252320 19.606
  22 120.799245  60.508276   120.362   120.343  4 54872.55817172 19.805
  23 120.800288  60.506679   120.154   120.167  4 54882.47381847 20.077
  24 120.795608  60.505514   120.014   119.978  4 54892.38946133 20.435
  25 120.789723  60.504945   120.130   120.026  3 54902.30510125 20.116
  26 120.789453  60.504922   120.174   120.172  3 54912.22074023 19.912
  27 120.793969  60.505336   120.054   120.018  3 54922.13637869 20.523
  28 120.797195  60.506621   120.200   120.219  4 54932.05201623 12.965
  30 120.798502  60.506377   253.707   253.813  4 54951.88328617  6.461
  31 120.793491  60.506236   178.966   172.393  4 54961.79892788 13.928
  32 120.794853  60.505381   233.942   235.306  4 54971.71457677  8.604
  33 120.797557  60.506109   252.914   252.964  4 54981.63022439  6.996
  34 120.800656  60.507021   241.390   241.310  4 54991.54587167  2.670
  35 120.799647  60.507542   226.179   226.581  4 55001.46151811  2.616
  36 120.799333  60.506853   219.892   219.848  4 55011.37716301  3.875
  37 120.798956  60.506189   221.155   221.159  4 55021.29280645  2.020
  38 120.798320  60.507259   212.090   211.835  4 55031.20844869  0.961
  40 120.802939  60.509197   210.078   210.078  2 55051.03973104  0.825
  41 120.797809  60.510717   213.139   213.139  2 55060.95536860  0.641
  42 120.799386  60.507228   126.337   126.358  5 55070.87101113 47.491
  43 120.793721  60.505488   188.235   188.882  3 55080.78665989 20.515
  44 120.791396  60.504890   190.601   190.007  3 55090.70230695 24.119
  45 120.793692  60.505178   186.670   186.808  3 55100.61795343 19.247
  46 120.794740  60.506709   124.519   124.485  4 55110.53359914 47.456
  47 120.795481  60.506732   122.904   123.077  4 55120.44924322 49.401
  48 120.793222  60.505751   185.931   185.621  4 55130.36488448 22.462
  49 120.789569  60.504937   185.108   185.108  2 55140.28052366 11.055
  50 120.791103  60.504748   205.524   205.524  2 55150.19616240  1.336
  51 120.795621  60.506282   121.711   121.687  3 55160.11180115 22.982
  52 120.801673  60.507621   122.234   122.233  4 55170.02743970 20.216
  53 120.803945  60.508640   122.043   122.060  4 55179.94307670 20.345
  54 120.800788  60.508178   122.030   122.014  4 55189.85872384 18.377
  56 120.797867  60.507085   120.925   120.994  5 55209.69002390 18.790
  57 120.798937  60.507671   120.679   120.660  4 55219.60567306 15.954
  58 120.799720  60.507233   120.299   120.283  4 55229.52132139 15.730
  59 120.797156  60.506801   120.194   120.175  5 55239.43696624 14.392
  60 120.794334  60.505185   120.486   120.255  4 55249.35260763 14.362
  61 120.791255  60.504228   120.174   120.207  3 55259.26824667 14.492
  62 120.790816  60.504507   119.915   119.915  2 55269.18388513 12.875
  63 120.796192  60.504608   119.829   119.829  2 55279.09952401 12.563
  64 120.800269  60.505408   119.727   119.767  3 55289.01516142 13.796
  65 120.799360  60.507116   120.212   120.201  4 55298.93079586 11.113
  66 120.796908  60.506304   120.068   120.101  4 55308.84643956 17.605
  67 120.791964  60.505816   214.458   214.707  3 55318.76208528  5.281
  68 120.792190  60.505237   186.345   186.287  4 55328.67773034 17.186
  69 120.796139  60.505654   235.892   235.961  4 55338.59337504  1.657
  70 120.799029  60.507082   196.474   201.603  4 55348.50901912 18.260
  71 120.799858  60.508154   217.512   216.756  4 55358.42466120  3.829
  72 120.798535  60.508500   214.178   213.501  4 55368.34030110  1.911
  73 120.797009  60.508765   210.753   210.205  3 55378.25593957  3.491
  74 120.800589  60.508184   242.209   244.082  5 55388.17157793  1.404
  76 120.803195  60.508849   123.574   123.619  5 55408.00285972 45.517
  77 120.800458  60.507494   192.071   192.014  4 55417.91851068 26.659
  79 120.792535  60.505132   188.553   188.668  4 55437.74980260 20.616
  80 120.792028  60.505280   124.164   124.142  3 55447.66544589 24.749
  81 120.794050  60.505730   123.672   123.711  4 55457.58108901 44.485
  82 120.795419  60.506459   122.505   122.593  4 55467.49673131 40.825
  83 120.795354  60.506767   122.175   122.097  4 55477.41237030 45.578
  84 120.795106  60.506517   121.836   121.778  4 55487.32800621 44.542
  85 120.795766  60.506054   184.665   184.819  4 55497.24364008 19.369
  86 120.796540  60.506843   120.328   120.305  4 55507.15927694 47.301
  87 120.797825  60.507031   121.092   121.167  5 55517.07492758 47.919
  90 120.801362  60.506842   121.739   121.752  4 55546.82187057 20.237
  91 120.798110  60.507532   122.290   122.253  4 55556.73751370 17.113
  92 120.797981  60.507837   121.897   121.873  4 55566.65315621 15.487
  93 120.799534  60.507687   121.641   121.621  4 55576.56879821 16.124
  94 120.797729  60.507783   121.586   121.600  4 55586.48443796 14.954
  95 120.797334  60.506867   121.150   121.198  4 55596.40007480 14.425
  96 120.796061  60.506640   120.838   120.790  4 55606.31570848 14.325
  97 120.798887  60.506190   120.652   120.435  4 55616.23134058 13.675
  98 120.799020  60.507069   120.789   120.510  5 55626.14698296 10.537
  99 120.799267  60.506759   121.133   121.161  4 55636.06263513  9.956
 100 120.796395  60.507089   120.938   120.927  4 55645.97828486  9.497
 103 120.794358  60.505646   203.381   207.696  3 55675.72521452  2.710
 104 120.797080  60.506283   236.957   236.135  4 55685.64085253  9.236
 105 120.800045  60.507482   195.474   196.123  5 55695.55648931 23.242
 107 120.804299  60.507815   226.244   226.979  3 55715.38777317  0.215
 108 120.800148  60.508337   126.789   126.703  4 55725.30342154 37.409
 109 120.801283  60.507601   189.774   190.783  4 55735.21906874 19.036
 110 120.800478  60.508076   123.267   123.287  4 55745.13471439 27.302
 111 120.800715  60.507659   122.326   122.405  4 55755.05035860 47.640
 115 120.795828  60.506817   124.330   124.352  4 55794.71290820 27.028
 116 120.800551  60.507460   174.258   173.972  4 55804.62854633 13.300
 118 120.798724  60.507325   187.388   193.775  5 55824.45984246  8.766
 119 120.796706  60.506394   123.359   123.331  4 55834.37548478 35.197
 121 120.798415  60.506818   122.464   122.404  5 55854.20675920 28.533
 122 120.802313  60.507939   122.197   122.274  4 55864.12239764 47.724
 123 120.800611  60.508890   121.099   121.099  4 55874.03805102 45.874
 133 120.793353  60.505750   120.228   120.190  4 55973.19448655 16.043
 134 120.799886  60.506791   120.008   119.995  4 55983.11012328 16.337
 135 120.802667  60.508387   119.761   119.758  4 55993.02575771 16.264
 136 120.800567  60.507456   119.777   119.851  5 56002.94140684 16.821
 137 120.793645  60.506480   119.711   119.714  4 56012.85705587 17.642
 139 120.793537  60.505854   119.723   119.713  4 56032.68834532 17.367
 141 120.802742  60.508392   210.928   210.947  4 56052.51962558  3.316
 142 120.803363  60.509205   267.075   267.086  4 56062.43526111  4.813
 143 120.798084  60.510129   226.922   227.017  3 56072.35090067  2.554
 144 120.800455  60.507358   220.389   223.202  4 56082.26655151  3.022
 145 120.800764  60.507058   200.425   200.732  4 56092.18219938 17.391
 146 120.800581  60.508145   215.973   216.439  5 56102.09784479  1.309
 147 120.801823  60.507619   196.298   196.201  4 56112.01347622  8.350
 148 120.799502  60.507054   125.757   125.691  4 56121.92911535 42.183
 151 120.795254  60.506018   196.257   197.589  3 56151.67603724 17.657
 152 120.797573  60.507046   123.842   123.819  4 56161.59168633 40.823
 153 120.799931  60.507460   202.211   202.254  4 56171.50733366 17.960
 154 120.798993  60.507031   185.630   185.415  5 56181.42297636 17.515
 155 120.796741  60.505912   209.087   209.127  3 56191.33861523  0.275
 158 120.805060  60.508619   121.265   121.257  4 56221.08551839 46.918
 159 120.806612  60.509505   120.883   120.969  4 56231.00117058 46.602
 162 120.799534  60.507099   121.389   121.399  5 56260.74811622 23.055
 163 120.798034  60.507874   122.143   122.126  4 56270.66375764 22.913
 164 120.800873  60.507924   121.741   121.707  5 56280.57939777 19.222
 165 120.800151  60.507581   121.443   121.420  5 56290.49504981 17.941
 166 120.795286  60.507194   120.882   120.886  4 56300.41069731 18.190
 167 120.791857  60.505769   120.786   120.771  3 56310.32634101 17.310
 168 120.790627  60.504934   120.428   120.416  3 56320.24198264 16.049
 170 120.797260  60.506732   120.034   120.030  5 56340.07326434 15.600
 171 120.800959  60.507853   120.075   119.982  5 56349.98890271 15.306
 172 120.801437  60.507683   119.846   119.820  4 56359.90453994 10.735
 176 120.800502  60.507019   119.617   119.573  4 56399.56712589 11.859
 177 120.801759  60.509040   211.925   211.745  3 56409.48276636  2.791
 178 120.803362  60.509294   228.519   229.112  5 56419.39840252 10.928
 179 120.802048  60.509374   227.248   228.352  4 56429.31403711  7.037
 180 120.800375  60.507371   224.583   228.021  4 56439.22969069  7.457
 181 120.798138  60.506958   223.094   223.487  5 56449.14534159  2.829
 182 120.796530  60.507501   211.858   212.064  4 56459.06099028  2.033
 183 120.797109  60.506618   123.924   123.882  4 56468.97663605 32.421
 184 120.793312  60.507074   199.654   210.038  3 56478.89227726 12.645
 185 120.794132  60.505886   124.412   124.387  4 56488.80791515 49.416
 187 120.794457  60.508210   253.309   253.309  2 56508.63918369  5.512
 188 120.801093  60.508006   124.808   124.732  4 56518.55482375 20.358
 189 120.800015  60.508143   189.270   197.563  4 56528.47047749 10.642
 190 120.796371  60.508566   220.605   223.036  3 56538.38612677  1.839
 191 120.796837  60.506718   195.661   200.774  4 56548.30177268 12.669
 193 120.797790  60.506703   122.700   122.655  4 56568.13305833 29.495
 194 120.801368  60.508007   188.065   188.075  5 56578.04869960 24.978
 195 120.805930  60.508848   213.658   209.480  4 56587.96433739  7.620
 196 120.806236  60.508970   120.285   120.236  4 56597.87997956 44.172
 197 120.800915  60.508378   191.104   188.532  4 56607.79563062 10.499
 198 120.799640  60.507319   121.381   121.406  5 56617.71127710 32.380
 199 120.796845  60.508078   212.689   210.633  4 56627.62691980  1.432
 200 120.800100  60.507358   121.431   121.437  4 56637.54256040 24.571
 202 120.796120  60.506270   120.976   120.997  4 56657.37385413 23.084
 203 120.793831  60.505394   120.781   120.774  3 56667.28950161 22.640
 205 120.796721  60.505852   120.084   120.047  4 56687.12079093 19.381
 206 120.798455  60.506648   119.766   119.772  4 56697.03643294 15.726
 207 120.798841  60.507484   119.779   119.791  5 56706.95207024 15.276
 208 120.800021  60.507302   119.765   119.760  4 56716.86770541 14.895
 211 120.798204  60.507335   119.619   119.610  5 56746.61465305 16.030
 212 120.801068  60.508158   121.156   121.085  4 56756.53029441 14.686
 213 120.803823  60.508651   225.287   225.146  4 56766.44593001  4.734
 214 120.803698  60.508093   253.840   253.759  4 56776.36157163  5.913
 215 120.799536  60.507291   228.091   228.548  5 56786.27722778  7.841
 216 120.796422  60.506914   220.087   221.462  4 56796.19288044  5.381
 217 120.795318  60.506740   215.398   214.409  3 56806.10852873  0.785
 220 120.791849  60.506925   243.087   243.048  3 56835.85544352  0.616
 221 120.796680  60.506581   124.464   124.433  4 56845.77107555 35.007
 222 120.796253  60.507393   203.978   208.275  4 56855.68672293 12.483
 223 120.797954  60.507211   209.926   212.502  4 56865.60237648  9.649
 224 120.797362  60.506896   123.228   123.199  5 56875.51802884 45.946
 225 120.795010  60.506645   124.029   124.002  4 56885.43367791 37.146
 226 120.794510  60.505643   123.035   123.013  3 56895.34932434 45.211
 227 120.794189  60.505768   193.098   193.032  4 56905.26496760 13.385
 228 120.794566  60.507068   201.180   202.182  4 56915.18060870 16.633
 229 120.800140  60.507501   216.081   214.313  5 56925.09624863  3.281
 230 120.803110  60.508546   123.011   122.826  5 56935.01188532 50.766
 231 120.805251  60.508971   185.880   185.885  4 56944.92751675 23.798
 232 120.800655  60.508427   183.973   184.074  4 56954.84316638 22.418
 233 120.798463  60.507161   185.233   185.153  4 56964.75881603 25.071
 234 120.799700  60.506686   121.933   121.932  4 56974.67446124 28.551
 235 120.799079  60.508166   121.815   121.827  4 56984.59010154 25.163
 237 120.805450  60.505573   121.677   121.677  2 57004.42137727 23.703
 238 120.795248  60.505677   121.596   121.599  4 57014.33703203 23.187
 240 120.795689  60.505962   121.508   121.512  4 57034.16833163 19.764
 241 120.800074  60.506636   121.030   121.025  3 57044.08397821 18.341
 242 120.798919  60.507809   120.740   120.732  4 57053.99962156 16.326
 243 120.799802  60.506561   120.702   120.657  4 57063.91526073 14.122
 244 120.798472  60.506634   120.302   120.284  4 57073.83089453 14.816
 246 120.802959  60.508468   119.980   120.018  5 57093.66217542 13.802
 250 120.800384  60.506219   123.065   123.121  3 57133.32477309  9.994
