# NaN NaN NaN ;Mean Elev.(m), Avg Gradient(m/km), RMS Gradient(m/km) - SRTM1     
#   67.687  -6.349  13.725 ;Mean Elev.(m), Avg Gradient(m/km), RMS Gradient(m/km) - ASTER GDEM
#   68.276  -7.787  13.574 ;Mean Elev.(m), Avg Gradient(m/km), RMS Gradient(m/km) - GMTED2010 
   2 129.867261  62.138674   139.999   133.194  3 54669.24775986  2.011
   3 129.883007  62.134744    -0.718     0.249  8 54679.16340588  7.617
   4 129.886471  62.135645   156.475   155.951  8 54689.07904912  9.835
   5 129.887709  62.137043     2.209     2.825  7 54698.99469005  6.471
   6 129.887390  62.136493   140.349   141.771  7 54708.91033387 24.277
   7 129.884306  62.134348    10.724    11.187  9 54718.82598544  3.538
   8 129.884762  62.130906   154.705   155.372  9 54728.74163483 24.119
   9 129.881888  62.130168   152.430   152.570  9 54738.65728198 22.623
  10 129.881765  62.130609   150.248   150.469 10 54748.57292909 23.035
  11 129.885126  62.130690   150.372   150.128  9 54758.48857624 19.484
  12 129.880829  62.132361   151.057   150.926 10 54768.40422029 23.167
  13 129.881968  62.131248   132.336   132.947 10 54778.31986180 17.840
  14 129.876813  62.131537   136.925   137.547 10 54788.23550018  9.896
  15 129.880165  62.130567   135.234   135.743 10 54798.15113855  7.815
  17 129.884212  62.134276   137.503   138.524  9 54817.98241395  3.959
  18 129.883953  62.135082   143.941   142.910  8 54827.89806453  2.114
  19 129.884253  62.134032   141.134   140.739  9 54837.81370373  2.102
  20 129.882752  62.133461   140.215   142.011  8 54847.72935301  1.412
  21 129.881930  62.133571   140.837   141.411 10 54857.64500166  0.999
  22 129.883926  62.133757   139.458   140.253  9 54867.56065059  1.103
  23 129.883927  62.133814   143.508   143.588  8 54877.47629864  0.607
  24 129.888652  62.131544   142.803   141.387  6 54887.39194436  0.824
  25 129.880357  62.131713   138.808   140.569  6 54897.30758527  0.436
  30 129.882830  62.132906   155.515   155.669  8 54946.88577307 11.245
  31 129.881983  62.133127   155.182   154.353 10 54956.80140670  8.039
  32 129.882533  62.131667   156.522   156.584  9 54966.71705556 25.568
  33 129.881724  62.131705   155.476   155.392 10 54976.63270308 24.890
  34 129.880706  62.132845    90.206    90.159 10 54986.54835041 42.735
  35 129.883616  62.133089    90.764    90.756  8 54996.46399829 40.475
  36 129.848991  62.143473   158.451   158.451  2 55006.37963997  7.548
  38 129.881288  62.134629   155.000   155.779 10 55026.21093020 12.801
  39 129.850032  62.144307   125.794   125.875  3 55036.12656833  6.675
  41 129.883432  62.135821   153.603   153.812  9 55055.95785302 16.926
  42 129.884718  62.134160   141.149   142.597  9 55065.87349045 22.565
  43 129.880958  62.132743   153.989   153.763 10 55075.78913922 19.368
  44 129.882433  62.130757   155.057   154.562  9 55085.70478739 21.453
  46 129.880361  62.131848   144.402   141.983 10 55105.53607904 26.346
  48 129.848533  62.140045   151.699   151.699  2 55125.36736394 20.358
  49 129.878268  62.131029   150.461   150.080 11 55135.28300824 15.466
  50 129.879849  62.130731   155.016   154.477  9 55145.19864694  3.531
  51 129.879014  62.132393   145.405   150.559  8 55155.11428458  5.356
  52 129.879569  62.133895   154.160   153.337  8 55165.02992268  4.473
  53 129.887104  62.133444   148.849   151.540  7 55174.94556144  5.769
  54 129.893388  62.132289   154.510   151.923  5 55184.86120238  4.126
  55 129.860008  62.141062   156.583   157.584  3 55194.77684956  1.421
  56 129.851107  62.143292   157.174   157.174  2 55204.69249836  1.261
  57 129.881931  62.135111   147.900   147.233  7 55214.60815124  0.706
  58 129.846450  62.145125   143.674   143.674  2 55224.52379550  1.116
  59 129.849397  62.142742   142.416   142.416  2 55234.43944282  1.438
  62 129.902894  62.123100    83.967    83.967  2 55264.18637285 19.383
  63 129.899100  62.126204    83.886    84.096  3 55274.10201011 19.642
  64 129.895650  62.129046    83.826    83.862  4 55284.01764694 19.996
  65 129.896342  62.129052    84.034    84.079  3 55293.93328299 19.088
  66 129.889426  62.129701    84.200    84.115  7 55303.84891973 18.882
  67 129.899111  62.125120    86.542    86.542  2 55313.76456869 22.440
  68 129.883034  62.130125   154.822   153.083  9 55323.68021211  9.782
  69 129.879650  62.132968   152.867   152.870  8 55333.59585557 17.182
  70 129.883000  62.133579   155.927   156.164  8 55343.51149971 23.600
  71 129.881353  62.134247   145.087   152.600 10 55353.42714292 12.636
  72 129.848699  62.143257   126.809   126.809  2 55363.34278025  4.102
  74 129.884569  62.134739   151.094   150.903  9 55383.17406229 17.825
  76 129.888384  62.136330   150.360   150.163  7 55403.00533613 18.002
  77 129.884048  62.135146   149.319   151.169  9 55412.92098793 24.250
  79 129.878460  62.130641   140.281   142.139 11 55432.75228365 25.339
  80 129.898340  62.124961    87.149    87.149  2 55442.66793066 47.193
  81 129.848692  62.140642   150.747   150.747  2 55452.58356740 23.949
  82 129.880514  62.133489    85.329    85.345 10 55462.49921330 43.267
  83 129.850411  62.141829   151.665   151.665  2 55472.41484999  4.559
  84 129.887125  62.129935   142.324   142.095  8 55482.33049221  4.890
  85 129.877292  62.131454   150.571   150.132 10 55492.24612652 17.070
  86 129.881818  62.131554   134.688   135.156  9 55502.16176069 13.403
  87 129.877167  62.135078   156.958   154.394  8 55512.07740514  4.633
  88 129.876626  62.136903   147.750   153.707  5 55521.99305457  6.569
  89 129.884714  62.134669   141.497   142.793  8 55531.90870395  3.254
  90 129.882023  62.134107   137.519   137.417  9 55541.82435049  3.463
  91 129.881536  62.133269   130.799   135.173 10 55551.73999515  5.256
  92 129.881910  62.133604   101.340    96.561 10 55561.65563827 17.341
  93 129.884022  62.134592    98.337    93.430  9 55571.57128069 17.163
  94 129.883434  62.135465   100.900    99.259  9 55581.48692170 16.830
  95 129.882927  62.134243    98.860    95.428  8 55591.40255982 15.829
  96 129.881182  62.132429    99.990    98.247  9 55601.31819468 15.139
  97 129.881853  62.130984   100.000    95.912 10 55611.23382761 15.060
  98 129.881353  62.132529   100.847    96.733 10 55621.14945972 15.098
  99 129.883053  62.133432   102.138    96.820  8 55631.06511276 13.947
 100 129.881346  62.134865   107.086   101.223 10 55640.98076339 12.454
 101 129.849498  62.142806   132.199   132.199  2 55650.89640788  0.570
 102 129.863096  62.136221   134.163   131.660  3 55660.81205443  0.876
 103 129.877909  62.130401    86.605    86.679 11 55670.72769761 20.392
 105 129.880099  62.134206   154.120   154.446 10 55690.55897420 15.348
 106 129.848845  62.146056   130.054   130.054  2 55700.47460588  2.056
 107 129.885542  62.136490   148.542   153.367  7 55710.39024997 14.317
 109 129.884448  62.133728   146.787   136.150  8 55730.22154808  8.128
 110 129.881312  62.134507   152.034   152.809 10 55740.13719433 24.200
 111 129.884683  62.134131   149.909   150.239  9 55750.05284010 18.835
 112 129.883762  62.134538    84.417    84.392  9 55759.96848304 45.739
 113 129.901372  62.128584    84.330    84.330  2 55769.88412553 52.522
 114 129.880933  62.132390   154.776   154.544  9 55779.79976011 24.717
 115 129.884996  62.130189   140.319   141.593  9 55789.71539497  5.857
 116 129.884863  62.131368   152.721   152.984  9 55799.63102780 16.735
 117 129.882661  62.133379    86.502    85.545  8 55809.54667429 30.672
 118 129.882360  62.134748    85.724    85.811  9 55819.46232289 45.065
 119 129.897668  62.130246    88.451    88.451  2 55829.37796913 27.185
 121 129.881105  62.131799   140.637   142.892 10 55849.20924427  5.467
 123 129.880833  62.134989   150.607   149.776 10 55869.04052765 17.227
 134 129.897624  62.127268    84.954    84.954  2 55978.11260968 18.066
 136 129.899804  62.129689    84.987    84.987  2 55997.94388600 18.570
 137 129.899812  62.128433    84.926    84.926  2 56007.85953749 18.136
 138 129.880760  62.132136    85.004    85.048 10 56017.77518246 19.106
 139 129.881311  62.131204    84.685    85.090  9 56027.69082675 19.152
 141 129.881196  62.134127    90.409    89.996 10 56047.52210923 28.176
 142 129.881089  62.136305   153.073   152.004  7 56057.43774661 13.728
 143 129.864532  62.142533   159.493   159.493  2 56067.35337770  6.275
 144 129.884644  62.135747   156.261   156.386  8 56077.26902951 12.174
 145 129.886225  62.134101   151.744   161.757  7 56087.18467869 10.467
 146 129.883795  62.134296   139.832   140.292  8 56097.10032489 18.229
 147 129.884778  62.133686   147.714   154.051  9 56107.01596937 15.907
 148 129.848900  62.143045   155.461   155.461  2 56116.93159496 13.443
 149 129.848648  62.142389   153.152   153.152  2 56126.84723279  6.915
 150 129.882046  62.132511   156.690   156.155 10 56136.76287086 24.857
 151 129.881711  62.132388    88.803    88.724 10 56146.67851512 44.903
 152 129.884689  62.131842    86.985    87.109  9 56156.59416478 48.015
 153 129.881856  62.133169    85.744    85.792  9 56166.50981275 45.599
 154 129.897460  62.128609    89.036    88.875  3 56176.42546067 26.442
 155 129.881646  62.132662   153.275   153.008  9 56186.34109985 15.016
 156 129.851292  62.140833   151.646   151.646  2 56196.25673353 19.288
 157 129.901819  62.127424    89.819    89.819  2 56206.17237408 26.019
 158 129.883081  62.134961   138.129   136.756  8 56216.08800456 25.858
 159 129.884354  62.136674   149.693   149.514  7 56226.00364464 18.602
 160 129.888468  62.135298   142.929   151.461  7 56235.91930048  9.537
 161 129.877888  62.137227   141.608   137.552  6 56245.83495072  5.273
 162 129.880160  62.135616   134.556   137.452 10 56255.75059739  4.705
 163 129.882581  62.135030   134.274   135.394  6 56265.66624004  4.742
 164 129.878893  62.136522   136.305   137.629  6 56275.58188015  2.928
 165 129.879241  62.135746   137.659   137.397  6 56285.49752610  3.037
 166 129.881100  62.133021   137.908   140.963  7 56295.41317692  1.828
 167 129.879894  62.130923   135.215   140.374  5 56305.32882327  1.548
 168 129.875116  62.131487   134.463   135.962  5 56315.24446553  1.740
 169 129.869124  62.134573   134.830   135.017  4 56325.16010559  0.890
 170 129.861281  62.138965   131.611   130.705  4 56335.07574456  1.587
 171 129.882958  62.133873   103.703    98.712  8 56344.99138634 11.779
 172 129.888074  62.132111   125.825   112.284  7 56354.90702390  1.995
 173 129.882683  62.131969   119.464   110.467  8 56364.82266866  4.360
 174 129.868544  62.135092   132.957   132.957  2 56374.73831596  0.387
 176 129.884165  62.133618    85.718    84.539  8 56394.56960725 19.854
 177 129.884798  62.134828    85.076    84.632  9 56404.48524901 33.612
 178 129.888497  62.134357   155.744   157.458  7 56414.40088818  5.279
 179 129.884119  62.135630   153.564   153.325  8 56424.31652157 15.909
 180 129.883837  62.134948   140.629   137.584  9 56434.23216746 26.920
 181 129.883905  62.134034   151.074   155.175  9 56444.14781976 14.030
 182 129.884358  62.134064   150.428   154.600  8 56454.06346951 17.129
 183 129.887883  62.132361   155.220   154.039  7 56463.97911696  7.288
 184 129.852402  62.140627   146.758   146.758  2 56473.89475628  9.764
 187 129.849696  62.141554   153.941   153.941  2 56503.64166711  3.831
 188 129.884521  62.135218    89.218    89.281  9 56513.55730375 39.594
 189 129.899571  62.131409    89.546    89.546  2 56523.47295530 25.526
 190 129.880072  62.134935    88.165    87.827 10 56533.38860488 40.106
 194 129.882130  62.135798   150.146   153.870  7 56573.05118198  5.336
 195 129.888180  62.136105   148.999   148.931  7 56582.96682188 24.252
 196 129.882621  62.137973   151.431   150.868  8 56592.88245607 16.021
 197 129.850031  62.144641   142.606   142.606  2 56602.79810397  8.318
 200 129.848195  62.144853   129.052   129.052  2 56632.54503974  2.722
 202 129.848998  62.142714   131.640   131.640  2 56652.37632729  1.224
 203 129.850149  62.139461   129.435   129.900  3 56662.29197729  1.334
 204 129.891643  62.126508   135.956   137.428  6 56672.20762923  1.183
 205 129.849494  62.140192   130.444   130.257  3 56682.12326899  1.338
 206 129.873432  62.135936   124.049   127.109  4 56692.03891479  2.162
 207 129.890538  62.132827   122.505   111.187  5 56701.95455591  1.752
 208 129.874337  62.136939   126.555   132.383  4 56711.87018822  1.835
 209 129.882573  62.132416    85.347    85.333  9 56721.78583502 16.864
 211 129.901055  62.127340    86.573    86.573  2 56741.61713657 16.011
 213 129.884500  62.136996    84.387    81.494  7 56761.44841571 23.464
 214 129.888226  62.136336   152.929   153.747  7 56771.36404771  5.540
 215 129.882195  62.134898   155.081   154.031  7 56781.27970238  7.873
 216 129.881994  62.132510   155.266   155.109  9 56791.19535735 26.385
 217 129.882052  62.131806   151.400   152.255  9 56801.11100918 23.108
 218 129.885091  62.131991   143.930   149.351  9 56811.02665415 19.859
 219 129.883797  62.132973    86.619    86.673  8 56820.94229407 43.711
 220 129.884753  62.131989    88.315    88.344  9 56830.85793032 41.850
 221 129.881968  62.131696    86.665    86.581  9 56840.77356283 43.894
 222 129.881827  62.131681    87.066    87.074  9 56850.68919870 48.439
 224 129.880143  62.134189    84.084    84.098 10 56870.52050622 40.322
 225 129.881124  62.134535    85.028    85.076 10 56880.43615712 47.176
 226 129.881896  62.133161    90.064    89.751 10 56890.35180457 25.263
 227 129.881723  62.131190   139.874   141.336  5 56900.26744919  2.582
 229 129.881242  62.132933    87.764    87.798 10 56920.09873209 48.085
 231 129.886842  62.136679   150.125   150.632  6 56939.93000481 24.376
 232 129.886729  62.136619   150.111   149.324  6 56949.84564231 23.165
 233 129.884836  62.134285   134.554   133.977  9 56959.76129464 15.679
 234 129.881761  62.133307   136.069   134.820  9 56969.67694158  9.902
 235 129.883404  62.132907   139.996   141.169  8 56979.59258491  3.071
 236 129.880132  62.135050   137.437   138.699 10 56989.50822304  3.787
 237 129.882585  62.135569   138.392   139.167  8 56999.42385559  3.381
 238 129.883055  62.133701   125.540   135.543  8 57009.33950824  5.964
 239 129.881241  62.131881   111.661   103.911  9 57019.25516074 11.024
 240 129.881205  62.130891   112.732   103.833  9 57029.17081033  9.775
 241 129.884732  62.130635   100.693    98.514  9 57039.08645854 14.641
 242 129.880797  62.133431   106.552   103.872 10 57049.00210344 14.665
 243 129.880786  62.134825   107.718   104.689 10 57058.91774492 10.974
 244 129.883586  62.134383   103.703    98.265  8 57068.83338116 11.833
 245 129.881318  62.135135   104.202   100.953 10 57078.74901245 12.165
 246 129.883003  62.135312   103.953    98.204  8 57088.66464821 11.764
 247 129.884243  62.135012   103.169    97.603  8 57098.58030665 12.292
 248 129.882469  62.136264    88.862    88.241  8 57108.49596165 11.217
 249 129.882222  62.136507    88.804    88.029  8 57118.41161172 11.379
 250 129.883652  62.135071    90.147    89.013  8 57128.32725607 14.688
