# NaN NaN NaN ;Mean Elev.(m), Avg Gradient(m/km), RMS Gradient(m/km) - SRTM1     
#   54.642  -8.836  17.479 ;Mean Elev.(m), Avg Gradient(m/km), RMS Gradient(m/km) - ASTER GDEM
#   65.344  -7.990  16.302 ;Mean Elev.(m), Avg Gradient(m/km), RMS Gradient(m/km) - GMTED2010 
   3   -17.234 54684.93476347  2.70 129.809796  62.605053  2.389 -100.00 -100.00 -100.00
   3   -15.670 54684.93476406  2.74 129.814760  62.606347  2.391 -100.00 -100.00 -100.00
   3   -13.782 54684.93476465  2.78 129.819725  62.607640  2.326 -100.00 -100.00 -100.00
   3   -11.868 54684.93476524  2.88 129.824689  62.608934  2.066 -100.00 -100.00 -100.00
   3    -8.296 54684.93476701  3.42 129.839586  62.612812  2.446 -100.00 -100.00 -100.00
   3    -0.993 54684.93477114  5.13 129.874362  62.621856  2.416 -100.00 -100.00 -100.00
   3    -0.445 54684.93477173  4.99 129.879331  62.623147  2.202 -100.00 -100.00 -100.00
   4   162.782 54694.85040515  3.59 129.808823  62.605376  3.812 -100.00 -100.00 -100.00
   4   165.826 54694.85040574  4.99 129.813787  62.606670  3.782 -100.00 -100.00 -100.00
   4   166.061 54694.85040633  5.89 129.818751  62.607964  3.919 -100.00 -100.00 -100.00
   4   146.436 54694.85040692  7.65 129.823716  62.609257  4.459 -100.00 -100.00 -100.00
   4   151.351 54694.85040869 16.50 129.838612  62.613136  6.894  255.75  256.85  255.82
   4   149.913 54694.85040928 19.48 129.843578  62.614428  7.860  255.75  256.85  255.82
   4   146.714 54694.85041342 26.81 129.878355  62.623471 22.485  255.75  256.85  255.82
   5   -11.833 54704.76604408  6.50 129.808102  62.603384  4.230 -100.00 -100.00 -100.00
   5   -10.590 54704.76604467  6.14 129.813065  62.604678  3.765 -100.00 -100.00 -100.00
   5    -9.539 54704.76604526  6.43 129.818029  62.605972  3.525 -100.00 -100.00 -100.00
   5    -8.447 54704.76604585  8.07 129.822993  62.607265  3.026 -100.00 -100.00 -100.00
   5     1.717 54704.76605234  9.55 129.877625  62.621481  2.811 -100.00 -100.00 -100.00
   6   155.051 54714.68169500  6.89 129.807109  62.600810  5.471  248.73  250.40  249.93
   6   153.998 54714.68169559  4.30 129.812071  62.602104  4.937  248.73  250.40  249.93
   6   152.992 54714.68169618  5.16 129.817034  62.603397  4.692  248.73  250.40  249.93
   6   152.234 54714.68169678 10.05 129.821998  62.604691  8.022  248.73  250.40  249.93
   7     0.729 54724.59734508  5.98 129.806814  62.598878  2.152  238.64  238.55  240.50
   7     1.555 54724.59734567  6.24 129.811776  62.600171  2.210  238.64  238.55  240.50
   7     2.364 54724.59734626  6.19 129.816738  62.601465  1.989  238.64  238.55  240.50
   7     3.171 54724.59734685  6.86 129.821702  62.602758  2.410  238.64  238.55  240.50
   9   158.178 54744.42864190  0.95 129.816369  62.604340  3.046  248.64  248.36  250.18
   9   151.831 54744.42864249  6.01 129.821333  62.605633  5.854  248.64  248.36  250.18
  10   161.114 54754.34428802  2.91 129.809433  62.604441  3.245  254.45  254.00  255.32
  10   148.070 54754.34428861  5.42 129.814397  62.605735  5.052  254.45  254.00  255.32
  10   147.527 54754.34428920  6.45 129.819362  62.607028  4.902  254.45  254.00  255.32
  10   144.488 54754.34429628 12.01 129.878971  62.622531 10.498  254.45  254.00  255.32
  11   147.355 54764.25993367 11.63 129.808128  62.603516  7.535  253.60  252.26  252.66
  11   149.708 54764.25993426 14.61 129.813092  62.604809  6.204  253.60  252.26  252.66
  11   148.650 54764.25993485 19.55 129.818057  62.606102 10.613  253.60  252.26  252.66
  11   149.823 54764.25993544  3.66 129.823022  62.607395  7.229  253.60  252.26  252.66
  11   147.230 54764.25994193 15.73 129.877665  62.621607 13.855  253.60  252.26  252.66
  12   151.820 54774.17557624 13.53 129.805889  62.600170  6.034  254.17  252.11  251.10
  12   151.417 54774.17557683 17.48 129.810853  62.601463  7.949  254.17  252.11  251.10
  12   150.524 54774.17557742 13.02 129.815817  62.602757 13.991  254.17  252.11  251.10
  13   157.288 54784.09121629  0.75 129.804232  62.597472  3.217 -100.00 -100.00 -100.00
  13   156.468 54784.09121688  1.10 129.809195  62.598766  4.066  251.92  249.08  245.73
  17    83.647 54823.75377491 21.18 129.812673  62.603077  6.574  242.30  236.46  222.38
  17    83.046 54823.75377550 21.27 129.817637  62.604371  7.198  242.30  236.46  222.38
  17    81.014 54823.75377609 22.46 129.822601  62.605664  9.147  242.30  236.46  222.38
  18    84.178 54833.66941399 17.88 129.805417  62.600873  4.022  245.86  239.55  223.36
  18    83.856 54833.66941458 18.68 129.810380  62.602167  4.722  245.86  239.55  223.36
  18    83.085 54833.66941517 19.61 129.815344  62.603460  4.799  245.86  239.55  223.36
  18    82.533 54833.66941576 20.26 129.820308  62.604754  5.810  245.86  239.55  223.36
  19    83.651 54843.58506443 19.92 129.808899  62.602472  6.899 -100.00 -100.00 -100.00
  19    82.484 54843.58506502 20.06 129.813862  62.603765  7.744 -100.00 -100.00 -100.00
  19    82.176 54843.58506561 21.16 129.818827  62.605059  8.543 -100.00 -100.00 -100.00
  19    80.635 54843.58506620 21.19 129.823791  62.606352  7.977 -100.00 -100.00 -100.00
  19    80.440 54843.58507269 19.78 129.878430  62.620564  5.776 -100.00 -100.00 -100.00
  20    82.640 54853.50071377 19.45 129.810193  62.604746  7.049  242.24  234.25  215.40
  20    82.200 54853.50071436 20.37 129.815157  62.606039  8.417  242.24  234.25  215.40
  20    80.413 54853.50071495 21.23 129.820122  62.607332  8.948  242.24  234.25  215.40
  20    80.420 54853.50072145 19.03 129.874763  62.621545  5.763  242.24  234.25  215.40
  20    80.227 54853.50072204 19.42 129.879733  62.622836  6.340  242.24  234.25  215.40
  21    82.135 54863.41636293 19.91 129.811260  62.607435  7.567  239.95  231.85  211.41
  21    80.346 54863.41636352 20.15 129.816225  62.608728  8.089  239.95  231.85  211.41
  21    80.468 54863.41636411 21.30 129.821191  62.610021  9.794  239.95  231.85  211.41
  21    80.903 54863.41636471 20.04 129.826156  62.611314  7.246  239.95  231.85  211.41
  21    80.503 54863.41636589 20.63 129.836089  62.613899  8.876  239.95  231.85  211.41
  21    80.613 54863.41636648 20.09 129.841056  62.615192  6.864  239.95  231.85  211.41
  21    80.694 54863.41636707 19.31 129.846024  62.616484  5.470  239.95  231.85  211.41
  21    80.755 54863.41636766 19.41 129.850992  62.617776  5.670  239.95  231.85  211.41
  21    80.756 54863.41636943 19.35 129.865899  62.621651  6.786  239.95  231.85  211.41
  21    80.726 54863.41637002 19.56 129.870868  62.622942  5.363 -100.00 -100.00 -100.00
  21    80.646 54863.41637061 19.78 129.875839  62.624233  7.199 -100.00 -100.00 -100.00
  21    80.306 54863.41637120 19.82 129.880810  62.625524  7.536 -100.00 -100.00 -100.00
  22    82.271 54873.33201154 19.89 129.810036  62.608063  8.119  239.06  230.83  209.83
  22    80.425 54873.33201213 19.95 129.815001  62.609356  6.847  239.06  230.83  209.83
  22    80.676 54873.33201272 19.78 129.819966  62.610649  7.367  239.06  230.83  209.83
  22    80.509 54873.33201331 19.80 129.824932  62.611942  7.556  239.06  230.83  209.83
  22    80.713 54873.33201508 19.36 129.839833  62.615820  6.342  239.06  230.83  209.83
  22    80.834 54873.33201567 19.21 129.844801  62.617113  5.704  239.06  230.83  209.83
  22    80.697 54873.33201626 19.76 129.849769  62.618405  7.023  239.06  230.83  209.83
  22    81.262 54873.33201685 19.26 129.854738  62.619696  6.094  239.06  230.83  209.83
  22    80.874 54873.33201803 18.67 129.864677  62.622280  5.180  239.06  230.83  209.83
  22    80.682 54873.33201862 19.56 129.869647  62.623571  7.265  239.06  230.83  209.83
  22    80.560 54873.33201921 19.35 129.874617  62.624862  6.794  239.06  230.83  209.83
  22    80.207 54873.33201980 19.50 129.879588  62.626153  6.428 -100.00 -100.00 -100.00
  23    83.296 54883.24765732 17.68 129.806474  62.605693  5.960  238.64  229.48  207.97
  23    79.904 54883.24765791 18.93 129.811438  62.606986  7.572  238.64  229.48  207.97
  23    81.896 54883.24765850 18.84 129.816403  62.608280  6.836  238.64  229.48  207.97
  23    80.404 54883.24765909 18.92 129.821369  62.609573  7.179  238.64  229.48  207.97
  23    80.511 54883.24765968 20.03 129.826335  62.610866  9.311  238.64  229.48  207.97
  23    80.687 54883.24766086 18.73 129.836268  62.613451  7.349  238.64  229.48  207.97
  23    80.617 54883.24766145 18.65 129.841236  62.614744  6.551  238.64  229.48  207.97
  23    80.705 54883.24766204 17.99 129.846204  62.616036  5.149  238.64  229.48  207.97
  23    80.941 54883.24766440 17.90 129.866079  62.621203  6.053  238.64  229.48  207.97
  23    80.667 54883.24766500 18.15 129.871050  62.622494  6.503 -100.00 -100.00 -100.00
  23    80.353 54883.24766559 18.70 129.876020  62.623786  7.310 -100.00 -100.00 -100.00
  23    80.286 54883.24766618 18.83 129.880991  62.625077  7.531 -100.00 -100.00 -100.00
  24    83.672 54893.16329996 16.83 129.806514  62.602585  4.832  241.03  231.64  210.00
  24    82.620 54893.16330055 18.78 129.811478  62.603879  8.299  241.03  231.64  210.00
  24    82.363 54893.16330115 18.43 129.816443  62.605172  6.805  241.03  231.64  210.00
  24    80.845 54893.16330174 19.09 129.821408  62.606466  8.458  241.03  231.64  210.00
  24    80.705 54893.16330823 18.06 129.876054  62.620679  5.478 -100.00 -100.00 -100.00
  25    83.902 54903.07893985 17.14 129.805959  62.600054  5.707  242.15  232.43  210.22
  25    83.792 54903.07894044 18.03 129.810922  62.601347  6.643  242.15  232.43  210.22
  25    80.370 54903.07894103 19.72 129.815887  62.602641  8.490  242.15  232.43  210.22
  25    80.951 54903.07894162 18.53 129.820852  62.603934  6.943  242.15  232.43  210.22
  26    83.770 54912.99457883 16.62 129.807254  62.600391  6.067  243.67  233.39  210.72
  26    80.759 54912.99457942 18.91 129.812218  62.601685  9.637  243.67  233.39  210.72
  26    80.473 54912.99458001 18.42 129.817182  62.602978  8.501  243.67  233.39  210.72
  26    80.822 54912.99458060 18.51 129.822147  62.604271  8.887  243.67  233.39  210.72
  27    83.682 54922.91021698 15.26 129.807554  62.602072  4.718  247.56  237.93  216.15
  27    82.478 54922.91021757 16.25 129.812518  62.603366  6.092  247.56  237.93  216.15
  27    82.107 54922.91021816 16.39 129.817482  62.604659  5.813  247.56  237.93  216.15
  27    81.527 54922.91021875 16.69 129.822447  62.605952  5.692  247.56  237.93  216.15
  27    81.676 54922.91022524 15.41 129.877091  62.620164  4.304 -100.00 -100.00 -100.00
  28    83.896 54932.82585401 15.24 129.805748  62.602494  4.172  247.92  237.85  215.35
  28    83.796 54932.82585460 16.01 129.810711  62.603787  5.114  247.92  237.85  215.35
  28    82.978 54932.82585519 16.83 129.815675  62.605081  6.344  247.92  237.85  215.35
  28    81.832 54932.82585578 16.61 129.820640  62.606374  5.548  247.92  237.85  215.35
  28    83.149 54932.82586227 15.91 129.875280  62.620587  4.649  247.92  237.85  215.35
  28    81.313 54932.82586286 16.64 129.880250  62.621878  6.050  247.92  237.85  215.35
  29    83.720 54942.74148951 16.61 129.808535  62.601669  8.580 -100.00 -100.00 -100.00
  29    79.080 54942.74149010 23.47 129.813498  62.602962 22.658 -100.00 -100.00 -100.00
  29    78.926 54942.74149069 23.48 129.818462  62.604256 22.450 -100.00 -100.00 -100.00
  29    78.930 54942.74149128 24.83 129.823426  62.605549 27.192 -100.00 -100.00 -100.00
  30   156.242 54952.65712221  3.97 129.804939  62.597487  2.980  253.62  253.87  253.84
  30   142.857 54952.65712280  1.90 129.809901  62.598781  4.333  253.62  253.87  253.84
  30   142.982 54952.65712339  0.74 129.814864  62.600075  3.941  253.62  253.87  253.84
  30   158.465 54952.65712398  2.64 129.819826  62.601368  3.129  253.62  253.87  253.84
  31   154.989 54962.57276536  3.43 129.806527  62.596032  2.970 -100.00 -100.00 -100.00
  31   153.696 54962.57276595  2.35 129.811488  62.597326  3.419 -100.00 -100.00 -100.00
  31   151.689 54962.57276654 11.86 129.816451  62.598620 11.561 -100.00 -100.00 -100.00
  31   120.153 54962.57276713 12.96 129.821413  62.599913 10.291 -100.00 -100.00 -100.00
  32   149.742 54972.48841413 16.53 129.807139  62.597245 11.054 -100.00 -100.00 -100.00
  32   150.224 54972.48841472 18.58 129.812102  62.598539  9.833 -100.00 -100.00 -100.00
  32   152.912 54972.48841531 21.02 129.817064  62.599833  7.528 -100.00 -100.00 -100.00
  32   151.777 54972.48841590 26.64 129.822027  62.601126 17.736 -100.00 -100.00 -100.00
  33   151.709 54982.40406198  2.88 129.806406  62.599547  2.968 -100.00 -100.00 -100.00
  33   153.134 54982.40406257  0.85 129.811368  62.600840  2.754 -100.00 -100.00 -100.00
  33   155.130 54982.40406316  5.26 129.816331  62.602134  3.786 -100.00 -100.00 -100.00
  33   122.070 54982.40406375 11.46 129.821295  62.603427  8.219 -100.00 -100.00 -100.00
  34    86.114 54992.31970952 33.94 129.805617  62.601659 14.300  248.39  248.77  249.94
  34    85.815 54992.31971011 34.17 129.810580  62.602953 14.871  248.39  248.77  249.94
  34    85.580 54992.31971070 32.60 129.815543  62.604246  9.342  248.39  248.77  249.94
  34    85.330 54992.31971129 34.00 129.820507  62.605540 13.168  248.39  248.77  249.94
  35   146.378 55002.23535625  2.04 129.805396  62.602451  3.910 -100.00 -100.00 -100.00
  35   149.222 55002.23535684  3.44 129.810359  62.603745  3.971 -100.00 -100.00 -100.00
  35   152.448 55002.23535743  8.28 129.815323  62.605038  5.785 -100.00 -100.00 -100.00
  35   122.283 55002.23535802 10.55 129.820287  62.606332  5.944  257.83  258.74  257.91
  35   153.884 55002.23536452  6.35 129.874923  62.620546  4.256  257.83  258.74  257.91
  35   153.943 55002.23536511 16.43 129.879892  62.621837 17.136  257.83  258.74  257.91
  36   167.364 55012.15100113 15.29 129.806229  62.602608 11.894 -100.00 -100.00 -100.00
  36   143.738 55012.15100172 17.34 129.811193  62.603902 12.046 -100.00 -100.00 -100.00
  36   170.778 55012.15100231 20.48 129.816157  62.605195 15.004 -100.00 -100.00 -100.00
  36   149.200 55012.15100290 20.24 129.821121  62.606489 17.177 -100.00 -100.00 -100.00
  36   148.712 55012.15100940 29.34 129.875759  62.620702   -100  263.81  264.65  263.80
  38    83.104 55031.98228831 33.48 129.818203  62.606149 22.282  264.58  265.81  264.83
  38    82.929 55031.98228890 35.77 129.823167  62.607442 31.378  264.58  265.81  264.83
  38    83.009 55031.98229540 31.94 129.877809  62.621655 13.686  264.58  265.81  264.83
  39    85.439 55041.89792886 35.53 129.807940  62.604668   -100  263.04  266.91  263.59
  39    85.593 55041.89792945 26.51 129.812904  62.605961  6.954  263.04  266.91  263.59
  39    84.796 55041.89793004 28.65 129.817868  62.607255 13.206  263.04  266.91  263.59
  39    82.579 55041.89793063 33.45 129.822833  62.608548 26.943  263.04  266.91  263.59
  39    82.510 55041.89793240 36.68 129.837730  62.612426   -100  263.04  266.91  263.59
  39    82.266 55041.89793299 38.33 129.842696  62.613719   -100  263.04  266.91  263.59
  39    82.425 55041.89793713 34.87 129.877475  62.622761 27.996  263.04  266.91  263.59
  40    82.035 55051.81356879 47.67 129.806497  62.604282 32.032  260.44  262.13  260.28
  40    81.928 55051.81356938 48.29 129.811460  62.605576 27.624  260.44  262.13  260.28
  40    81.570 55051.81356997 46.99 129.816424  62.606870   -100  260.44  262.13  260.28
  40    81.497 55051.81357056 38.03 129.821388  62.608163 26.566  260.44  262.13  260.28
  40    81.645 55051.81357292 46.42 129.841250  62.613334 30.115  260.44  262.13  260.28
  40    81.235 55051.81357705 42.88 129.876025  62.622377   -100  260.44  262.13  260.28
  40    81.126 55051.81357764 43.62 129.880995  62.623668   -100  260.44  262.13  260.28
  41    83.186 55061.72920811 29.48 129.820064  62.605819 14.116  253.34  253.94  253.27
  41    82.087 55061.72921520 33.71 129.879662  62.621326 23.682  253.34  253.94  253.27
  43   148.817 55081.56049756 17.30 129.806227  62.598243 16.272  257.36  257.97  257.72
  43   151.528 55081.56049815 17.16 129.811189  62.599537 17.684  257.36  257.97  257.72
  43   150.996 55081.56049874 20.36 129.816152  62.600830 28.765  257.36  257.97  257.72
  43   151.041 55081.56049933 20.97 129.821115  62.602123 10.983  257.36  257.97  257.72
  44    84.109 55091.47614558 30.60 129.813507  62.600773 13.070  249.81  250.16  251.43
  44    83.624 55091.47614617 29.31 129.818470  62.602066  9.920  249.81  250.16  251.43
  44    83.164 55091.47614676 33.12 129.823434  62.603359 17.257  249.81  250.16  251.43
  45    82.389 55101.39179261 34.44 129.815336  62.603324 22.531  250.05  250.78  251.61
  45    82.512 55101.39179320 35.80 129.820300  62.604617 25.817  250.05  250.78  251.61
  47    81.467 55121.22308353 47.05 129.819048  62.605602   -100  249.05  246.92  247.23
  47    81.298 55121.22309061 48.04 129.878656  62.621107   -100  249.05  246.92  247.23
  48    80.119 55131.13872320 41.15 129.807191  62.600253   -100  252.65  250.12  248.72
  48    80.214 55131.13872379 43.07 129.812154  62.601546   -100  252.65  250.12  248.72
  48    80.051 55131.13872438 46.11 129.817118  62.602840   -100  252.65  250.12  248.72
  48    79.956 55131.13872497 41.65 129.822083  62.604133   -100  252.65  250.12  248.72
  49    79.771 55141.05436305 38.18 129.813668  62.599923   -100  250.69  247.78  243.46
  49    79.723 55141.05436364 38.67 129.818632  62.601216   -100  250.69  247.78  243.46
  49    79.643 55141.05436423 37.45 129.823596  62.602510   -100  250.69  247.78  243.46
  50    79.621 55150.97000087 35.93 129.808091  62.598647 26.358  248.44  244.88  237.90
  50    79.570 55150.97000146 36.69 129.813054  62.599940 30.453  248.44  244.88  237.90
  50    79.415 55150.97000205 37.68 129.818018  62.601234   -100  248.44  244.88  237.90
  50    79.492 55150.97000264 34.85 129.822982  62.602527 25.080  248.44  244.88  237.90
  51    79.515 55160.88563974 34.44 129.810132  62.600838 25.053  242.84  238.58  227.69
  51    79.521 55160.88564034 33.82 129.815095  62.602132 23.106  242.84  238.58  227.69
  51    79.550 55160.88564093 34.11 129.820059  62.603425 22.672  242.84  238.58  227.69
  52    79.702 55170.80127866 34.16 129.816244  62.603856 24.032  241.38  235.88  224.41
  52    79.724 55170.80127925 35.21 129.821208  62.605149 29.155  241.38  235.88  224.41
  53    80.315 55180.71691420 30.46 129.807269  62.601605 16.065  241.83  236.59  223.41
  53    80.384 55180.71691479 31.14 129.812232  62.602899 18.087  241.83  236.59  223.41
  53    80.102 55180.71691538 32.13 129.817196  62.604193 19.958  241.83  236.59  223.41
  53    80.339 55180.71691597 30.79 129.822160  62.605486 14.402  241.83  236.59  223.41
  54    80.455 55190.63256267 30.27 129.808629  62.602093 14.484  240.70  235.05  220.28
  54    80.329 55190.63256326 33.01 129.813593  62.603386 23.614  240.70  235.05  220.28
  54    80.333 55190.63256385 31.88 129.818556  62.604680 19.237  240.70  235.05  220.28
  54    80.309 55190.63256444 30.38 129.823520  62.605973 15.584  240.70  235.05  220.28
  55    80.283 55200.54821318 30.18 129.809611  62.603352 17.166  238.77  231.89  215.51
  55    80.124 55200.54821377 29.83 129.814575  62.604645 14.728  238.77  231.89  215.51
  55    80.081 55200.54821436 30.50 129.819539  62.605938 15.628  238.77  231.89  215.51
  55    79.762 55200.54822144 28.52 129.879144  62.621444 10.971 -100.00 -100.00 -100.00
  56    79.976 55210.46386273 28.19 129.807538  62.604130 11.930 -100.00 -100.00 -100.00
  56    79.925 55210.46386332 29.13 129.812502  62.605424 15.688 -100.00 -100.00 -100.00
  56    79.994 55210.46386392 29.18 129.817466  62.606717 15.376 -100.00 -100.00 -100.00
  56    79.883 55210.46386451 29.92 129.822431  62.608010 15.944 -100.00 -100.00 -100.00
  56    79.435 55210.46387100 28.17 129.877074  62.622222 11.018 -100.00 -100.00 -100.00
  57    79.602 55220.37951196 26.46 129.806577  62.604919 14.205  237.70  229.97  212.91
  57    79.750 55220.37951255 26.23 129.811541  62.606213 12.072  237.70  229.97  212.91
  57    79.781 55220.37951314 25.91 129.816506  62.607507 10.977  237.70  229.97  212.91
  57    79.668 55220.37951373 26.57 129.821471  62.608800 12.949  237.70  229.97  212.91
  57    79.278 55220.37951550 27.25 129.836369  62.612678 11.277  237.70  229.97  212.91
  57    79.373 55220.37951609 27.64 129.841336  62.613971 14.913  237.70  229.97  212.91
  57    79.307 55220.37951668 26.97 129.846303  62.615263 11.231  237.70  229.97  212.91
  57    79.254 55220.37951904 26.72 129.866177  62.620430 11.966  237.70  229.97  212.91
  57    79.052 55220.37952022 26.68 129.876117  62.623013 11.984 -100.00 -100.00 -100.00
  57    79.085 55220.37952081 26.06 129.881087  62.624303  8.800 -100.00 -100.00 -100.00
  58    79.481 55230.29516057 24.73 129.809948  62.605463 11.575  238.68  231.35  213.84
  58    79.512 55230.29516116 25.56 129.814913  62.606756 14.101  238.68  231.35  213.84
  58    79.583 55230.29516175 23.30 129.819878  62.608050  8.712  238.68  231.35  213.84
  58    79.519 55230.29516234 24.35 129.824843  62.609343  9.871  238.68  231.35  213.84
  58    79.123 55230.29516411 25.44 129.839743  62.613221 11.349  238.68  231.35  213.84
  58    79.098 55230.29516470 25.43 129.844710  62.614514 11.629  238.68  231.35  213.84
  58    78.922 55230.29516824 24.16 129.874523  62.622264  8.462 -100.00 -100.00 -100.00
  58    78.882 55230.29516883 24.02 129.879494  62.623555  7.689 -100.00 -100.00 -100.00
  59    79.335 55240.21080522 24.63 129.808207  62.603531 13.960 -100.00 -100.00 -100.00
  59    79.448 55240.21080581 22.75 129.813172  62.604825 10.185 -100.00 -100.00 -100.00
  59    79.326 55240.21080640 22.91 129.818136  62.606118  8.831 -100.00 -100.00 -100.00
  59    79.051 55240.21080699 24.16 129.823102  62.607412 12.442 -100.00 -100.00 -100.00
  59    78.723 55240.21081348 23.15 129.877748  62.621624  7.699 -100.00 -100.00 -100.00
  60    79.856 55250.12644619 20.80 129.806291  62.601145  8.403 -100.00 -100.00 -100.00
  60    79.291 55250.12644678 23.33 129.811255  62.602438 13.599 -100.00 -100.00 -100.00
  60    79.390 55250.12644737 22.43 129.816219  62.603732 11.038 -100.00 -100.00 -100.00
  60    79.468 55250.12644796 21.86 129.821184  62.605025  9.735 -100.00 -100.00 -100.00
  61    79.165 55260.04208538 22.30 129.808446  62.600686 12.515 -100.00 -100.00 -100.00
  61    79.371 55260.04208597 21.22 129.813410  62.601980  9.987 -100.00 -100.00 -100.00
  61    79.204 55260.04208656 22.38 129.818375  62.603273 12.148 -100.00 -100.00 -100.00
  61    79.499 55260.04208715 22.24 129.823340  62.604566 11.103 -100.00 -100.00 -100.00
  62    79.417 55269.95772366 20.82 129.809234  62.600958  8.544 -100.00 -100.00 -100.00
  62    79.386 55269.95772425 20.69 129.814198  62.602252  9.414 -100.00 -100.00 -100.00
  62    79.675 55269.95772484 21.10 129.819163  62.603545 10.273 -100.00 -100.00 -100.00
  63    79.896 55279.87336149 20.71 129.806915  62.600915 10.654 -100.00 -100.00 -100.00
  63    78.967 55279.87336208 22.02 129.811878  62.602208 12.615 -100.00 -100.00 -100.00
  63    79.412 55279.87336267 20.98 129.816842  62.603502  9.181 -100.00 -100.00 -100.00
  63    79.321 55279.87336326 21.08 129.821807  62.604795  9.743 -100.00 -100.00 -100.00
  64    78.961 55289.78899841 21.94 129.808313  62.601125 13.489 -100.00 -100.00 -100.00
  64    79.054 55289.78899900 20.26 129.813276  62.602419  9.357 -100.00 -100.00 -100.00
  64    79.526 55289.78899959 21.05 129.818240  62.603712  9.676 -100.00 -100.00 -100.00
  64    79.222 55289.78900018 20.04 129.823204  62.605005  8.203 -100.00 -100.00 -100.00
  65    79.273 55299.70463244 19.83 129.806321  62.599295  9.979 -100.00 -100.00 -100.00
  65    79.176 55299.70463303 19.07 129.811283  62.600588  7.893 -100.00 -100.00 -100.00
  65    79.512 55299.70463362 19.73 129.816246  62.601882  8.934 -100.00 -100.00 -100.00
  65    78.980 55299.70463421 21.81 129.821209  62.603176 13.073 -100.00 -100.00 -100.00
  67   157.253 55319.53592276  0.36 129.806309  62.597733  2.719  254.87  254.90  255.19
  67   155.669 55319.53592394  0.08 129.816234  62.600320  2.396  254.87  254.90  255.19
  67   156.756 55319.53592453  4.10 129.821197  62.601614  3.777  254.87  254.90  255.19
  68   151.712 55329.45156767  5.50 129.806417  62.598663  4.874 -100.00 -100.00 -100.00
  68   148.093 55329.45156826  4.25 129.811380  62.599956  6.306 -100.00 -100.00 -100.00
  68   148.469 55329.45156885 10.65 129.816342  62.601250  9.543 -100.00 -100.00 -100.00
  68   147.141 55329.45156944 14.16 129.821306  62.602543 11.194 -100.00 -100.00 -100.00
  69   166.338 55339.36721237 15.23 129.806101  62.600420  9.944 -100.00 -100.00 -100.00
  69   144.058 55339.36721296 20.50 129.811064  62.601713 17.604 -100.00 -100.00 -100.00
  69   147.048 55339.36721355 19.48 129.816027  62.603007 13.050 -100.00 -100.00 -100.00
  69   146.083 55339.36721414 21.63 129.820991  62.604300 16.092 -100.00 -100.00 -100.00
  70   137.031 55349.28285671 11.81 129.805840  62.601738 10.379 -100.00 -100.00 -100.00
  70   164.428 55349.28285730 13.09 129.810803  62.603032  8.800 -100.00 -100.00 -100.00
  70   140.803 55349.28285789 15.75 129.815767  62.604325 13.422 -100.00 -100.00 -100.00
  70   161.529 55349.28285848 15.23 129.820731  62.605618 14.388 -100.00 -100.00 -100.00
  70   150.867 55349.28286497 12.42 129.875365  62.619832 10.886 -100.00 -100.00 -100.00
  71   165.714 55359.19849910  9.31 129.806608  62.602446  5.918 -100.00 -100.00 -100.00
  71   141.765 55359.19849969 14.84 129.811572  62.603740 12.100 -100.00 -100.00 -100.00
  71   141.068 55359.19850028 13.68 129.816535  62.605034 11.315 -100.00 -100.00 -100.00
  71   147.890 55359.19850087 15.70 129.821500  62.606327 10.785 -100.00 -100.00 -100.00
  71   150.687 55359.19850736 13.23 129.876135  62.620541  9.481 -100.00 -100.00 -100.00
  73   118.042 55379.02977966  8.10 129.822860  62.606768 13.680  266.66  266.83  266.93
  73   149.811 55379.02978615  1.41 129.877498  62.620982  4.945  266.66  266.83  266.93
  74    84.448 55388.94541625 33.91 129.812743  62.604300 17.883  258.90  260.06  258.74
  74    84.678 55388.94541684 35.09 129.817707  62.605593 21.145  258.90  260.06  258.74
  74    84.623 55388.94541743 38.80 129.822671  62.606887   -100  258.90  260.06  258.74
  74    84.324 55388.94542393 42.48 129.877308  62.621101   -100  258.90  260.06  258.74
  77   149.678 55418.69234856 12.58 129.808736  62.600303 10.601  261.89  264.32  261.33
  77   148.929 55418.69234915 19.03 129.813698  62.601596 16.395  261.89  264.32  261.33
  77   148.475 55418.69234974 12.41 129.818661  62.602890 13.359  261.89  264.32  261.33
  78   143.143 55428.60799534 17.64 129.805472  62.598539 28.798  257.64  258.47  257.58
  78   146.493 55428.60799593  4.93 129.810434  62.599833 10.860  257.64  258.47  257.58
  78   151.767 55428.60799652  5.49 129.815396  62.601126  9.917  257.64  258.47  257.58
  78   151.512 55428.60799711  9.93 129.820359  62.602420  7.380  257.64  258.47  257.58
  79    83.188 55438.52364015 40.42 129.806080  62.599160 17.340  257.51  257.94  257.04
  79    83.368 55438.52364074 40.39 129.811043  62.600454 16.209  257.51  257.94  257.04
  79    82.812 55438.52364133 41.51 129.816006  62.601747 32.648  257.51  257.94  257.04
  79    83.045 55438.52364192 45.74 129.820969  62.603040   -100  257.51  257.94  257.04
  82    84.788 55468.27056919 25.35 129.805937  62.600649 15.891  251.69  251.15  253.45
  82    84.550 55468.27056978 27.30 129.810900  62.601943 21.007  251.69  251.15  253.45
  82    84.467 55468.27057037 25.10 129.815864  62.603236 13.714  251.69  251.15  253.45
  82    81.115 55468.27057096 29.05 129.820828  62.604529 22.269  251.69  251.15  253.45
  83    85.203 55478.18620814 25.60 129.805759  62.599075 12.159  256.64  255.11  255.50
  83    85.078 55478.18620873 22.87 129.810721  62.600369  7.693  256.64  255.11  255.50
  83    84.729 55478.18620932 25.36 129.815685  62.601662 15.084  256.64  255.11  255.50
  83    83.082 55478.18620991 24.23 129.820649  62.602956 11.497  256.64  255.11  255.50
  84    80.155 55488.10184399 45.69 129.805318  62.597555   -100  250.57  248.46  246.51
  84    80.165 55488.10184459 45.24 129.810281  62.598849   -100  250.57  248.46  246.51
  84    80.065 55488.10184518 48.38 129.815244  62.600143  2.289  250.57  248.46  246.51
  84    80.101 55488.10184577 47.28 129.820207  62.601436   -100  250.57  248.46  246.51
  85    79.702 55498.01747754 36.71 129.804201  62.596715 28.189  250.19  247.26  243.81
  85    79.756 55498.01747813 38.90 129.809163  62.598009 31.379  250.19  247.26  243.81
  85    79.391 55498.01747872 42.88 129.814126  62.599303  0.102  250.19  247.26  243.81
  85    79.276 55498.01747931 40.67 129.819090  62.600596   -100  250.19  247.26  243.81
  85    79.281 55498.01747990 42.98 129.824053  62.601890  0.265  250.19  247.26  243.81
  86    79.972 55507.93311598 31.39 129.806403  62.598473 20.916  250.42  247.25  241.67
  86    79.972 55507.93311657 34.18 129.811366  62.599767 31.287  250.42  247.25  241.67
  86    80.351 55507.93311716 35.65 129.816329  62.601061 22.586  250.42  247.25  241.67
  86    80.058 55507.93311775 36.59 129.821293  62.602355 29.851  250.42  247.25  241.67
  87    79.895 55517.84876670 29.92 129.808639  62.601048 21.955  253.57  250.40  243.17
  87    80.276 55517.84876729 29.96 129.813602  62.602342 18.832  253.57  250.40  243.17
  87    80.091 55517.84876788 34.16 129.818566  62.603635 31.555  253.57  250.40  243.17
  87    80.305 55517.84876847 31.57 129.823530  62.604929 23.899  253.57  250.40  243.17
  88    83.660 55527.76441632 23.54 129.810105  62.602686  7.557  243.65  238.40  227.96
  88    83.031 55527.76441691 24.37 129.815068  62.603980  9.001  243.65  238.40  227.96
  88    80.330 55527.76441750 30.13 129.820032  62.605273 21.390  243.65  238.40  227.96
  89    80.859 55537.68006422 22.99 129.814107  62.604230  9.760  242.88  237.52  225.59
  89    80.260 55537.68006481 22.95 129.819071  62.605523  9.370  242.88  237.52  225.59
  89    80.500 55537.68007190 23.25 129.878674  62.621030  7.313  242.88  237.52  225.59
  91    83.353 55557.51135237 19.13 129.809266  62.604432  6.386  245.41  239.57  224.53
  91    81.258 55557.51135296 20.16 129.814230  62.605725  7.054  245.41  239.57  224.53
  91    81.376 55557.51135355 20.00 129.819194  62.607019  6.486  245.41  239.57  224.53
  91    79.905 55557.51135414 20.80 129.824159  62.608312  7.464  245.41  239.57  224.53
  91    80.254 55557.51136063 21.54 129.878802  62.622524  7.174  245.41  239.57  224.53
  92    82.523 55567.42699514 19.80 129.809975  62.605532  7.131  240.83  233.44  215.92
  92    80.455 55567.42699573 21.03 129.814940  62.606826  7.844  240.83  233.44  215.92
  92    81.726 55567.42699632 20.58 129.819904  62.608119  7.179  240.83  233.44  215.92
  92    80.003 55567.42699691 22.19 129.824870  62.609412 10.048  240.83  233.44  215.92
  92    80.495 55567.42699868 20.42 129.839768  62.613291  6.079  240.83  233.44  215.92
  92    80.778 55567.42699927 20.00 129.844735  62.614583  5.696  240.83  233.44  215.92
  92    79.710 55567.42700282 21.76 129.874546  62.622333  6.468  240.83  233.44  215.92
  92    80.076 55567.42700341 22.16 129.879516  62.623624  7.984  240.83  233.44  215.92
  93    83.088 55577.34263671 18.59 129.807990  62.604377  5.505  239.52  231.72  213.52
  93    81.575 55577.34263730 19.77 129.812954  62.605670  7.004  239.52  231.72  213.52
  93    80.098 55577.34263789 21.21 129.817919  62.606964  8.820  239.52  231.72  213.52
  93    81.160 55577.34263848 19.59 129.822884  62.608257  6.225  239.52  231.72  213.52
  93    80.470 55577.34264085 19.39 129.842748  62.613428  5.332  239.52  231.72  213.52
  93    79.926 55577.34264498 21.09 129.877528  62.622470  7.016  239.52  231.72  213.52
  94    83.602 55587.25827621 17.49 129.807457  62.601851  5.141  238.51  229.71  210.32
  94    79.314 55587.25827680 21.91 129.812421  62.603145 11.656  238.51  229.71  210.32
  94    79.900 55587.25827740 21.33 129.817385  62.604439 10.273  238.51  229.71  210.32
  94    80.310 55587.25827799 20.66 129.822350  62.605732  8.803  238.51  229.71  210.32
  94    79.727 55587.25828448 20.97 129.876990  62.619947  6.902  238.51  229.71  210.32
  95    84.246 55597.17391219 16.60 129.804121  62.597912  4.240  237.47  227.83  207.82
  95    83.820 55597.17391278 16.71 129.809084  62.599206  4.055  237.47  227.83  207.82
  95    83.006 55597.17391337 18.03 129.814047  62.600500  5.577  237.47  227.83  207.82
  95    81.630 55597.17391396 18.19 129.819011  62.601794  5.383  237.47  227.83  207.82
  96    84.123 55607.08954596 16.35 129.805272  62.596601  4.502  235.58  225.56  203.96
  96    83.764 55607.08954655 16.69 129.810234  62.597895  4.797  235.58  225.56  203.96
  96    83.352 55607.08954714 18.16 129.815198  62.599189  6.018  235.58  225.56  203.96
  96    81.212 55607.08954773 19.03 129.820161  62.600483  7.599  235.58  225.56  203.96
  97    83.799 55617.00517779 16.30 129.806436  62.596970  5.134  237.24  226.93  205.05
  97    83.688 55617.00517838 16.83 129.811399  62.598264  5.179  237.24  226.93  205.05
  97    81.439 55617.00517897 19.00 129.816362  62.599558  8.949  237.24  226.93  205.05
  97    82.012 55617.00517957 17.38 129.821326  62.600852  5.940  237.24  226.93  205.05
  98    84.147 55626.92082204 15.32 129.807460  62.599204  4.073  239.23  229.29  206.46
  98    83.311 55626.92082263 16.46 129.812423  62.600498  5.636  239.23  229.29  206.46
  98    83.384 55626.92082322 15.49 129.817386  62.601792  4.187  239.23  229.29  206.46
  98    81.658 55626.92082381 17.29 129.822350  62.603085  6.713  239.23  229.29  206.46
  99    83.117 55636.83647378 15.69 129.808062  62.600452  4.096 -100.00 -100.00 -100.00
  99    83.326 55636.83647437 16.34 129.813025  62.601746  5.301 -100.00 -100.00 -100.00
  99    81.704 55636.83647496 17.62 129.817989  62.603040  6.809 -100.00 -100.00 -100.00
  99    82.297 55636.83647555 17.53 129.822953  62.604333  6.360 -100.00 -100.00 -100.00
 100    84.482 55646.75212292 15.33 129.805454  62.599262  4.364 -100.00 -100.00 -100.00
 100    83.807 55646.75212351 16.14 129.810417  62.600555  5.241 -100.00 -100.00 -100.00
 100    83.036 55646.75212410 16.35 129.815380  62.601849  5.908 -100.00 -100.00 -100.00
 100    81.755 55646.75212469 16.55 129.820343  62.603142  5.689 -100.00 -100.00 -100.00
 101    83.872 55656.66776976 13.68 129.807808  62.598504  3.941 -100.00 -100.00 -100.00
 101    83.475 55656.66777035 14.86 129.812771  62.599798  5.917 -100.00 -100.00 -100.00
 101    82.233 55656.66777094 15.20 129.817734  62.601091  5.875 -100.00 -100.00 -100.00
 101    82.068 55656.66777153 15.26 129.822697  62.602384  5.417 -100.00 -100.00 -100.00
 102    84.160 55666.58341185 13.21 129.805938  62.597497  3.873 -100.00 -100.00 -100.00
 102    84.091 55666.58341244 13.06 129.810900  62.598791  3.869 -100.00 -100.00 -100.00
 102    83.606 55666.58341303 13.62 129.815863  62.600084  4.499 -100.00 -100.00 -100.00
 102    82.054 55666.58341362 14.21 129.820826  62.601378  4.718 -100.00 -100.00 -100.00
 104   148.078 55686.41469076  6.02 129.816739  62.602924  7.863 -100.00 -100.00 -100.00
 104   150.720 55686.41469135  4.48 129.821703  62.604217  5.028 -100.00 -100.00 -100.00
 105   151.248 55696.33032661  4.38 129.809329  62.601930  5.269  246.79  245.23  248.40
 105   155.892 55696.33032720  7.77 129.814292  62.603224  3.963  246.79  245.23  248.40
 105   156.716 55696.33032779 16.49 129.819256  62.604518  8.731  246.79  245.23  248.40
 106   160.512 55706.24596176 16.89 129.807921  62.600979 11.947  256.52  256.32  258.25
 106   165.058 55706.24596236 19.08 129.812884  62.602273 13.715  256.52  256.32  258.25
 106   163.706 55706.24596295 22.61 129.817847  62.603566 20.251  256.52  256.32  258.25
 106   156.953 55706.24596354 25.38 129.822811  62.604860 25.522  256.52  256.32  258.25
 107    85.870 55716.16161135 30.10 129.807794  62.600835 20.812  254.98  255.14  256.61
 107    85.786 55716.16161194 28.12 129.812757  62.602129 16.000  254.98  255.14  256.61
 107    85.329 55716.16161253 29.23 129.817721  62.603423 18.385  254.98  255.14  256.61
 107    84.715 55716.16161312 30.07 129.822685  62.604716 19.439  254.98  255.14  256.61
 108   149.352 55726.07726037  0.18 129.809264  62.601918  3.223 -100.00 -100.00 -100.00
 108   151.598 55726.07726096  4.57 129.814227  62.603212  5.537 -100.00 -100.00 -100.00
 108   147.452 55726.07726155  6.45 129.819191  62.604505  5.218 -100.00 -100.00 -100.00
 109    85.929 55735.99290731 28.41 129.808204  62.603162 16.033  264.49  265.51  264.54
 109    85.744 55735.99290790 26.38 129.813168  62.604456 11.640  264.49  265.51  264.54
 109    85.122 55735.99290849 27.13 129.818132  62.605750 12.648  264.49  265.51  264.54
 109    84.073 55735.99290908 28.27 129.823096  62.607043 14.777  264.49  265.51  264.54
 109    82.952 55735.99291558 33.77 129.877736  62.621257   -100  264.49  265.51  264.54
 110    85.582 55745.90855332 28.22 129.810286  62.605084 12.742  259.90  262.25  261.03
 110    85.037 55745.90855391 30.06 129.815250  62.606378 22.240  259.90  262.25  261.03
 110    81.663 55745.90855450 33.32 129.820214  62.607671 31.151  259.90  262.25  261.03
 110    82.455 55745.90856099 34.82 129.874853  62.621885   -100  259.90  262.25  261.03
 110    82.470 55745.90856159 32.87 129.879823  62.623176 25.678  259.90  262.25  261.03
 111    81.483 55755.82419649 45.64 129.805748  62.603564 29.369  266.11  267.60  264.98
 111    81.446 55755.82419708 46.43 129.810712  62.604857 29.234  266.11  267.60  264.98
 111    80.824 55755.82419767 52.69 129.815675  62.606151 13.282  266.11  267.60  264.98
 111    80.797 55755.82419826 55.85 129.820640  62.607444   -100  266.11  267.60  264.98
 111    80.620 55755.82420475 49.95 129.875276  62.621658 31.141  266.11  267.60  264.98
 111    80.596 55755.82420534 48.83 129.880246  62.622949 24.554  266.11  267.60  264.98
 112    80.057 55765.73983745 45.89 129.805220  62.600832  7.191 -100.00 -100.00 -100.00
 112    80.204 55765.73983804 37.54 129.810183  62.602126 27.402 -100.00 -100.00 -100.00
 112    80.274 55765.73983863 35.14 129.815146  62.603419 20.753 -100.00 -100.00 -100.00
 112    79.978 55765.73983922 40.01 129.820110  62.604713   -100 -100.00 -100.00 -100.00
 113    84.678 55775.65547591 25.65 129.808271  62.598450  9.294  269.31  272.23  268.33
 113    83.716 55775.65547650 28.05 129.813233  62.599744 15.751  269.31  272.23  268.33
 113    82.458 55775.65547709 29.98 129.818195  62.601037 20.067  269.31  272.23  268.33
 113    83.250 55775.65547768 27.65 129.823158  62.602331 11.689  269.31  272.23  268.33
 114    84.541 55785.57111101 39.94 129.806263  62.596306 25.616  257.22  257.30  255.78
 114    84.417 55785.57111160 44.25 129.811225  62.597600   -100  257.22  257.30  255.78
 114    84.751 55785.57111219 44.12 129.816187  62.598893 30.155  257.22  257.30  255.78
 114    84.412 55785.57111278 46.66 129.821149  62.600187   -100  257.22  257.30  255.78
 115    82.478 55795.48674469 30.56 129.806412  62.597289  9.899  264.67  266.76  263.97
 115    82.690 55795.48674528 30.29 129.811374  62.598583  8.687  264.67  266.76  263.97
 115    82.602 55795.48674587 31.70 129.816336  62.599877 11.033  264.67  266.76  263.97
 115    83.278 55795.48674646 31.57 129.821300  62.601170 11.656  264.67  266.76  263.97
 116    84.587 55805.40238463 26.64 129.808792  62.599863 16.593 -100.00 -100.00 -100.00
 116    84.137 55805.40238522 24.92 129.813754  62.601156 11.200 -100.00 -100.00 -100.00
 116    83.106 55805.40238581 30.60 129.818717  62.602450 21.105 -100.00 -100.00 -100.00
 116    83.240 55805.40238640 33.01 129.823680  62.603743 27.316 -100.00 -100.00 -100.00
 117    84.392 55815.31803374 31.87 129.805460  62.600196   -100  255.96  255.34  256.80
 117    84.522 55815.31803433 23.89 129.810423  62.601490 12.478  255.96  255.34  256.80
 117    83.432 55815.31803492 25.06 129.815386  62.602784 13.231  255.96  255.34  256.80
 117    83.081 55815.31803551 30.23 129.820349  62.604077 27.506  255.96  255.34  256.80
 119    82.441 55835.14932273 33.42 129.808107  62.597478  8.176  254.79  253.94  256.07
 119    82.227 55835.14932332 33.81 129.813069  62.598771  8.609  254.79  253.94  256.07
 119    82.581 55835.14932391 37.22 129.818032  62.600065 13.935  254.79  253.94  256.07
 119    81.926 55835.14932450 38.85 129.822996  62.601359 16.996  254.79  253.94  256.07
 121    81.151 55854.98059700 35.79 129.807480  62.597575 29.459  250.14  247.91  246.52
 121    80.952 55854.98059759 31.50 129.812442  62.598869 19.296  250.14  247.91  246.52
 121    80.386 55854.98059818 40.09 129.817406  62.600162   -100  250.14  247.91  246.52
 121    81.462 55854.98059877 39.53 129.822369  62.601456 18.962  250.14  247.91  246.52
 122    80.534 55864.89623693 39.79 129.806786  62.599835 29.685 -100.00 -100.00 -100.00
 122    80.515 55864.89623752 41.68 129.811749  62.601130   -100 -100.00 -100.00 -100.00
 122    80.182 55864.89623811 42.33 129.816712  62.602423   -100 -100.00 -100.00 -100.00
 122    80.370 55864.89623870 43.07 129.821676  62.603717   -100 -100.00 -100.00 -100.00
 123    80.650 55874.81189064 27.65 129.809786  62.603144 18.521 -100.00 -100.00 -100.00
 123    80.748 55874.81189123 29.75 129.814750  62.604438 24.333 -100.00 -100.00 -100.00
 123    80.947 55874.81189182 31.77 129.819714  62.605731 24.268 -100.00 -100.00 -100.00
 123    80.594 55874.81189891 27.36 129.879318  62.621239 12.314 -100.00 -100.00 -100.00
 133    84.123 55973.96832431 15.34 129.804351  62.597822  4.848 -100.00 -100.00 -100.00
 133    82.579 55973.96832490 18.73 129.809314  62.599116  9.176 -100.00 -100.00 -100.00
 133    81.430 55973.96832549 18.45 129.814277  62.600409  8.784 -100.00 -100.00 -100.00
 133    80.135 55973.96832608 20.18 129.819241  62.601703 10.787 -100.00 -100.00 -100.00
 134    84.812 55983.88396068 15.14 129.805097  62.599948  4.193 -100.00 -100.00 -100.00
 134    82.266 55983.88396127 17.38 129.810060  62.601242  6.662 -100.00 -100.00 -100.00
 134    81.246 55983.88396186 19.46 129.815023  62.602536  8.454 -100.00 -100.00 -100.00
 134    80.251 55983.88396245 20.20 129.819987  62.603830 10.485 -100.00 -100.00 -100.00
 135    82.710 55993.79959475 16.20 129.806888  62.600371  7.127 -100.00 -100.00 -100.00
 135    81.026 55993.79959534 18.56 129.811850  62.601665  9.405 -100.00 -100.00 -100.00
 135    84.419 55993.79959593 15.73 129.816814  62.602959  5.160 -100.00 -100.00 -100.00
 135    79.898 55993.79959653 19.71 129.821777  62.604252 10.659 -100.00 -100.00 -100.00
 136    84.788 56003.71524462 12.66 129.804160  62.598706  2.683 -100.00 -100.00 -100.00
 136    84.530 56003.71524521 13.25 129.809122  62.600000  3.019 -100.00 -100.00 -100.00
 136    83.598 56003.71524580 13.51 129.814085  62.601294  3.086 -100.00 -100.00 -100.00
 136    84.097 56003.71524639 13.99 129.819048  62.602588  3.809 -100.00 -100.00 -100.00
 137    84.830 56013.63089327 12.84 129.804030  62.596867  3.888 -100.00 -100.00 -100.00
 137    84.869 56013.63089386 12.90 129.808992  62.598161  3.618 -100.00 -100.00 -100.00
 137    83.654 56013.63089445 13.63 129.813955  62.599455  4.712 -100.00 -100.00 -100.00
 137    84.419 56013.63089504 13.36 129.818918  62.600748  4.012 -100.00 -100.00 -100.00
 137    82.808 56013.63089563 14.17 129.823881  62.602041  4.964 -100.00 -100.00 -100.00
 139    84.885 56033.46218279 12.46 129.807193  62.599669  3.007 -100.00 -100.00 -100.00
 139    84.928 56033.46218338 12.63 129.812156  62.600963  3.201 -100.00 -100.00 -100.00
 139    84.679 56033.46218397 13.07 129.817119  62.602256  3.570 -100.00 -100.00 -100.00
 139    82.760 56033.46218456 14.59 129.822083  62.603549  5.712 -100.00 -100.00 -100.00
 141   152.357 56053.29346320  7.15 129.808395  62.603956  5.422 -100.00 -100.00 -100.00
 141   151.069 56053.29346379  5.91 129.813359  62.605250  4.467 -100.00 -100.00 -100.00
 141   148.564 56053.29346438  7.51 129.818322  62.606543  6.375 -100.00 -100.00 -100.00
 141   137.534 56053.29346497 14.45 129.823287  62.607837 18.178  251.74  253.63  255.02
 141   119.690 56053.29347146 10.32 129.877926  62.622051  8.111  251.74  253.63  255.02
 142   147.355 56063.20909850  8.45 129.808937  62.603073  6.899 -100.00 -100.00 -100.00
 142   148.800 56063.20909909 12.89 129.813900  62.604367 10.318 -100.00 -100.00 -100.00
 142   150.410 56063.20909968 16.28 129.818864  62.605661  8.295 -100.00 -100.00 -100.00
 142   153.478 56063.20910027 18.38 129.823828  62.606954  7.225 -100.00 -100.00 -100.00
 142   148.906 56063.20910676 23.71 129.878465  62.621170 15.725 -100.00 -100.00 -100.00
 143   152.237 56073.12473953 17.19 129.805147  62.600496  8.936 -100.00 -100.00 -100.00
 143   154.687 56073.12474012 21.65 129.810110  62.601790  8.222 -100.00 -100.00 -100.00
 143   154.201 56073.12474071 22.74 129.815073  62.603084  8.058  242.09  242.65  245.21
 143   156.591 56073.12474130 27.64 129.820037  62.604378 16.863  242.09  242.65  245.21
 144   146.280 56083.04038974  5.08 129.806172  62.600983  3.888 -100.00 -100.00 -100.00
 144   156.847 56083.04039033  4.52 129.811135  62.602277  2.923 -100.00 -100.00 -100.00
 144   148.815 56083.04039092 10.66 129.816099  62.603570  6.185 -100.00 -100.00 -100.00
 144   121.212 56083.04039151 13.70 129.821063  62.604864  7.040 -100.00 -100.00 -100.00
 145   168.229 56092.95603741 14.13 129.806113  62.601989  5.807 -100.00 -100.00 -100.00
 145   148.331 56092.95603800 19.45 129.811076  62.603282 13.886 -100.00 -100.00 -100.00
 145   148.593 56092.95603859 19.41 129.816040  62.604576 11.931 -100.00 -100.00 -100.00
 145   151.515 56092.95603918 20.10 129.821004  62.605869 11.303 -100.00 -100.00 -100.00
 145   150.675 56092.95604567 30.71 129.875640  62.620084   -100 -100.00 -100.00 -100.00
 146    84.444 56102.87168414 38.22 129.817120  62.605943 16.505  251.51  250.98  252.17
 146    84.400 56102.87168473 39.49 129.822085  62.607237 19.887  251.51  250.98  252.17
 146    84.314 56102.87169122 43.79 129.876722  62.621450 29.519  251.51  250.98  252.17
 147    85.296 56112.78731367 32.67 129.806383  62.602631 14.637  254.77  256.48  255.01
 147    85.265 56112.78731426 32.75 129.811346  62.603925 14.410  254.77  256.48  255.01
 147    84.406 56112.78731485 36.03 129.816310  62.605218 21.573  254.77  256.48  255.01
 147    84.630 56112.78731544 37.63 129.821274  62.606512 25.837  254.77  256.48  255.01
 147    84.781 56112.78732193 42.31 129.875907  62.620725 31.274  254.77  256.48  255.01
 148    84.951 56122.70295203 32.64 129.804868  62.600080 28.160  260.81  264.43  260.91
 148    85.340 56122.70295262 27.22 129.809830  62.601373 11.743  260.81  264.43  260.91
 148    84.720 56122.70295321 27.76 129.814793  62.602667 13.498  260.81  264.43  260.91
 148    83.864 56122.70295380 33.58 129.819756  62.603960 24.500  260.81  264.43  260.91
 149    85.226 56132.61858705 46.73 129.808493  62.597941   -100 -100.00 -100.00 -100.00
 149    84.839 56132.61858764 50.06 129.813455  62.599235   -100 -100.00 -100.00 -100.00
 149    84.713 56132.61858823 53.76 129.818417  62.600528 11.721 -100.00 -100.00 -100.00
 149    84.607 56132.61858882 56.00 129.823380  62.601821   -100 -100.00 -100.00 -100.00
 150    85.792 56142.53422408 34.44 129.808458  62.596611 11.529 -100.00 -100.00 -100.00
 150    85.591 56142.53422467 35.69 129.813420  62.597904 12.974 -100.00 -100.00 -100.00
 150    85.753 56142.53422526 36.78 129.818382  62.599198 13.521 -100.00 -100.00 -100.00
 150    85.777 56142.53422585 40.96 129.823345  62.600491 25.375 -100.00 -100.00 -100.00
 151    82.669 56152.44987504 46.75 129.807928  62.598381   -100 -100.00 -100.00 -100.00
 151    82.793 56152.44987563 49.02 129.812890  62.599674   -100 -100.00 -100.00 -100.00
 151    82.520 56152.44987622 52.05 129.817853  62.600968 15.724 -100.00 -100.00 -100.00
 151    82.753 56152.44987681 51.21 129.822816  62.602261   -100 -100.00 -100.00 -100.00
 152    85.552 56162.36552449 27.94 129.807169  62.600721 13.767 -100.00 -100.00 -100.00
 152    85.447 56162.36552508 26.54 129.812132  62.602014  8.882 -100.00 -100.00 -100.00
 152    82.141 56162.36552567 34.72 129.817095  62.603308 32.228 -100.00 -100.00 -100.00
 152    83.473 56162.36552626 34.40 129.822059  62.604601 27.479 -100.00 -100.00 -100.00
 153    85.488 56172.28117200 26.85 129.807598  62.601988 13.227 -100.00 -100.00 -100.00
 153    85.339 56172.28117259 28.35 129.812562  62.603282 17.576 -100.00 -100.00 -100.00
 153    85.088 56172.28117318 28.24 129.817525  62.604575 15.825 -100.00 -100.00 -100.00
 153    81.854 56172.28117377 34.84 129.822489  62.605869   -100 -100.00 -100.00 -100.00
 153    81.615 56172.28118027 37.07 129.877124  62.620083   -100 -100.00 -100.00 -100.00
 154    85.520 56182.19681423 27.30 129.805526  62.600329 11.743 -100.00 -100.00 -100.00
 154    85.517 56182.19681482 25.77 129.810489  62.601622  9.275 -100.00 -100.00 -100.00
 154    84.869 56182.19681541 27.73 129.815453  62.602916 14.843 -100.00 -100.00 -100.00
 154    83.371 56182.19681600 29.35 129.820417  62.604210 13.941 -100.00 -100.00 -100.00
 155    84.476 56192.11245295 32.34 129.806611  62.598645 11.609  256.54  255.57  257.38
 155    81.123 56192.11245354 32.02 129.811574  62.599939 11.629  256.54  255.57  257.38
 155    81.191 56192.11245413 33.27 129.816537  62.601232 13.775  256.54  255.57  257.38
 155    81.423 56192.11245472 33.37 129.821501  62.602526 13.700  256.54  255.57  257.38
 156    85.133 56202.02808882 27.93 129.806029  62.597510 17.699  250.14  249.14  251.01
 156    85.239 56202.02808941 24.59 129.810992  62.598804  9.713  250.14  249.14  251.01
 156    84.961 56202.02809000 26.92 129.815955  62.600098 16.347  250.14  249.14  251.01
 156    82.652 56202.02809059 28.26 129.820919  62.601392 16.505  250.14  249.14  251.01
 157    81.567 56211.94372309 36.11 129.807199  62.598701 22.815  252.30  250.46  251.40
 157    84.159 56211.94372368 31.84 129.812162  62.599995 11.610  252.30  250.46  251.40
 157    82.422 56211.94372427 31.26 129.817125  62.601289 11.414  252.30  250.46  251.40
 157    82.598 56211.94372486 30.89 129.822089  62.602582 10.836  252.30  250.46  251.40
 158    81.202 56221.85935530 40.62 129.807028  62.600221 18.993  251.78  250.21  250.06
 158    80.311 56221.85935589 47.10 129.811991  62.601515   -100  251.78  250.21  250.06
 158    80.300 56221.85935648 50.35 129.816954  62.602809   -100  251.78  250.21  250.06
 158    79.982 56221.85935707 45.12 129.821918  62.604102 12.513  251.78  250.21  250.06
 159    80.697 56231.77500940 28.66 129.806272  62.602515 22.615 -100.00 -100.00 -100.00
 159    80.551 56231.77500999 30.46 129.811235  62.603809 27.441 -100.00 -100.00 -100.00
 159    80.561 56231.77501058 29.33 129.816198  62.605103 23.808 -100.00 -100.00 -100.00
 159    80.571 56231.77501117 34.06 129.821162  62.606397   -100 -100.00 -100.00 -100.00
 159    80.442 56231.77501767 37.46 129.875795  62.620614   -100 -100.00 -100.00 -100.00
 160    84.035 56241.69066198 22.44 129.806187  62.603046  7.890  250.49  246.61  241.51
 160    83.744 56241.69066257 23.40 129.811150  62.604340  8.374  250.49  246.61  241.51
 160    83.271 56241.69066316 25.75 129.816114  62.605634 13.133  250.49  246.61  241.51
 160    82.425 56241.69066375 30.60 129.821078  62.606927 26.547  250.49  246.61  241.51
 160    79.960 56241.69067025 25.97 129.875712  62.621143 11.674 -100.00 -100.00 -100.00
 160    79.993 56241.69067084 28.76 129.880681  62.622434 17.459 -100.00 -100.00 -100.00
 161    84.117 56251.60631032 22.20 129.806598  62.602630  8.313  246.89  242.55  234.03
 161    84.080 56251.60631091 22.92 129.811561  62.603924  9.079  246.89  242.55  234.03
 161    81.949 56251.60631150 21.21 129.816525  62.605217  7.213  246.89  242.55  234.03
 161    80.513 56251.60631209 28.60 129.821489  62.606511 22.313  246.89  242.55  234.03
 161    80.125 56251.60631859 24.52 129.876123  62.620725  9.798  246.89  242.55  234.03
 162    84.644 56261.52195394 20.94 129.806482  62.601845  8.337 -100.00 -100.00 -100.00
 162    83.713 56261.52195453 21.13 129.811445  62.603139  7.549 -100.00 -100.00 -100.00
 162    83.536 56261.52195512 20.38 129.816409  62.604432  6.593 -100.00 -100.00 -100.00
 162    80.709 56261.52195571 25.29 129.821373  62.605725 15.759 -100.00 -100.00 -100.00
 162    79.914 56261.52196220 24.63 129.876007  62.619939 11.964 -100.00 -100.00 -100.00
 163    84.921 56271.43759571 19.72 129.808082  62.602256  7.501 -100.00 -100.00 -100.00
 163    83.448 56271.43759630 21.89 129.813046  62.603549 10.678 -100.00 -100.00 -100.00
 163    83.261 56271.43759689 19.39 129.818009  62.604843  6.974 -100.00 -100.00 -100.00
 163    82.827 56271.43759748 22.00 129.822974  62.606136  9.979 -100.00 -100.00 -100.00
 163    80.066 56271.43760398 22.74 129.877610  62.620350  9.312 -100.00 -100.00 -100.00
 164    84.378 56281.35323627 19.21 129.805253  62.601626  6.905 -100.00 -100.00 -100.00
 164    83.416 56281.35323686 24.27 129.810217  62.602920 15.916 -100.00 -100.00 -100.00
 164    83.392 56281.35323745 23.77 129.815180  62.604214 12.152 -100.00 -100.00 -100.00
 164    82.648 56281.35323804 23.43 129.820145  62.605508 12.695 -100.00 -100.00 -100.00
 165    83.556 56291.26888878 27.78 129.806300  62.602305 26.593 -100.00 -100.00 -100.00
 165    83.459 56291.26888937 20.04 129.811264  62.603598  9.167 -100.00 -100.00 -100.00
 165    82.790 56291.26888996 22.04 129.816228  62.604892 12.360 -100.00 -100.00 -100.00
 165    80.549 56291.26889055 22.29 129.821193  62.606185 12.552 -100.00 -100.00 -100.00
 165    80.384 56291.26889705 21.54 129.875832  62.620401  8.621 -100.00 -100.00 -100.00
 166    83.524 56301.18453672 19.56 129.807956  62.601631  8.482 -100.00 -100.00 -100.00
 166    83.320 56301.18453731 18.53 129.812920  62.602925  7.606 -100.00 -100.00 -100.00
 166    82.947 56301.18453790 19.17 129.817884  62.604218  8.204 -100.00 -100.00 -100.00
 166    80.997 56301.18453849 20.91 129.822849  62.605512 11.179 -100.00 -100.00 -100.00
 167    83.084 56311.10018029 21.14 129.808714  62.600166 11.921  237.24  228.62  208.30
 167    83.401 56311.10018088 18.10 129.813678  62.601459  6.051  237.24  228.62  208.30
 167    82.123 56311.10018147 18.88 129.818642  62.602753  7.169  237.24  228.62  208.30
 167    82.262 56311.10018206 19.48 129.823607  62.604046  8.189  237.24  228.62  208.30
 168    84.061 56321.01582128 16.75 129.806255  62.598816  5.122 -100.00 -100.00 -100.00
 168    82.628 56321.01582187 18.66 129.811219  62.600110  7.946 -100.00 -100.00 -100.00
 168    82.987 56321.01582246 17.80 129.816182  62.601404  6.060 -100.00 -100.00 -100.00
 168    82.231 56321.01582305 17.93 129.821147  62.602697  6.194 -100.00 -100.00 -100.00
 169    84.133 56330.93146204 17.09 129.806429  62.599739  6.334 -100.00 -100.00 -100.00
 169    82.794 56330.93146263 16.91 129.811392  62.601032  6.001 -100.00 -100.00 -100.00
 169    82.672 56330.93146322 17.06 129.816356  62.602326  5.322 -100.00 -100.00 -100.00
 169    81.721 56330.93146381 17.92 129.821321  62.603619  6.046 -100.00 -100.00 -100.00
 170    82.785 56340.84710252 18.71 129.808990  62.601465  9.050 -100.00 -100.00 -100.00
 170    82.751 56340.84710311 17.98 129.813954  62.602759  7.110 -100.00 -100.00 -100.00
 170    82.941 56340.84710370 17.52 129.818918  62.604052  6.191  238.03  228.18  205.45
 171    83.713 56350.76273995 16.57 129.805937  62.600570  6.804  239.80  229.76  206.65
 171    83.643 56350.76274054 15.89 129.810899  62.601864  4.891  239.80  229.76  206.65
 171    83.358 56350.76274114 17.35 129.815863  62.603157  6.342  239.80  229.76  206.65
 171    82.977 56350.76274173 17.06 129.820827  62.604451  6.053  239.80  229.76  206.65
 172    82.829 56360.67837828 18.22 129.808353  62.599784  9.152 -100.00 -100.00 -100.00
 172    83.510 56360.67837887 16.70 129.813316  62.601078  6.793 -100.00 -100.00 -100.00
 172    84.713 56360.67837946 15.74 129.818279  62.602371  4.911 -100.00 -100.00 -100.00
 172    81.903 56360.67838005 16.29 129.823243  62.603665  5.483 -100.00 -100.00 -100.00
 173    83.985 56370.59402768 16.58 129.806206  62.598899  7.080 -100.00 -100.00 -100.00
 173    82.404 56370.59402827 19.87 129.811168  62.600193 10.807 -100.00 -100.00 -100.00
 173    82.522 56370.59402886 16.95 129.816131  62.601486  7.144 -100.00 -100.00 -100.00
 173    81.151 56370.59402945 18.84 129.821095  62.602780  8.347 -100.00 -100.00 -100.00
 175    82.709 56390.42531997 19.44 129.805752  62.601720 12.690 -100.00 -100.00 -100.00
 175    82.631 56390.42532056 19.30 129.810716  62.603013 11.843 -100.00 -100.00 -100.00
 175    82.439 56390.42532115 18.68 129.815679  62.604307 10.319 -100.00 -100.00 -100.00
 175    82.043 56390.42532174 16.54 129.820643  62.605600  6.721 -100.00 -100.00 -100.00
 175    83.211 56390.42532823 15.92 129.875279  62.619812  5.075  249.99  240.40  219.17
 176    78.719 56400.34096362 29.93 129.807536  62.603780   -100 -100.00 -100.00 -100.00
 176    78.742 56400.34096421 30.07 129.812500  62.605074   -100 -100.00 -100.00 -100.00
 176    84.556 56400.34096480 22.04 129.817464  62.606367 18.883 -100.00 -100.00 -100.00
 176    84.649 56400.34096539 18.90 129.822429  62.607661 13.534 -100.00 -100.00 -100.00
 176    85.028 56400.34097189 16.07 129.877069  62.621873  7.996 -100.00 -100.00 -100.00
 177    78.593 56410.25660578 43.53 129.820049  62.607436   -100  257.18  256.71  259.61
 177    80.899 56410.25661227 35.33 129.874687  62.621652 18.060  257.18  256.71  259.61
 177    82.529 56410.25661286 35.49 129.879657  62.622943 19.022  257.18  256.71  259.61
 178    85.246 56420.17223992 33.48 129.806877  62.602891 17.955  268.09  268.04  269.98
 178    84.630 56420.17224051 33.01 129.811841  62.604185 15.645  268.09  268.04  269.98
 178    80.432 56420.17224110 40.07 129.816805  62.605479   -100  268.09  268.04  269.98
 178    80.584 56420.17224169 33.41 129.821769  62.606772 17.650  268.09  268.04  269.98
 178    80.469 56420.17224819 32.61 129.876407  62.620989 18.924  268.09  268.04  269.98
 179    86.369 56430.08787651 49.97 129.808585  62.602089   -100  247.61  245.28  249.18
 179    86.291 56430.08787710 53.13 129.813548  62.603383  9.021  247.61  245.28  249.18
 179    86.684 56430.08787769 53.20 129.818512  62.604677   -100  247.61  245.28  249.18
 179    86.558 56430.08787829 55.12 129.823476  62.605970   -100  247.61  245.28  249.18
 180   145.626 56440.00352962 18.67 129.807106  62.602589 15.804 -100.00 -100.00 -100.00
 180   145.572 56440.00353021 18.96 129.812070  62.603883 14.857 -100.00 -100.00 -100.00
 180   151.294 56440.00353080 22.98 129.817034  62.605176 17.101 -100.00 -100.00 -100.00
 180   154.637 56440.00353139 24.84 129.821998  62.606470  8.227 -100.00 -100.00 -100.00
 180   136.855 56440.00353789 25.96 129.876637  62.620684 10.086 -100.00 -100.00 -100.00
 181   163.922 56449.91918019 16.07 129.805577  62.602865 12.220  252.43  252.31  253.84
 181   162.622 56449.91918078 16.69 129.810540  62.604158 12.351  252.43  252.31  253.84
 181   167.359 56449.91918137 19.75 129.815504  62.605452 18.953  252.43  252.31  253.84
 181   166.411 56449.91918196 21.03 129.820469  62.606745 15.207  252.43  252.31  253.84
 181   149.916 56449.91918846 28.31 129.875107  62.620959   -100  252.43  252.31  253.84
 181   149.399 56449.91918905 30.85 129.880077  62.622250   -100 -100.00 -100.00 -100.00
 182    83.881 56459.83483025 55.09 129.819350  62.606320 12.096  256.42  257.86  257.58
 182    83.679 56459.83483733 57.68 129.878956  62.621824   -100  256.42  257.86  257.58
 183    85.683 56469.75047398 27.87 129.808848  62.602422  9.143  251.05  250.70  251.74
 183    85.378 56469.75047457 29.66 129.813811  62.603715 12.397  251.05  250.70  251.74
 183    82.221 56469.75047516 35.87 129.818775  62.605008   -100  251.05  250.70  251.74
 183    82.590 56469.75047575 36.72 129.823739  62.606301 27.875  251.05  250.70  251.74
 183    81.944 56469.75048225 48.79 129.878375  62.620513 20.209  251.05  250.70  251.74
 184    85.781 56479.66611488 24.53 129.806781  62.600574  9.246  260.69  263.35  262.62
 184    85.627 56479.66611547 25.08 129.811744  62.601868  8.958  260.69  263.35  262.62
 184    85.211 56479.66611606 26.04 129.816707  62.603161 11.812  260.69  263.35  262.62
 184    83.468 56479.66611665 28.36 129.821671  62.604454 14.133  260.69  263.35  262.62
 185    83.567 56489.58175237 45.39 129.808935  62.600014   -100  264.33  267.24  264.83
 185    83.496 56489.58175296 46.20 129.813897  62.601307   -100  264.33  267.24  264.83
 185    83.706 56489.58175355 47.37 129.818860  62.602600   -100  264.33  267.24  264.83
 187    84.597 56509.41302075 32.26 129.807422  62.599004 10.580  265.85  266.55  265.48
 187    84.180 56509.41302134 32.03 129.812385  62.600298  8.822  265.85  266.55  265.48
 187    84.203 56509.41302193 35.68 129.817347  62.601591 14.893  265.85  266.55  265.48
 187    84.240 56509.41302252 40.60 129.822311  62.602885 27.444  265.85  266.55  265.48
 188    85.002 56519.32866213 28.63 129.807139  62.599153 17.222 -100.00 -100.00 -100.00
 188    84.968 56519.32866272 26.66 129.812102  62.600446 12.464 -100.00 -100.00 -100.00
 188    83.733 56519.32866332 31.89 129.817065  62.601740 27.066 -100.00 -100.00 -100.00
 188    83.804 56519.32866391 35.97 129.822028  62.603034   -100 -100.00 -100.00 -100.00
 189    84.399 56529.24431603 32.55 129.806466  62.599691 10.622 -100.00 -100.00 -100.00
 189    83.846 56529.24431662 33.31 129.811429  62.600985 12.934 -100.00 -100.00 -100.00
 189    83.646 56529.24431721 39.42 129.816392  62.602279 28.601 -100.00 -100.00 -100.00
 189    83.937 56529.24431780 40.69 129.821356  62.603572 23.802 -100.00 -100.00 -100.00
 190    84.886 56539.15996561 31.51 129.804639  62.599332 28.000  261.06  260.19  261.68
 190    85.023 56539.15996620 27.83 129.809602  62.600626 17.680  261.06  260.19  261.68
 190    85.033 56539.15996679 25.44 129.814565  62.601920 10.449  261.06  260.19  261.68
 190    83.547 56539.15996738 28.81 129.819529  62.603214 16.824  261.06  260.19  261.68
 191    81.158 56549.07561202 44.08 129.811809  62.601387   -100  255.81  255.36  257.09
 191    80.947 56549.07561261 48.29 129.816772  62.602680  9.126  255.81  255.36  257.09
 191    80.821 56549.07561320 45.39 129.821736  62.603974   -100  255.81  255.36  257.09
 192    84.996 56558.99125455 27.03 129.806375  62.601133 19.387  251.02  250.56  252.41
 192    85.251 56558.99125514 26.25 129.811338  62.602427 15.868  251.02  250.56  252.41
 192    85.150 56558.99125573 25.65 129.816302  62.603721 12.854  251.02  250.56  252.41
 192    83.353 56558.99125632 26.56 129.821267  62.605014 14.545  251.02  250.56  252.41
 193    85.379 56568.90689668 30.10 129.805639  62.602343 16.513  249.65  247.66  248.46
 193    85.252 56568.90689727 26.63 129.810602  62.603637 10.855  249.65  247.66  248.46
 193    85.085 56568.90689786 26.55 129.815566  62.604931  9.891  249.65  247.66  248.46
 193    83.021 56568.90689845 30.75 129.820531  62.606224 20.480  249.65  247.66  248.46
 193    81.700 56568.90690494 31.12 129.875170  62.620438 18.443 -100.00 -100.00 -100.00
 193    81.489 56568.90690553 29.99 129.880140  62.621729 20.039 -100.00 -100.00 -100.00
 194    84.127 56578.82253756 29.45 129.805764  62.603383 15.779  250.57  248.12  248.68
 194    85.188 56578.82253815 27.66 129.810728  62.604677 10.334  250.57  248.12  248.68
 194    84.829 56578.82253874 28.75 129.815692  62.605970 11.165  250.57  248.12  248.68
 194    80.370 56578.82253933 35.73 129.820657  62.607264 31.280  250.57  248.12  248.68
 194    80.153 56578.82254582 39.93 129.875295  62.621479   -100  250.57  248.12  248.68
 194    79.896 56578.82254641 39.02 129.880265  62.622770   -100  250.57  248.12  248.68
 195    79.758 56588.73817494 44.88 129.809924  62.603724   -100  248.99  246.47  244.23
 195    79.478 56588.73817553 46.20 129.814887  62.605018  8.004  248.99  246.47  244.23
 195    79.502 56588.73817612 38.61 129.819851  62.606311   -100  248.99  246.47  244.23
 195    79.656 56588.73818320 41.08 129.879453  62.621819   -100  248.99  246.47  244.23
 196    80.485 56598.65381799 31.61 129.806295  62.601893 16.867  244.95  241.41  239.43
 196    80.274 56598.65381858 34.30 129.811258  62.603187 28.853  244.95  241.41  239.43
 196    80.607 56598.65381917 34.93 129.816221  62.604481 26.368  244.95  241.41  239.43
 196    80.802 56598.65381976 30.85 129.821185  62.605775 16.228  244.95  241.41  239.43
 196    80.284 56598.65382625 31.42 129.875815  62.619991 15.476  244.95  241.41  239.43
 197    82.319 56608.56946916 23.51 129.807419  62.602314  9.856 -100.00 -100.00 -100.00
 197    82.669 56608.56946975 22.53 129.812382  62.603607  8.396 -100.00 -100.00 -100.00
 197    82.488 56608.56947034 24.12 129.817346  62.604901 10.761 -100.00 -100.00 -100.00
 197    81.757 56608.56947093 23.80 129.822310  62.606194  9.769 -100.00 -100.00 -100.00
 197    79.602 56608.56947743 26.22 129.876944  62.620409 11.928 -100.00 -100.00 -100.00
 198    83.544 56618.48511574 21.07 129.810196  62.603728  7.026 -100.00 -100.00 -100.00
 198    81.234 56618.48511633 22.25 129.815160  62.605022  9.177 -100.00 -100.00 -100.00
 198    81.784 56618.48511693 21.67 129.820124  62.606315  7.760 -100.00 -100.00 -100.00
 198    79.304 56618.48512401 24.44 129.879729  62.621820 10.983  253.12  249.71  244.09
 199    80.350 56628.40075854 22.88 129.808684  62.603648 11.207  248.40  244.07  232.84
 199    80.428 56628.40075913 22.24 129.813648  62.604942  8.902  248.40  244.07  232.84
 199    81.174 56628.40075972 21.37 129.818613  62.606235  8.070  248.40  244.07  232.84
 199    81.384 56628.40076031 21.22 129.823577  62.607529  7.593  248.40  244.07  232.84
 199    79.771 56628.40076681 22.50 129.878219  62.621742  8.163 -100.00 -100.00 -100.00
 200    81.494 56638.31639861 22.05 129.809794  62.602955  9.811 -100.00 -100.00 -100.00
 200    81.117 56638.31639920 21.55 129.814758  62.604249  9.176 -100.00 -100.00 -100.00
 200    81.114 56638.31639979 21.19 129.819723  62.605542  7.935 -100.00 -100.00 -100.00
 200    79.888 56638.31640687 22.07 129.879329  62.621049  8.189 -100.00 -100.00 -100.00
 201    82.772 56648.23204164 20.62 129.806901  62.600210  7.006 -100.00 -100.00 -100.00
 201    80.476 56648.23204223 22.72 129.811865  62.601504  9.151 -100.00 -100.00 -100.00
 201    81.222 56648.23204282 20.70 129.816828  62.602797  6.417  248.40  241.84  223.70
 201    81.347 56648.23204341 21.37 129.821793  62.604091  7.777  248.40  241.84  223.70
 202    81.365 56658.14769330 22.43 129.807006  62.599279 10.947 -100.00 -100.00 -100.00
 202    83.997 56658.14769389 20.50 129.811969  62.600573  7.703 -100.00 -100.00 -100.00
 202    80.794 56658.14769449 23.48 129.816933  62.601867 12.308 -100.00 -100.00 -100.00
 202    80.951 56658.14769508 21.96 129.821897  62.603160  9.810 -100.00 -100.00 -100.00
 203    84.226 56668.06334055 20.75 129.804677  62.598776  9.359 -100.00 -100.00 -100.00
 203    81.522 56668.06334114 20.60 129.809640  62.600069  8.479 -100.00 -100.00 -100.00
 203    83.699 56668.06334173 19.71 129.814604  62.601363  5.994 -100.00 -100.00 -100.00
 203    81.227 56668.06334232 20.89 129.819568  62.602657  7.136 -100.00 -100.00 -100.00
 205    81.621 56687.89462945 19.99 129.805797  62.601872  8.668 -100.00 -100.00 -100.00
 205    81.924 56687.89463004 18.77 129.810761  62.603166  6.770 -100.00 -100.00 -100.00
 205    81.415 56687.89463063 19.49 129.815726  62.604460  7.564 -100.00 -100.00 -100.00
 205    81.067 56687.89463122 19.87 129.820690  62.605753  7.612 -100.00 -100.00 -100.00
 205    80.199 56687.89463771 20.95 129.875332  62.619968  7.346  236.72  225.91  199.25
 206    82.028 56697.81027080 18.40 129.806615  62.601824  7.033 -100.00 -100.00 -100.00
 206    81.297 56697.81027139 19.48 129.811579  62.603118  7.891 -100.00 -100.00 -100.00
 206    82.020 56697.81027198 19.19 129.816543  62.604412  7.695 -100.00 -100.00 -100.00
 206    80.991 56697.81027257 19.24 129.821507  62.605705  7.948 -100.00 -100.00 -100.00
 206    81.779 56697.81027907 18.92 129.876146  62.619920  5.254 -100.00 -100.00 -100.00
 207    83.813 56707.72590752 18.04 129.808563  62.600501  6.082 -100.00 -100.00 -100.00
 207    81.686 56707.72590811 18.89 129.813527  62.601795  7.196 -100.00 -100.00 -100.00
 207    81.375 56707.72590870 18.59 129.818490  62.603088  5.645 -100.00 -100.00 -100.00
 207    82.823 56707.72590929 18.71 129.823454  62.604382  6.592 -100.00 -100.00 -100.00
 208    78.367 56717.64154367 23.18 129.806578  62.598497 15.172 -100.00 -100.00 -100.00
 208    82.464 56717.64154426 18.68 129.811540  62.599791  6.722 -100.00 -100.00 -100.00
 208    83.741 56717.64154485 17.49 129.816503  62.601085  4.926 -100.00 -100.00 -100.00
 208    83.200 56717.64154544 17.97 129.821466  62.602378  6.280 -100.00 -100.00 -100.00
 209    81.972 56727.55719665 19.11 129.807119  62.600227  7.641  242.15  229.71  202.50
 209    83.593 56727.55719724 18.24 129.812082  62.601521  5.428  242.15  229.71  202.50
 209    81.577 56727.55719783 18.16 129.817046  62.602814  5.175  242.15  229.71  202.50
 209    81.547 56727.55719842 18.57 129.822009  62.604108  6.358  242.15  229.71  202.50
 211    83.690 56747.38849156 17.69 129.808950  62.605699  7.783  248.90  236.38  211.54
 211    80.560 56747.38849215 19.49 129.813915  62.606993 10.138  248.90  236.38  211.54
 211    80.973 56747.38849274 17.79 129.818879  62.608286  7.271  248.90  236.38  211.54
 211    81.460 56747.38849333 17.07 129.823844  62.609579  5.982  248.90  236.38  211.54
 211    80.491 56747.38849510 17.87 129.838743  62.613457  6.612  248.90  236.38  211.54
 211    81.810 56747.38849569 17.84 129.843710  62.614749  6.174  248.90  236.38  211.54
 211    80.597 56747.38849865 17.85 129.868551  62.621208  6.095  248.90  236.38  211.54
 211    79.905 56747.38849983 18.92 129.878491  62.623790  8.540 -100.00 -100.00 -100.00
 212    84.215 56757.30413399 11.30 129.821916  62.609026  3.709  261.21  261.48  262.48
 212    84.207 56757.30413576 10.72 129.836814  62.612905  3.335  261.21  261.48  262.48
 212    83.563 56757.30413636 10.99 129.841780  62.614198  3.550  261.21  261.48  262.48
 212    83.972 56757.30413695 10.83 129.846748  62.615490  4.145  261.21  261.48  262.48
 212    77.816 56757.30413931 19.27 129.866621  62.620658 16.745  261.21  261.48  262.48
 212    77.909 56757.30414049 23.19 129.876560  62.623240   -100  261.21  261.48  262.48
 212    82.371 56757.30414108 14.92 129.881531  62.624531  9.418  261.21  261.48  262.48
 214   152.953 56777.13541063  3.55 129.806431  62.601580  3.846 -100.00 -100.00 -100.00
 214   154.396 56777.13541122  2.14 129.811394  62.602874  2.923 -100.00 -100.00 -100.00
 214   156.856 56777.13541181  2.83 129.816358  62.604167  3.559 -100.00 -100.00 -100.00
 214   153.710 56777.13541240  3.99 129.821322  62.605461  4.318 -100.00 -100.00 -100.00
 214   150.434 56777.13541890  6.11 129.875959  62.619678  5.747 -100.00 -100.00 -100.00
 215   149.033 56787.05106702 16.49 129.806661  62.602688 11.635 -100.00 -100.00 -100.00
 215   151.810 56787.05106761 18.82 129.811625  62.603982  9.381 -100.00 -100.00 -100.00
 215   154.296 56787.05106820 22.11 129.816589  62.605275  8.116 -100.00 -100.00 -100.00
 215   153.722 56787.05106879 26.93 129.821553  62.606568 13.233 -100.00 -100.00 -100.00
 215   149.045 56787.05107528 30.20 129.876195  62.620783   -100 -100.00 -100.00 -100.00
 216    83.350 56796.96672816 48.42 129.876893  62.622737   -100 -100.00 -100.00 -100.00
 216    83.165 56796.96672875 50.32 129.881863  62.624028  3.311 -100.00 -100.00 -100.00
 217    85.207 56806.88236802 34.70 129.811291  62.606694 20.068  254.22  254.49  256.13
 217    82.571 56806.88236861 35.87 129.816255  62.607987 25.857  254.22  254.49  256.13
 217    82.210 56806.88236920 37.62 129.821220  62.609280   -100  254.22  254.49  256.13
 217    82.584 56806.88237097 34.38 129.836119  62.613158 19.697  254.22  254.49  256.13
 217    82.364 56806.88237156 37.39 129.841086  62.614450   -100  254.22  254.49  256.13
 217    82.269 56806.88237215 35.33 129.846053  62.615743 26.569  254.22  254.49  256.13
 217    82.195 56806.88237451 37.65 129.865927  62.620909   -100  254.22  254.49  256.13
 217    82.287 56806.88237569 42.00 129.875867  62.623491   -100  254.22  254.49  256.13
 217    82.336 56806.88237628 43.32 129.880838  62.624782   -100  254.22  254.49  256.13
 219    85.240 56826.71364632 29.76 129.808659  62.601854 12.113  255.93  256.06  255.50
 219    83.068 56826.71364691 35.38 129.813622  62.603147 28.610  255.93  256.06  255.50
 219    83.342 56826.71364750 35.35 129.818586  62.604440 26.523  255.93  256.06  255.50
 219    83.161 56826.71364809 38.85 129.823550  62.605733   -100  255.93  256.06  255.50
 220    83.523 56836.62928030 48.36 129.807385  62.598777   -100  256.16  256.58  255.50
 220    83.189 56836.62928089 51.44 129.812347  62.600071  5.893  256.16  256.58  255.50
 220    83.121 56836.62928148 52.51 129.817310  62.601364 16.521  256.16  256.58  255.50
 220    83.186 56836.62928207 54.37 129.822273  62.602657 14.987  256.16  256.58  255.50
 222    84.744 56856.46056120 29.33 129.805393  62.599521 23.730 -100.00 -100.00 -100.00
 222    84.859 56856.46056179 26.49 129.810355  62.600815 17.955 -100.00 -100.00 -100.00
 222    82.817 56856.46056238 25.95 129.815318  62.602108 14.716 -100.00 -100.00 -100.00
 222    82.880 56856.46056297 30.63 129.820281  62.603402 25.430 -100.00 -100.00 -100.00
 223    84.492 56866.37621503 29.89 129.805921  62.602032  7.291 -100.00 -100.00 -100.00
 223    80.678 56866.37621562 30.24 129.810884  62.603326  7.391 -100.00 -100.00 -100.00
 223    82.043 56866.37621621 30.51 129.815847  62.604619  7.440 -100.00 -100.00 -100.00
 223    82.266 56866.37621680 31.62 129.820811  62.605912  8.044 -100.00 -100.00 -100.00
 223    80.163 56866.37622329 44.90 129.875444  62.620126   -100 -100.00 -100.00 -100.00
 224    85.259 56876.29186754 26.87 129.807258  62.602919 20.310 -100.00 -100.00 -100.00
 224    85.170 56876.29186813 23.24 129.812221  62.604213 10.536 -100.00 -100.00 -100.00
 224    85.022 56876.29186872 25.83 129.817185  62.605506 15.438 -100.00 -100.00 -100.00
 224    82.418 56876.29186931 28.22 129.822149  62.606800 22.893 -100.00 -100.00 -100.00
 224    80.216 56876.29187580 39.32 129.876787  62.621012 13.594 -100.00 -100.00 -100.00
 225    81.501 56886.20751686 29.77 129.809015  62.602763  7.807 -100.00 -100.00 -100.00
 225    81.485 56886.20751745 30.24 129.813979  62.604056  7.450 -100.00 -100.00 -100.00
 225    81.648 56886.20751804 30.12 129.818943  62.605350  7.475 -100.00 -100.00 -100.00
 225    81.093 56886.20752512 49.13 129.878547  62.620854   -100 -100.00 -100.00 -100.00
 226    84.292 56896.12316277 30.45 129.806051  62.601130   -100 -100.00 -100.00 -100.00
 226    85.134 56896.12316336 22.34 129.811015  62.602424  9.422 -100.00 -100.00 -100.00
 226    85.092 56896.12316395 24.33 129.815979  62.603717 12.635 -100.00 -100.00 -100.00
 226    84.266 56896.12316455 23.91 129.820943  62.605010 12.382 -100.00 -100.00 -100.00
 227    85.236 56906.03880639 24.01 129.807691  62.602366  8.699 -100.00 -100.00 -100.00
 227    84.838 56906.03880698 28.39 129.812655  62.603660 17.904 -100.00 -100.00 -100.00
 227    82.662 56906.03880757 31.09 129.817620  62.604953 25.608 -100.00 -100.00 -100.00
 227    82.911 56906.03880816 34.55 129.822584  62.606246 29.390 -100.00 -100.00 -100.00
 227    82.628 56906.03881465 34.46 129.877226  62.620458   -100 -100.00 -100.00 -100.00
 228    85.576 56915.95444762 32.02 129.806935  62.604347  9.550 -100.00 -100.00 -100.00
 228    81.503 56915.95444821 31.61 129.811899  62.605640 10.299 -100.00 -100.00 -100.00
 228    81.584 56915.95444880 32.30 129.816863  62.606933 11.913 -100.00 -100.00 -100.00
 228    81.805 56915.95444939 35.24 129.821828  62.608227 17.870  255.03  254.61  255.89
 228    81.680 56915.95445175 43.25 129.841693  62.613397 26.765  255.03  254.61  255.89
 228    81.350 56915.95445589 51.22 129.876473  62.622438   -100  255.03  254.61  255.89
 228    81.254 56915.95445648 49.39 129.881444  62.623729  3.281  255.03  254.61  255.89
 229    83.509 56925.87008706 35.58 129.807589  62.606234 21.823 -100.00 -100.00 -100.00
 229    83.575 56925.87008765 34.08 129.812554  62.607527 15.365 -100.00 -100.00 -100.00
 229    83.523 56925.87008824 35.14 129.817518  62.608820 17.513  245.65  244.04  247.95
 229    83.438 56925.87008883 36.69 129.822484  62.610114 23.726  245.65  244.04  247.95
 229    83.496 56925.87009060 37.58 129.837382  62.613992 27.127  245.65  244.04  247.95
 229    83.382 56925.87009119 41.10 129.842349  62.615284   -100  245.65  244.04  247.95
 229    83.269 56925.87009178 37.24 129.847316  62.616576 27.465  245.65  244.04  247.95
 229    83.081 56925.87009414 35.84 129.867190  62.621743 23.348  245.65  244.04  247.95
 229    82.968 56925.87009473 36.62 129.872160  62.623034 23.210  245.65  244.04  247.95
 229    83.457 56925.87009532 36.14 129.877130  62.624325 20.346  245.65  244.04  247.95
 229    83.715 56925.87009591 42.23 129.882101  62.625616 30.704  245.65  244.04  247.95
 230    84.781 56935.78572283 34.50 129.806543  62.605573 30.433 -100.00 -100.00 -100.00
 230    84.384 56935.78572342 31.45 129.811507  62.606867 17.373 -100.00 -100.00 -100.00
 230    81.313 56935.78572401 32.82 129.816471  62.608160 23.488 -100.00 -100.00 -100.00
 230    81.884 56935.78572460 33.54 129.821436  62.609454 24.547 -100.00 -100.00 -100.00
 230    81.528 56935.78572637 39.26 129.836333  62.613332   -100 -100.00 -100.00 -100.00
 230    81.534 56935.78572696 40.20 129.841299  62.614625   -100 -100.00 -100.00 -100.00
 230    81.168 56935.78572755 42.50 129.846266  62.615917 11.572 -100.00 -100.00 -100.00
 230    81.385 56935.78572991 37.83 129.866139  62.621085   -100 -100.00 -100.00 -100.00
 230    81.386 56935.78573109 34.73 129.876077  62.623667 28.309 -100.00 -100.00 -100.00
 230    81.421 56935.78573168 34.55 129.881048  62.624958 26.579 -100.00 -100.00 -100.00
 231   140.124 56945.70135314 11.80 129.806344  62.602656 15.062  250.97  248.79  250.04
 231   142.950 56945.70135373 14.98 129.811307  62.603950 17.363  250.97  248.79  250.04
 231   149.302 56945.70135432 17.99 129.816270  62.605244 10.329  250.97  248.79  250.04
 231   148.205 56945.70135491 14.42 129.821234  62.606537 20.945  250.97  248.79  250.04
 232    79.727 56955.61700546 41.51 129.812938  62.602867   -100  251.76  249.63  248.66
 232    79.513 56955.61700605 37.28 129.817901  62.604160   -100  251.76  249.63  248.66
 232    79.362 56955.61700664 36.59 129.822865  62.605454   -100  251.76  249.63  248.66
 233    79.307 56965.53265502 40.54 129.815346  62.603409   -100  252.32  249.68  247.58
 233    79.226 56965.53265561 36.44 129.820309  62.604703   -100  252.32  249.68  247.58
 234    79.490 56975.44829946 33.34 129.810112  62.603467 28.856  249.90  247.28  242.69
 234    79.591 56975.44830005 31.80 129.815076  62.604761 21.862  249.90  247.28  242.69
 234    79.545 56975.44830064 31.40 129.820040  62.606054 18.927  249.90  247.28  242.69
 234    79.450 56975.44830773 25.86 129.879643  62.621559  7.868  249.90  247.28  242.69
 235    79.735 56985.36393993 33.12 129.809097  62.604295 27.679  249.44  245.98  238.81
 235    79.771 56985.36394052 30.92 129.814061  62.605588 18.521  249.44  245.98  238.81
 235    79.939 56985.36394111 30.29 129.819025  62.606882 18.364  249.44  245.98  238.81
 235    79.630 56985.36394170 31.62 129.823990  62.608175 21.758  249.44  245.98  238.81
 235    79.478 56985.36394820 26.73 129.878632  62.622388  9.707  249.44  245.98  238.81
 236    81.134 56995.27957468 27.71 129.807355  62.602403 13.824  247.74  243.35  234.27
 236    79.842 56995.27957527 27.28 129.812318  62.603696 12.274  247.74  243.35  234.27
 236    79.471 56995.27957586 29.83 129.817282  62.604990 19.962  247.74  243.35  234.27
 236    79.392 56995.27957645 29.46 129.822247  62.606284 17.558  247.74  243.35  234.27
 236    79.252 56995.27958294 25.20 129.876884  62.620499  7.701  247.74  243.35  234.27
 237    81.706 57005.19521586 26.37 129.806341  62.599224 12.230  242.39  237.01  225.00
 237    80.575 57005.19521645 26.87 129.811304  62.600518 14.166  242.39  237.01  225.00
 237    80.617 57005.19521704 27.01 129.816267  62.601812 13.844  242.39  237.01  225.00
 237    79.850 57005.19521763 27.21 129.821231  62.603105 13.932  242.39  237.01  225.00
 238    81.333 57015.11087082 25.15 129.804630  62.597355 11.488  239.45  233.59  219.68
 238    80.897 57015.11087141 26.01 129.809593  62.598649 12.851  239.45  233.59  219.68
 238    79.899 57015.11087200 25.55 129.814556  62.599943 10.330  239.45  233.59  219.68
 238    79.714 57015.11087259 26.77 129.819520  62.601237 13.965  239.45  233.59  219.68
 239    79.803 57025.02652197 24.54 129.807020  62.598597 10.639  239.94  233.27  217.54
 239    79.510 57025.02652256 26.35 129.811983  62.599890 13.893  239.94  233.27  217.54
 239    80.352 57025.02652315 24.67 129.816947  62.601184 10.031  239.94  233.27  217.54
 239    79.668 57025.02652374 26.86 129.821911  62.602477 13.346  239.94  233.27  217.54
 240    81.238 57034.94217069 24.47 129.806498  62.601186 11.264 -100.00 -100.00 -100.00
 240    81.701 57034.94217128 24.87 129.811462  62.602480 11.681 -100.00 -100.00 -100.00
 240    79.414 57034.94217187 25.37 129.816426  62.603773 12.322 -100.00 -100.00 -100.00
 240    79.270 57034.94217246 25.40 129.821391  62.605067 11.952 -100.00 -100.00 -100.00
 241    79.398 57044.85781682 24.25 129.806341  62.603232 11.488  243.83  236.89  219.79
 241    79.212 57044.85781741 24.60 129.811305  62.604526 11.101  243.83  236.89  219.79
 241    79.268 57044.85781800 25.14 129.816269  62.605820 11.412  243.83  236.89  219.79
 241    79.032 57044.85781859 25.46 129.821234  62.607113 12.323  243.83  236.89  219.79
 241    79.061 57044.85782508 23.12 129.875877  62.621327  8.060 -100.00 -100.00 -100.00
 241    79.201 57044.85782567 22.52 129.880847  62.622618  6.874 -100.00 -100.00 -100.00
 242    81.860 57054.77345967 19.97 129.805665  62.602946  5.358 -100.00 -100.00 -100.00
 242    81.003 57054.77346026 21.13 129.810629  62.604240  7.818 -100.00 -100.00 -100.00
 242    79.934 57054.77346085 22.24 129.815593  62.605534  8.126 -100.00 -100.00 -100.00
 242    79.687 57054.77346144 22.47 129.820557  62.606827  8.579 -100.00 -100.00 -100.00
 242    79.107 57054.77346794 20.89 129.875196  62.621042  6.592 -100.00 -100.00 -100.00
 242    78.968 57054.77346853 20.97 129.880166  62.622333  7.057 -100.00 -100.00 -100.00
 243    81.376 57064.68909795 20.09 129.809255  62.601630  6.448 -100.00 -100.00 -100.00
 243    80.868 57064.68909854 21.61 129.814218  62.602924  8.271 -100.00 -100.00 -100.00
 243    80.892 57064.68909913 21.09 129.819181  62.604217  7.238 -100.00 -100.00 -100.00
 244    82.156 57074.60473108 20.02 129.808952  62.599779  6.784 -100.00 -100.00 -100.00
 244    81.489 57074.60473167 20.28 129.813915  62.601073  6.690 -100.00 -100.00 -100.00
 244    80.916 57074.60473226 20.44 129.818878  62.602366  7.157 -100.00 -100.00 -100.00
 245    82.749 57084.52036102 19.65 129.808129  62.599320  5.852 -100.00 -100.00 -100.00
 245    81.658 57084.52036161 19.80 129.813092  62.600614  7.219 -100.00 -100.00 -100.00
 245    81.072 57084.52036220 20.62 129.818055  62.601908  6.904 -100.00 -100.00 -100.00
 245    80.809 57084.52036279 21.06 129.823018  62.603201  8.676 -100.00 -100.00 -100.00
 246    81.800 57094.43601397 19.38 129.805211  62.601926  6.287 -100.00 -100.00 -100.00
 246    80.990 57094.43601456 19.90 129.810174  62.603220  6.566 -100.00 -100.00 -100.00
 246    80.102 57094.43601515 21.24 129.815137  62.604514  7.583  246.38  238.08  217.96
 246    80.331 57094.43601575 20.59 129.820101  62.605807  7.584  246.38  238.08  217.96
 246    79.673 57094.43602283 19.32 129.879703  62.621315  5.044  246.38  238.08  217.96
 247    78.673 57104.35167125 21.11 129.807122  62.605568  8.780 -100.00 -100.00 -100.00
 247    78.467 57104.35167184 22.55 129.812086  62.606862 11.008 -100.00 -100.00 -100.00
 247    78.202 57104.35167243 23.32 129.817051  62.608156 12.936  248.91  239.89  220.01
 247    78.884 57104.35167302 22.58 129.822016  62.609449 11.457  248.91  239.89  220.01
 247    78.636 57104.35167479 22.79 129.836913  62.613328 11.884  248.91  239.89  220.01
 247    77.973 57104.35167538 22.52 129.841880  62.614620 11.132  248.91  239.89  220.01
 247    77.900 57104.35167597 22.38 129.846847  62.615913 10.567  248.91  239.89  220.01
 247    78.206 57104.35167833 20.68 129.866720  62.621080  8.459  248.91  239.89  220.01
 247    79.101 57104.35167951 20.04 129.876659  62.623663  6.432  248.91  239.89  220.01
 247    78.580 57104.35168010 19.72 129.881629  62.624954  6.931  248.91  239.89  220.01
 248    83.607 57114.26732404 13.97 129.808774  62.606654  5.460 -100.00 -100.00 -100.00
 248    83.075 57114.26732463 14.39 129.813738  62.607947  6.280 -100.00 -100.00 -100.00
 248    81.718 57114.26732522 14.48 129.818703  62.609241  5.840 -100.00 -100.00 -100.00
 248    81.614 57114.26732581 14.86 129.823668  62.610534  6.848 -100.00 -100.00 -100.00
 248    82.110 57114.26732758 15.09 129.838567  62.614413  6.364 -100.00 -100.00 -100.00
 248    81.798 57114.26732818 14.98 129.843534  62.615705  6.028 -100.00 -100.00 -100.00
 248    82.498 57114.26732877 14.97 129.848502  62.616998  6.713 -100.00 -100.00 -100.00
 248    82.738 57114.26733113 13.53 129.868376  62.622165  4.518 -100.00 -100.00 -100.00
 248    83.157 57114.26733231 13.12 129.878316  62.624747  4.292 -100.00 -100.00 -100.00
 248    83.375 57114.26733290 12.86 129.883287  62.626038  4.176 -100.00 -100.00 -100.00
 249    84.205 57124.18296991 13.45 129.806371  62.604172  4.985 -100.00 -100.00 -100.00
 249    83.279 57124.18297050 14.47 129.811335  62.605466  6.708 -100.00 -100.00 -100.00
 249    83.447 57124.18297109 13.70 129.816299  62.606760  4.737 -100.00 -100.00 -100.00
 249    82.920 57124.18297168 14.38 129.821264  62.608053  5.158 -100.00 -100.00 -100.00
 249    81.412 57124.18297404 16.31 129.841128  62.613225  8.923 -100.00 -100.00 -100.00
 249    82.843 57124.18297817 12.83 129.875907  62.622267  4.036 -100.00 -100.00 -100.00
 249    83.690 57124.18297876 12.99 129.880878  62.623559  3.849 -100.00 -100.00 -100.00
 250    85.628 57134.09861100 14.19 129.809128  62.602753  4.401  258.13  254.16  250.32
 250    84.624 57134.09861159 14.25 129.814092  62.604046  4.688  258.13  254.16  250.32
 250    83.911 57134.09861218 14.92 129.819056  62.605340  6.004  258.13  254.16  250.32
 250    84.431 57134.09861927 12.73 129.878663  62.620847  3.027  258.13  254.16  250.32
