# NaN NaN NaN ;Mean Elev.(m), Avg Gradient(m/km), RMS Gradient(m/km) - SRTM1     
#   15.836  -4.499   6.649 ;Mean Elev.(m), Avg Gradient(m/km), RMS Gradient(m/km) - ASTER GDEM
#   22.417  -4.431   8.667 ;Mean Elev.(m), Avg Gradient(m/km), RMS Gradient(m/km) - GMTED2010 
   1 123.887833  66.014164    38.064    38.006  4 54660.26636257 53.609
   2 123.904468  66.013039    38.564    37.497 10 54670.18200985 27.703
   3 123.905386  66.013765   -12.171   -12.151 11 54680.09765392 14.942
   4 123.907537  66.014823    40.295    40.604 10 54690.01329696 22.732
   5 123.905057  66.015474    -9.217    -9.159 10 54699.92893739 10.962
   6 123.902993  66.014515    40.303    40.472 10 54709.84458229 27.738
   7 123.905957  66.012576    -2.930    -3.199 10 54719.76023398 14.242
   8 123.906734  66.010754    40.795    40.792 10 54729.67588284 52.206
   9 123.904082  66.010374    38.317    38.274 10 54739.59152976 53.534
  10 123.906641  66.010736    39.935    40.395 10 54749.50717711 29.128
  11 123.907876  66.011332    36.329    36.281 10 54759.42282412 46.498
  12 123.905749  66.011416    35.400    35.413 10 54769.33846851 39.670
  13 123.904487  66.010678    36.340    36.152 10 54779.25410963 23.470
  14 123.905274  66.009667    38.510    38.633 10 54789.16974846 20.304
  15 123.901866  66.009813    39.111    39.190 10 54799.08538586 19.561
  17 123.902827  66.012489    39.741    39.897 10 54818.91666103 17.600
  18 123.907304  66.012988    38.657    38.675 10 54828.83231359 17.280
  19 123.908224  66.013000    39.304    39.561 10 54838.74795255 16.438
  20 123.903412  66.013402    39.518    39.439 10 54848.66360127 15.822
  21 123.908180  66.013796    39.569    39.790 10 54858.57925034 15.533
  22 123.906141  66.014556    39.641    39.817 10 54868.49489890 15.363
  23 123.905397  66.014191    39.837    39.514 11 54878.41054676 14.923
  24 123.905049  66.012752    40.252    40.529 10 54888.32619159 14.785
  25 123.907098  66.010821    40.284    40.474 10 54898.24183336 14.262
  26 123.906490  66.010109    40.010    40.409 10 54908.15747235 14.097
  27 123.902726  66.010812    40.051    40.249 10 54918.07310978 13.985
  28 123.907962  66.011370    40.383    40.481 10 54927.98874789 13.607
  29 123.904578  66.011491    39.982    40.331 10 54937.90438454 12.698
  30 123.906043  66.010765    37.298    36.945 10 54947.82001991 29.739
  31 123.903855  66.010104    36.019    35.683 10 54957.73565500 32.337
  32 123.906757  66.009886    39.276    39.104 10 54967.65130379 31.995
  33 123.904847  66.010744    42.760    42.811 10 54977.56695107 31.180
  34 123.902416  66.011808    40.988    41.113 10 54987.48259833 28.754
  35 123.905742  66.012198    41.675    41.546 10 54997.39824629 27.358
  36 123.904089  66.012544    40.928    40.911 10 55007.31389205 51.210
  37 123.903469  66.012936    40.364    40.562 10 55017.22953582 24.383
  38 123.903403  66.013691    40.766    41.051 10 55027.14517823 22.718
  39 123.905494  66.014663    38.423    38.372 10 55037.06082037 52.999
  40 123.904137  66.015097    39.345    39.362 10 55046.97646124 28.261
  41 123.906978  66.013965    40.177    40.432 10 55056.89210063 21.660
  42 123.907702  66.011876    39.706    39.968 10 55066.80773748 22.812
  43 123.902706  66.010384    40.405    40.493 10 55076.72338735 25.006
  44 123.904693  66.010088    39.909    40.032  9 55086.63903532 23.881
  45 123.905464  66.011017    40.560    40.645 10 55096.55468150 22.023
  46 123.905426  66.011792    38.241    38.485 10 55106.47032726 28.136
  47 123.899650  66.011615    37.465    37.490  9 55116.38597209 54.899
  48 123.905233  66.010012    36.802    36.787 10 55126.30161566 43.700
  49 123.902140  66.009182    36.024    35.654 10 55136.21725599 40.266
  50 123.902047  66.009459    39.134    39.126 10 55146.13289454 28.179
  51 123.905511  66.010892    40.057    40.111 10 55156.04853268 25.052
  52 123.905855  66.012265    39.367    39.690 10 55165.96417067 23.572
  53 123.902263  66.013169    40.125    40.321 10 55175.87980805 22.860
  54 123.907829  66.012598    39.816    39.658 10 55185.79545017 21.704
  55 123.907463  66.012501    39.933    39.965 10 55195.71110122 21.625
  56 123.906344  66.013312    39.814    39.832 10 55205.62675090 20.570
  57 123.903537  66.014740    39.823    40.136 10 55215.54239977 20.139
  58 123.905926  66.014924    39.775    39.696 11 55225.45804859 19.087
  59 123.902211  66.013479    39.708    39.917 10 55235.37369477 18.657
  60 123.904045  66.010738    40.100    39.992 10 55245.28933817 18.151
  61 123.907176  66.008691    39.747    39.655 10 55255.20497887 17.888
  62 123.903507  66.009285    39.650    39.809 10 55265.12061735 17.471
  63 123.903634  66.011334    40.058    40.464 10 55275.03625530 16.703
  64 123.906138  66.012510    40.394    40.570 10 55284.95189276 16.283
  65 123.905819  66.011747    40.332    40.484 10 55294.86752826 15.891
  66 123.903709  66.009783    40.092    40.537 10 55304.78316662 15.007
  67 123.904093  66.008420    36.620    36.558 10 55314.69881397 21.275
  68 123.901980  66.009399    34.602    34.613 10 55324.61445924 40.820
  69 123.903854  66.011466    36.024    36.003 10 55334.53010356 46.107
  70 123.903222  66.013128    42.734    42.609 10 55344.44574738 38.152
  71 123.904565  66.013145    40.478    40.520 10 55354.36139071 48.257
  72 123.904211  66.012652    41.114    41.695 10 55364.27703182 24.233
  73 123.906109  66.012448    40.117    40.612 10 55374.19267147 26.688
  74 123.905879  66.013406    39.410    39.804 10 55384.10830971 24.682
  75 123.905408  66.014568    39.621    39.560 11 55394.02394710 52.361
  76 123.906899  66.014920    39.048    38.422 10 55403.93958485 27.625
  77 123.902718  66.013484    38.496    38.853 10 55413.85523625 30.534
  78 123.903982  66.010792    40.337    40.412 10 55423.77088521 22.502
  79 123.903948  66.008806    39.255    39.376 10 55433.68653141 26.862
  80 123.902230  66.009226    40.547    40.831 10 55443.60217574 26.945
  81 123.903905  66.010897    37.620    37.619 10 55453.51781900 43.954
  82 123.904491  66.012529    37.883    36.861 10 55463.43346136 41.859
  83 123.904139  66.012070    40.522    40.737 10 55473.34910145 27.569
  85 123.904083  66.008486    35.140    35.108  9 55493.18037396 42.698
  86 123.904653  66.009222    35.905    35.574 10 55503.09600776 27.717
  87 123.906364  66.011471    35.102    35.087 10 55513.01165481 22.503
  88 123.905392  66.013593    36.914    37.435 10 55522.92730426 19.292
  89 123.902500  66.014165    37.047    37.386 10 55532.84295206 17.957
  90 123.905897  66.013056    36.994    37.201 10 55542.75859875 16.821
  91 123.903341  66.012441    38.054    38.133 10 55552.67424287 16.289
  92 123.906007  66.012851    38.062    37.873 10 55562.58988617 15.130
  93 123.903849  66.014088    39.559    39.532 10 55572.50552832 14.221
  94 123.904100  66.014248    39.623    39.637 10 55582.42116947 13.795
  95 123.903974  66.012691    39.940    39.857 10 55592.33680731 13.570
  96 123.906713  66.010246    39.485    39.402 10 55602.25244214 13.410
  97 123.903854  66.009028    40.175    40.468 10 55612.16807432 13.076
  98 123.903707  66.009714    40.466    40.524 10 55622.08370854 12.935
  99 123.903116  66.011453    40.009    40.037 10 55631.99936136 12.660
 100 123.905943  66.012320    39.645    39.503 10 55641.91501233 11.902
 101 123.907498  66.011646    39.793    39.705 10 55651.83066041 11.571
 102 123.902796  66.009903    40.466    40.623 10 55661.74630397 11.440
 103 123.906031  66.008726    37.080    36.753 10 55671.66194506 13.019
 104 123.906091  66.009491    36.912    37.084 10 55681.57758425 26.633
 105 123.904942  66.011804    35.111    35.095  9 55691.49322160 35.360
 106 123.904499  66.013764    42.750    42.781 10 55701.40885739 48.519
 107 123.905175  66.014289    41.142    41.892 10 55711.32449873 25.212
 108 123.907524  66.013490    41.417    41.467 10 55721.24014874 21.969
 109 123.905462  66.013067    40.024    39.747 10 55731.15579625 38.070
 110 123.904889  66.013118    39.920    40.026 10 55741.07144263 26.182
 111 123.903396  66.013480    37.412    37.419 10 55750.98708768 53.965
 112 123.902822  66.013260    37.534    37.518 10 55760.90273047 48.048
 113 123.904259  66.012176    39.321    39.131 10 55770.81837061 28.095
 114 123.904795  66.010431    37.016    36.952 10 55780.73400725 51.970
 115 123.905621  66.009481    40.341    40.688 10 55790.64964128 23.483
 116 123.919248  66.009360    37.871    37.677  5 55800.56527526 24.238
 117 123.907257  66.011094    36.571    36.558 10 55810.48092281 52.212
 118 123.908082  66.011984    40.169    40.336 10 55820.39657166 21.828
 119 123.907304  66.011737    40.216    40.267 10 55830.31221574 24.758
 120 123.904682  66.010521    40.374    40.518 10 55840.22785514 31.383
 121 123.907048  66.009534    36.029    36.000 10 55850.14349195 52.112
 122 123.904464  66.010563    35.610    35.583 10 55860.05912627 44.554
 123 123.907319  66.012267    36.930    36.362 10 55869.97477719 30.987
 133 123.906579  66.009819    40.318    40.402 10 55969.13121869 14.725
 134 123.906150  66.010848    40.329    40.410 10 55979.04685513 15.081
 135 123.906836  66.011528    40.429    40.536 10 55988.96249097 14.638
 136 123.903102  66.011611    40.683    40.847 10 55998.87813248 13.896
 137 123.907684  66.010626    40.300    40.400 10 56008.79378393 13.664
 138 123.904647  66.010166    40.754    40.815  9 56018.70943048 13.975
 139 123.907654  66.010327    40.429    40.485 10 56028.62507462 12.935
 141 123.904001  66.012842    40.876    40.908 10 56048.45635650  9.576
 142 123.905959  66.013717    34.987    35.028 10 56058.37199409 42.683
 143 123.903471  66.014044    45.142    45.167 10 56068.28762689 42.024
 144 123.906035  66.013678    42.733    42.653 10 56078.20327828 55.642
 145 123.904136  66.013707    40.952    40.938 10 56088.11892672 54.770
 146 123.906300  66.013778    41.258    41.276 10 56098.03457305 24.504
 147 123.906292  66.013248    40.747    40.962 10 56107.95021695 23.007
 148 123.903216  66.011997    40.414    40.860 10 56117.86584620 33.711
 149 123.901792  66.010611    38.469    38.417 10 56127.78148350 53.880
 150 123.903277  66.009875    38.636    38.650 10 56137.69711738 53.611
 151 123.902317  66.010575    40.225    40.125 10 56147.61276333 25.503
 152 123.905005  66.011625    37.290    37.352 10 56157.52841274 51.853
 153 123.906385  66.012093    38.312    38.326 10 56167.44406107 36.402
 154 123.907456  66.011319    40.372    40.543 10 56177.35970678 23.397
 155 123.903773  66.010441    40.584    40.904 10 56187.27534736 21.171
 156 123.904031  66.010057    40.109    40.708 10 56197.19098466 23.275
 157 123.902945  66.011262    40.717    40.789 10 56207.10661885 30.243
 158 123.907247  66.013035    36.749    36.706 10 56217.02225198 47.117
 159 123.908263  66.014333    36.100    36.052 10 56226.93789439 43.462
 160 123.902667  66.014368    37.944    38.579 10 56236.85354869 30.596
 161 123.902998  66.013517    38.516    39.302 10 56246.76919968 25.140
 162 123.902047  66.013132    38.962    39.841 10 56256.68484546 24.309
 163 123.907478  66.013510    38.425    38.870 10 56266.60048818 22.818
 164 123.907717  66.014101    38.584    38.834 10 56276.51612875 21.923
 165 123.904622  66.013678    38.888    38.686 10 56286.43177547 19.997
 166 123.905231  66.011580    38.746    39.144 10 56296.34742546 18.801
 167 123.903234  66.009484    37.972    38.140 10 56306.26307118 18.304
 168 123.902699  66.008976    38.181    37.940 10 56316.17871383 17.385
 169 123.902289  66.010582    39.443    39.698 10 56326.09435474 16.770
 170 123.904322  66.012391    39.271    39.565 10 56336.00999493 15.946
 171 123.907985  66.012699    39.249    39.176 10 56345.92563403 14.915
 172 123.904951  66.011649    39.360    38.946  9 56355.84127015 14.545
 173 123.905352  66.010029    39.926    40.339 10 56365.75691680 14.643
 174 123.903224  66.009925    39.852    39.998 10 56375.67256535 14.195
 176 123.903103  66.013838    39.967    40.585 10 56395.50385470 12.964
 177 123.908240  66.014691    37.875    37.910 10 56405.41949675 14.179
 178 123.903149  66.014663    34.904    34.865 10 56415.33513464 47.686
 179 123.907582  66.013324    35.504    35.524 10 56425.25076863 47.636
 180 123.903609  66.012830    43.640    43.649 10 56435.16641622 44.749
 181 123.903194  66.013093    41.104    41.126 10 56445.08206815 55.836
 182 123.906936  66.013861    40.339    39.798 10 56454.99771801 26.883
 183 123.906833  66.013548    40.736    40.757 10 56464.91336459 23.722
 184 123.907435  66.011699    38.122    38.086 10 56474.82900765 45.609
 185 123.907351  66.009447    37.775    37.755 10 56484.74464720 53.488
 187 123.901870  66.010680    40.499    40.813 10 56504.57591755 25.961
 188 123.906942  66.012887    40.220    40.213 10 56514.49155084 53.334
 189 123.904998  66.013647    40.722    40.810 10 56524.40720254 25.027
 190 123.903280  66.012357    40.742    41.006 10 56534.32285374 21.971
 192 123.902544  66.010149    37.596    37.584 10 56554.15414583 55.547
 193 123.907011  66.011812    38.795    39.139 10 56564.06978898 31.838
 194 123.903772  66.014500    36.397    36.188 10 56573.98543010 37.852
 195 123.904719  66.015821    35.865    35.864 10 56583.90106908 45.288
 196 123.907770  66.015064    35.296    35.271 10 56593.81670367 37.955
 197 123.902338  66.013517    34.702    34.717 10 56603.73235652 27.212
 198 123.906476  66.012237    35.592    35.599 10 56613.64800561 25.549
 199 123.907875  66.012661    35.490    35.478 10 56623.56365034 21.248
 200 123.904457  66.013570    36.765    37.243 10 56633.47929178 20.807
 201 123.903276  66.013720    36.884    37.322 10 56643.39492875 19.870
 202 123.906235  66.011856    37.213    37.401 10 56653.31058049 16.300
 203 123.907588  66.009754    37.210    37.440 10 56663.22622980 17.099
 204 123.904499  66.009046    37.895    37.862 10 56673.14187592 17.015
 205 123.906418  66.010396    38.320    38.490 10 56683.05752106 15.140
 206 123.903240  66.012439    37.966    38.039 10 56692.97316363 15.957
 207 123.903746  66.013481    38.593    38.747 10 56702.88880238 14.262
 208 123.907592  66.012440    39.675    39.413 10 56712.80443634 13.509
 209 123.906601  66.011024    39.011    38.900 10 56722.72008369 14.270
 210 123.903471  66.010731    39.959    39.659 10 56732.63573445 12.922
 211 123.904277  66.012395    39.880    39.982 10 56742.55138198 12.482
 212 123.906306  66.014572    39.337    39.111 10 56752.46702526 11.887
 213 123.906627  66.015738    37.754    37.747 10 56762.38266315 19.915
 214 123.906516  66.015164    36.995    37.319 10 56772.29829415 30.569
 215 123.903157  66.013532    35.365    35.372 10 56782.21395158 30.775
 216 123.906596  66.012197    40.317    40.272 10 56792.12960621 36.876
 217 123.906115  66.012218    41.891    41.882 10 56802.04525757 54.790
 218 123.904729  66.012919    41.306    41.266 10 56811.96090135 24.555
 219 123.907765  66.012774    39.678    39.648 10 56821.87654148 53.722
 220 123.904152  66.011828    40.940    41.337 10 56831.79217684 24.612
 221 123.906676  66.010362    40.512    41.174 10 56841.70780941 21.621
 222 123.902792  66.010199    37.819    37.824 10 56851.62344701 44.240
 223 123.902600  66.011074    40.688    40.915 10 56861.53910129 22.053
 224 123.905948  66.012377    37.444    37.465 10 56871.45475524 55.116
 225 123.903755  66.013036    40.728    40.680 10 56881.37040577 20.807
 226 123.906919  66.012375    40.351    40.479 10 56891.28605313 22.937
 227 123.904496  66.011482    39.954    39.948 10 56901.20169704 23.750
 228 123.902716  66.011852    40.469    40.579 10 56911.11733901 25.125
 229 123.903337  66.013150    38.488    38.847 10 56921.03297959 26.964
 230 123.904261  66.014833    40.671    40.735 10 56930.94861803 30.578
 231 123.906836  66.015366    39.493    39.664 10 56940.86425162 31.514
 232 123.905369  66.014822    35.650    35.699 11 56950.77989130 39.890
 233 123.905839  66.013392    33.954    33.929 10 56960.69554303 41.025
 234 123.901974  66.012753    34.371    34.431 10 56970.61118934 30.171
 235 123.908123  66.012440    35.147    35.126 10 56980.52683257 27.095
 236 123.906986  66.012697    35.404    35.407 10 56990.44247071 22.906
 237 123.903147  66.012617    35.897    35.535 10 57000.35810227 22.365
 238 123.904951  66.011563    35.418    35.433 10 57010.27375761 22.190
 239 123.907315  66.010441    35.851    35.579 10 57020.18940994 18.441
 240 123.904277  66.010575    36.336    36.461 10 57030.10505880 18.114
 241 123.903305  66.011375    37.195    36.947 10 57040.02070609 16.679
 242 123.905010  66.012310    37.314    37.248 10 57049.93635144 16.490
 243 123.906198  66.012619    37.014    37.009 10 57059.85199272 15.433
 244 123.907347  66.012428    37.539    37.260 10 57069.76762834 15.126
 245 123.904789  66.012540    39.277    39.553 10 57079.68325927 14.038
 246 123.904757  66.013294    37.943    38.012 10 57089.59889752 14.408
 247 123.904267  66.014400    38.697    38.912 10 57099.51455548 12.887
 248 123.902908  66.015241    39.091    39.145 10 57109.43021035 12.819
 249 123.906392  66.014723    39.078    39.123 10 57119.34586031 12.896
 250 123.903574  66.013739    38.410    38.750 10 57129.26150374 12.852
