# NaN NaN NaN ;Mean Elev.(m), Avg Gradient(m/km), RMS Gradient(m/km) - SRTM1     
#  126.357 -14.236  20.722 ;Mean Elev.(m), Avg Gradient(m/km), RMS Gradient(m/km) - ASTER GDEM
#  138.356  -5.133  22.234 ;Mean Elev.(m), Avg Gradient(m/km), RMS Gradient(m/km) - GMTED2010 
   1 119.176897  60.061782   139.694   139.785  3 54661.36291823 17.260
   2 119.174372  60.061939   132.752   132.703  3 54671.27856328 48.725
   4 119.176712  60.063134   132.904   132.916  4 54691.10984988 50.261
   8 119.172701  60.058664   139.811   139.912  3 54730.77243708 21.149
  10 119.170440  60.058283   139.752   139.660  3 54750.60373062 24.626
  11 119.171357  60.058379   131.728   130.978  3 54760.51937731 49.434
  12 119.171673  60.058218   130.006   129.927  3 54770.43502160 50.590
  13 119.169945  60.058572   129.887   129.913  3 54780.35066239 38.143
  14 119.170964  60.057928   136.441   139.324  3 54790.26630107 26.148
  15 119.172417  60.058303   139.489   139.666  3 54800.18193867 21.264
  17 119.174343  60.061764   139.534   139.654  3 54820.01321517 17.747
  18 119.176212  60.060901   139.660   139.646  3 54829.92886786 14.156
  19 119.172330  60.061562   139.973   139.965  3 54839.84450630 14.050
  20 119.174628  60.059983   139.834   139.746  3 54849.76015580 13.750
  21 119.174298  60.060330   139.910   139.920  3 54859.67580427 12.829
  22 119.172243  60.061566   140.122   140.184  3 54869.59145255 11.858
  23 119.173763  60.060364   140.030   140.219  3 54879.50710036 11.223
  24 119.171658  60.059464   140.061   140.023  3 54889.42274466 12.135
  25 119.168782  60.058221   140.378   140.390  3 54899.33838579 12.162
  26 119.169060  60.057314   140.195   140.195  2 54909.25402495 12.517
  27 119.170219  60.058036   140.216   140.225  3 54919.16966278 12.328
  30 119.173189  60.059535   130.334   130.309  3 54948.91657233 40.978
  31 119.173051  60.059307   137.301   137.354  3 54958.83220962 38.026
  32 119.169922  60.060116   132.680   132.639  3 54968.74785779 46.240
  33 119.171790  60.060216   134.938   134.892  3 54978.66350530 49.425
  35 119.172265  60.060814   137.266   137.302  3 54998.49479987 31.270
  36 119.174176  60.059945   139.863   139.873  3 55008.41044573 20.703
  37 119.173582  60.060362   133.831   133.881  3 55018.32608933 50.586
  38 119.172606  60.061659   133.022   132.978  3 55028.24173147 44.198
  39 119.175714  60.061773   132.278   132.282  3 55038.15737368 38.566
  40 119.177256  60.062334   131.990   132.002  3 55048.07301459 43.639
  41 119.175974  60.062522   131.402   131.391  3 55057.98865332 35.472
  42 119.172520  60.061926   134.773   134.470  3 55067.90429119 46.809
  43 119.170899  60.059239   140.054   140.108  3 55077.81994159 20.894
  44 119.168757  60.058572   133.411   133.438  3 55087.73558919 36.645
  45 119.169985  60.058668   132.510   132.440  3 55097.65123535 47.124
  46 119.171044  60.059474   139.973   139.973  2 55107.56688090 23.340
  47 119.172441  60.058791   131.492   131.500  3 55117.48252594 50.340
  48 119.169590  60.058239   131.044   131.044  2 55127.39816829 48.296
  49 119.168611  60.057204   130.166   130.117  3 55137.31380866 41.511
  50 119.169250  60.057609   139.662   139.848  3 55147.22944725 27.895
  51 119.173167  60.058976   139.609   139.696  3 55157.14508543 23.705
  52 119.172877  60.061821   139.765   139.752  3 55167.06072304 23.244
  53 119.177158  60.061725   139.216   139.307  3 55176.97636103 23.071
  54 119.174044  60.062174   139.708   139.664  3 55186.89200399 22.235
  55 119.173004  60.061042   139.763   139.694  3 55196.80765508 20.579
  56 119.171770  60.061362   139.949   139.920  3 55206.72330472 19.382
  57 119.173008  60.062023   139.900   139.945  3 55216.63895388 19.099
  58 119.173766  60.061897   139.854   139.807  3 55226.55460244 17.842
  59 119.171929  60.060707   140.067   140.046  3 55236.47024839 16.432
  60 119.171472  60.057826   139.895   139.741  3 55246.38589130 16.596
  61 119.166365  60.057253   140.412   140.515  3 55256.30153090 16.547
  62 119.166942  60.057301   140.432   140.458  3 55266.21716985 15.534
  63 119.170389  60.058689   140.235   140.332  3 55276.13280825 16.446
  64 119.173105  60.060260   140.371   140.390  3 55286.04844562 15.540
  65 119.174612  60.060394   140.069   140.304  3 55295.96408101 14.569
  67 119.168533  60.058096   129.981   130.031  3 55315.79536778 43.434
  68 119.168562  60.058309   468.302   468.216  3 55325.71101325 12.935
  69 119.173230  60.059017   136.879   136.869  3 55335.62665782 51.587
  70 119.173797  60.061107   133.620   133.579  3 55345.54230140 39.121
  71 119.175031  60.061113   134.340   134.324  3 55355.45794425 45.936
  72 119.172593  60.061504   132.388   132.345  3 55365.37358472 36.779
  73 119.173620  60.060868   132.002   132.002  2 55375.28922414 44.439
  74 119.176828  60.060946   135.468   135.515  3 55385.20486267 51.380
  75 119.175119  60.063481   131.649   131.490  3 55395.12049961 35.464
  76 119.176379  60.064339   139.782   139.828  3 55405.03613918 20.042
  77 119.176237  60.061970   133.366   133.348  3 55414.95179106 48.854
  78 119.171839  60.059743   139.968   140.000  3 55424.86743940 19.837
  79 119.170080  60.057274   133.161   133.161  3 55434.78308532 49.601
  80 119.167963  60.057564   140.255   140.255  2 55444.69872930 21.080
  81 119.169079  60.058897   132.070   131.868  3 55454.61437231 47.275
  82 119.172179  60.060150   131.159   131.159  2 55464.53001472 48.897
  83 119.174115  60.060026   130.703   130.749  3 55474.44565455 43.034
  84 119.170678  60.059927   139.917   139.963  3 55484.36129096 25.818
  85 119.169897  60.058591   129.946   129.946  2 55494.27692572 45.229
  86 119.170989  60.059398   130.113   130.134  3 55504.19255940 40.645
  87 119.174335  60.060059   129.919   129.861  3 55514.10820867 34.432
  88 119.175429  60.061824   139.211   139.295  3 55524.02385826 25.935
  89 119.174818  60.062323   139.674   139.652  3 55533.93950611 22.117
  90 119.174680  60.060832   135.140   137.419  3 55543.85515239 16.705
  91 119.171501  60.060674   135.171   137.494  3 55553.77079623 18.319
  92 119.172410  60.060519   137.236   137.331  3 55563.68643926 16.397
  93 119.175298  60.060874   133.537   137.449  3 55573.60208175 15.377
  94 119.173198  60.062287   132.262   129.787  3 55583.51772221 13.965
  95 119.174935  60.060692   134.472   136.560  3 55593.43336003 13.674
  96 119.172956  60.059790   132.208   135.901  3 55603.34899410 11.648
  97 119.170371  60.060141   130.061   128.899  3 55613.26462594 11.560
  98 119.171063  60.060823   131.208   129.310  3 55623.18026246 10.720
  99 119.174276  60.060055   125.639   124.862  3 55633.09591582 10.846
 100 119.174463  60.060367   130.171   129.048  3 55643.01156652  9.827
 101 119.173125  60.060238   131.561   129.548  3 55652.92721427  8.381
 102 119.170656  60.059208   139.982   140.200  3 55662.84285772 13.293
 103 119.169516  60.058340   129.453   129.453  2 55672.75849818 29.953
 104 119.169658  60.058921   131.430   131.452  3 55682.67413698 35.164
 105 119.173284  60.060546   134.742   134.727  3 55692.58977441 49.406
 106 119.174507  60.063422   133.608   133.873  3 55702.50540986 45.262
 107 119.177807  60.063245   132.683   132.583  3 55712.42105322 37.358
 108 119.177341  60.061898   135.909   134.885  3 55722.33670275 31.059
 109 119.172996  60.062065   139.950   139.939  3 55732.25234976 24.734
 110 119.173227  60.061411   139.957   140.153  3 55742.16799611 20.943
 111 119.174330  60.061020   139.955   140.104  3 55752.08364126 19.912
 112 119.175339  60.060523   131.119   131.102  3 55761.99928413 43.499
 113 119.172246  60.060896   133.405   133.357  3 55771.91492367 49.187
 114 119.172090  60.059468   134.335   134.367  3 55781.83056018 50.668
 115 119.171809  60.059492   133.142   133.142  2 55791.74619379 44.964
 116 119.174827  60.060021   139.809   139.856  3 55801.66182673 18.148
 117 119.172919  60.061237   134.063   132.079  3 55811.57747639 27.061
 118 119.175224  60.060687   139.688   139.801  3 55821.49312510 20.152
 119 119.173567  60.060973   131.134   131.134  2 55831.40876857 26.573
 120 119.172398  60.060450   130.926   131.003  3 55841.32440766 42.473
 121 119.171087  60.060620   130.885   130.885  3 55851.24004367 34.445
 122 119.172386  60.061859   139.763   139.662  3 55861.15567782 25.661
 123 119.174053  60.061876   130.525   130.619  3 55871.07133098 37.790
 133 119.172091  60.058199   139.959   140.044  3 55970.22777131 14.442
 134 119.174338  60.059502   139.719   139.698  3 55980.14340775 12.252
 135 119.175871  60.060779   139.383   139.205  3 55990.05904323 12.994
 136 119.175941  60.060495   140.125   140.203  3 55999.97468726 10.736
 137 119.172100  60.059882   140.041   139.635  3 56009.89033784 11.910
 138 119.171107  60.059017   140.078   140.128  3 56019.80598460 10.434
 139 119.170850  60.059137   140.751   140.755  3 56029.72162823  9.451
 141 119.174192  60.061230   136.999   139.589  3 56049.55290959 14.506
 142 119.177183  60.061977   316.071   316.071  2 56059.46854670  1.125
 143 119.177252  60.063111   136.216   136.141  3 56069.38418138 46.174
 144 119.175674  60.062295   135.854   135.655  4 56079.29983237 44.803
 145 119.174254  60.061918   139.332   139.587  3 56089.21548067 31.198
 146 119.175282  60.061604   139.228   139.417  3 56099.13112674 25.137
 147 119.173481  60.061838   135.715   135.748  3 56109.04675857 49.796
 148 119.172278  60.060994   140.128   140.098  3 56118.96239925 18.665
 149 119.171799  60.059871   135.363   135.363  2 56128.87803637 37.473
 150 119.171740  60.059692   136.348   136.348  2 56138.79366995 49.010
 151 119.171889  60.059766   132.648   132.648  2 56148.70931810 36.913
 152 119.174870  60.059890   132.512   132.489  3 56158.62496731 49.440
 153 119.172513  60.061396   132.127   131.972  3 56168.54061467 46.492
 154 119.171710  60.060611   132.001   132.055  3 56178.45625944 39.936
 155 119.169486  60.060009   140.387   140.483  3 56188.37189964 21.341
 156 119.171703  60.058934   131.019   130.919  3 56198.28753699 47.610
 157 119.171688  60.061252   131.774   131.720  3 56208.20317092 44.504
 158 119.177116  60.062815   130.598   130.539  3 56218.11880388 42.903
 159 119.176667  60.064518   129.988   130.008  3 56228.03444863 39.247
 160 119.175587  60.063622   133.227   130.255  3 56237.95010302 33.540
 161 119.175931  60.061529   139.538   139.757  3 56247.86575381 21.056
 162 119.172563  60.061731   139.065   139.309  3 56257.78139894 24.440
 163 119.174005  60.061847   139.524   139.525  3 56267.69704116 22.039
 164 119.174523  60.062553   139.779   139.826  3 56277.61268147 17.706
 165 119.176727  60.060916   138.944   138.604  3 56287.52833009 20.342
 166 119.171966  60.059977   139.872   139.916  3 56297.44397894 16.392
 167 119.169408  60.058016   140.198   140.231  3 56307.35962419 15.434
 168 119.169217  60.056966   140.041   140.116  3 56317.27526683 14.975
 169 119.169126  60.058817   140.197   140.180  3 56327.19090771 12.766
 170 119.174603  60.059747   139.988   140.005  3 56337.10654827 12.439
 171 119.174961  60.061600   139.867   139.891  3 56347.02218664 14.095
 172 119.172938  60.062069   140.231   140.443  3 56356.93782242 12.545
 173 119.172798  60.059009   139.958   139.994  3 56366.85347112 10.409
 177 119.176100  60.062550   139.879   140.015  3 56406.51604980 14.788
 178 119.174822  60.063582   470.711   469.713  3 56416.43168719 10.192
 179 119.174368  60.063452   142.322   142.368  3 56426.34732010 54.551
 180 119.175697  60.060815   139.511   139.373  3 56436.26297085 27.607
 181 119.173060  60.060798   139.413   139.172  3 56446.17862240 27.361
 182 119.175179  60.060544   134.060   134.031  3 56456.09427212 41.150
 183 119.174061  60.060611   132.658   132.342  3 56466.00991843 32.676
 184 119.170436  60.060246   132.459   132.545  3 56475.92556068 39.839
 185 119.169021  60.058692   133.606   133.647  3 56485.84119973 49.009
 187 119.171621  60.060069   139.902   139.908  3 56505.67247017 21.528
 188 119.175929  60.062795   133.655   133.590  3 56515.58810303 49.941
 189 119.177584  60.062361   134.085   134.110  3 56525.50375740 30.426
 190 119.173778  60.061835   136.369   136.484  3 56535.41940772 17.411
 192 119.170238  60.058863   130.533   130.464  3 56555.25069882 38.402
 193 119.172564  60.059747   140.111   140.154  3 56565.16634172 20.090
 194 119.173913  60.062629   129.919   129.903  3 56575.08198298 39.182
 195 119.179219  60.063360   129.789   129.525  3 56584.99762196 49.161
 196 119.176719  60.064954   129.310   129.329  3 56594.91325780 39.352
 197 119.174647  60.062489   129.565   129.586  3 56604.82891089 29.688
 198 119.175170  60.059958   129.327   129.340  3 56614.74455935 26.837
 199 119.171630  60.061339   135.803   138.484  3 56624.66020306 26.023
 200 119.172349  60.062041   136.001   138.992  3 56634.57584440 22.552
 201 119.173518  60.062856   129.885   129.895  3 56644.49148138 22.760
 202 119.174191  60.060067   132.816   129.889  3 56654.40713460 21.340
 203 119.169568  60.058978   136.391   139.316  3 56664.32278289 20.160
 205 119.169063  60.058877   140.183   140.299  3 56684.15407374 13.845
 206 119.172403  60.060147   139.909   139.889  3 56694.06971675 13.368
 207 119.175604  60.061376   139.891   140.020  3 56703.98535540 11.565
 208 119.175442  60.062033   139.931   139.882  3 56713.90098846 12.686
 210 119.172233  60.058379   140.042   139.960  3 56733.73228894 11.510
 211 119.173544  60.059060   134.638   136.451  3 56743.64793598 10.321
 212 119.175369  60.061380   140.318   140.404  3 56753.56357849  9.394
 213 119.177110  60.063446   133.358   129.810  3 56763.47921562 23.619
 214 119.178664  60.063571   313.426   313.426  2 56773.39484927  0.869
 215 119.174073  60.061669   133.179   133.154  3 56783.31050650 42.059
 216 119.170620  60.060171   133.762   133.790  3 56793.22616020 45.788
 217 119.170995  60.058852   133.006   132.971  3 56803.14181143 41.676
 218 119.170689  60.059707   139.305   139.885  3 56813.05745447 23.573
 219 119.172322  60.059564   134.839   134.822  3 56822.97309430 47.961
 221 119.173097  60.059478   132.108   131.926  3 56842.80436187 50.256
 222 119.171529  60.060281   131.625   131.658  3 56852.72000202 39.255
 223 119.171985  60.059807   130.428   130.428  2 56862.63565613 48.565
 224 119.171991  60.060281   130.785   130.742  3 56872.55130948 48.215
 225 119.170804  60.060763   131.605   131.381  3 56882.46695961 49.221
 226 119.173235  60.059242   131.724   131.479  3 56892.38260678 28.838
 227 119.171655  60.058680   135.059   132.900  3 56902.29825040 25.839
 228 119.171511  60.058810   140.018   140.041  3 56912.21389221 20.087
 229 119.171960  60.060293   134.332   131.867  3 56922.12953237 25.548
 230 119.176310  60.061468   131.216   131.232  3 56932.04517070 49.619
 231 119.175650  60.064065   139.487   139.585  3 56941.96080319 26.324
 232 119.175618  60.063813   129.458   129.446  3 56951.87644588 41.017
 233 119.174101  60.061813   129.391   129.451  3 56961.79209714 37.399
 234 119.173315  60.060556   132.552   129.171  3 56971.70774335 25.092
 235 119.172376  60.060982   139.410   139.183  3 56981.62338517 19.985
 236 119.175051  60.060952   139.321   139.226  3 56991.53902287 16.943
 237 119.175689  60.061835   139.321   139.496  3 57001.45465467 18.262
 238 119.171023  60.060931   139.837   139.801  3 57011.37031179 17.785
 239 119.172504  60.058500   139.788   139.929  3 57021.28596389 15.445
 240 119.170506  60.059187   140.402   140.375  3 57031.20161251 15.805
 241 119.171074  60.059843   140.058   140.004  3 57041.11725954 14.619
 242 119.170964  60.061021   140.334   140.058  3 57051.03290437 13.342
 243 119.175089  60.060071   139.847   140.052  3 57060.94854570 12.636
 244 119.172302  60.061728   139.902   139.875  3 57070.86418047 13.718
 245 119.174299  60.062179   139.880   139.746  3 57080.77981149 12.405
 246 119.177165  60.062199   140.044   139.840  3 57090.69545317 10.608
 247 119.177047  60.062122   139.694   139.924  3 57100.61111077  9.351
 248 119.174634  60.062964   129.735   129.743  3 57110.52676488 19.445
 249 119.176271  60.061619   129.058   129.105  3 57120.44241402 17.684
 250 119.173155  60.061434   129.282   129.221  3 57130.35805680 18.603
