# NaN NaN NaN ;Mean Elev.(m), Avg Gradient(m/km), RMS Gradient(m/km) - SRTM1     
#  106.421     NaN     NaN ;Mean Elev.(m), Avg Gradient(m/km), RMS Gradient(m/km) - ASTER GDEM
#   84.000  -6.545  21.037 ;Mean Elev.(m), Avg Gradient(m/km), RMS Gradient(m/km) - GMTED2010 
   1 127.809894  61.185317    98.914    98.603  7 54668.06975788 27.766
   2 127.791397  61.180658   281.982   281.982  2 54677.98539996  0.291
   6 127.812091  61.185997   277.232   276.344  7 54717.64798026  5.420
   7 127.819737  61.186920    12.006    12.035  5 54727.56363033  6.127
   8 127.815737  61.186033   274.300   274.803  6 54737.47927757  1.281
  10 127.794716  61.183107   100.654   100.368 11 54757.31056984 21.665
  11 127.797521  61.183796    97.783    97.425 10 54767.22621530 34.602
  12 127.809161  61.185177    96.948    96.940  8 54777.14185837 44.031
  13 127.822660  61.187238    96.753    96.761  6 54787.05749925 36.379
  14 127.822533  61.186684    96.796    96.853  5 54796.97313738 31.088
  17 127.807291  61.185244    97.558    97.544  8 54826.72005945 21.103
  18 127.800419  61.183607    97.542    97.533  9 54836.63569774 19.099
  19 127.795292  61.183212    97.498    97.496 11 54846.55134669 17.963
  20 127.789379  61.182730    97.404    97.424 11 54856.46699500 16.584
  21 127.780216  61.181303    97.385    97.369 11 54866.38264294 16.834
  22 127.778635  61.180973    97.314    97.327 11 54876.29829121 16.237
  23 127.786913  61.182248    97.283    97.320 11 54886.21393763 15.745
  24 127.797396  61.183456    97.382    97.285 10 54896.12958079 14.164
  25 127.804960  61.184407    97.719    97.715  8 54906.04522093 13.165
  26 127.807685  61.184991    97.253    97.168  7 54915.96085935 12.948
  27 127.803453  61.184060    98.116    97.883  8 54925.87649666 11.730
  28 127.807685  61.185336    98.414    98.098  8 54935.79213433 11.815
  29 127.813958  61.185941    97.793    97.819  6 54945.70777018 31.541
  30 127.825860  61.187009    99.301    99.297  5 54955.62340407 39.512
  31 127.828042  61.187135   288.851   288.558  6 54965.53905190  1.913
  32 127.823653  61.186710   101.340   101.251  5 54975.45469939 24.643
  33 127.814214  61.185737   102.453   102.457  6 54985.37034622 54.367
  34 127.809748  61.185987   216.212   216.056  4 54995.28599365  0.327
  35 127.801697  61.184326   101.692   101.676  9 55005.20163905 32.858
  36 127.797028  61.183306   101.122   101.247  9 55015.11728261 26.353
  37 127.794201  61.182869   100.038   100.163 11 55025.03292497 26.022
  38 127.790899  61.182850    98.967    98.988 11 55034.94856675 38.398
  39 127.789172  61.182387    98.053    98.062 11 55044.86420785 39.837
  40 127.798020  61.183580    98.913    98.888  9 55054.77984836 37.728
  41 127.815431  61.186323    99.674    99.600  6 55064.69548759 42.485
  42 127.821063  61.187143    99.723    99.693  5 55074.61113527 35.918
  43 127.816140  61.186062    98.558    98.565  6 55084.52678263 29.812
  44 127.809259  61.185298    99.702    99.636  7 55094.44242833 28.979
  45 127.804776  61.184761    98.772    98.743  9 55104.35807420 33.460
  46 127.804142  61.184634   100.646   100.733  8 55114.27372025 24.706
  47 127.810225  61.185547    99.996   100.640  7 55124.18936460 25.358
  48 127.815520  61.186068    97.213    97.194  6 55134.10500600 42.106
  49 127.819978  61.186853    97.433    97.452  6 55144.02064516 34.880
  50 127.816873  61.186394    97.237    97.243  6 55153.93628276 29.088
  51 127.813490  61.185988    97.492    97.502  6 55163.85192065 24.945
  52 127.809803  61.185152    97.953    97.709  7 55173.76755820 20.892
  53 127.814417  61.186189   198.336   197.868  7 55183.68319689  2.713
  54 127.807181  61.185181    97.851    97.855  8 55193.59884725 18.772
  55 127.794794  61.183174    97.681    97.681 10 55203.51449581 18.896
  56 127.784255  61.181623    97.522    97.551 11 55213.43014399 18.985
  57 127.785524  61.182497    97.432    97.426 11 55223.34579312 17.254
  58 127.790283  61.182609    97.308    97.333 10 55233.26144097 17.911
  59 127.804321  61.184506    97.205    97.189  8 55243.17708667 16.088
  60 127.813711  61.186013    97.232    97.174  7 55253.09272864 15.824
  61 127.810784  61.185474    97.248    97.248  7 55263.00836704 16.356
  62 127.803437  61.184446    97.213    97.197  8 55272.92400394 15.879
  63 127.803490  61.184450    97.148    97.136  9 55282.83964132 15.898
  64 127.814794  61.186140    97.382    97.332  6 55292.75527868 10.709
  65 127.825945  61.187057    98.309    98.285  6 55302.67091542 22.838
  66 127.827327  61.187102   100.668   100.693  6 55312.58656313 22.755
  67 127.822997  61.186968   283.705   283.883  6 55322.50220809  8.939
  68 127.814202  61.186239   279.929   279.649  7 55332.41785142  6.147
  69 127.802441  61.184073   278.302   277.743  9 55342.33349429  3.923
  70 127.802158  61.184078    99.990    99.863  8 55352.24913823 31.814
  71 127.805086  61.184529   100.412   100.357  8 55362.16478033 28.650
  72 127.806737  61.185165   100.627   100.692  8 55372.08042029 26.028
  74 127.794464  61.182829    99.737    99.726 10 55391.91169464 35.800
  75 127.802874  61.184607   100.103   100.079  9 55401.82733169 26.671
  76 127.812153  61.185976    99.816    99.321  7 55411.74298293 24.170
  77 127.822403  61.187125    98.927    98.735  6 55421.65863354 26.736
  78 127.825107  61.187109    99.026    99.148  6 55431.57428054 25.558
  79 127.817584  61.186460    99.818    99.646  5 55441.48992445 24.088
  80 127.804676  61.184575    98.416    98.426  8 55451.40556626 35.059
  81 127.801314  61.184325   101.139   101.261  9 55461.32120847 22.619
  82 127.810648  61.185564    97.584    97.558  8 55471.23685067 37.464
  83 127.823796  61.187143    97.158    97.042  6 55481.15249032 54.545
  84 127.827754  61.186639    97.133    97.147  6 55491.06812643 44.923
  85 127.827097  61.186837    97.023    97.058  6 55500.98376015 46.210
  86 127.819722  61.187060    97.124    97.105  5 55510.89940253 35.195
  87 127.803203  61.184191    97.256    97.297  9 55520.81505029 31.521
  88 127.798809  61.183577    96.980    97.016 10 55530.73069833 28.106
  89 127.799667  61.183455    96.658    96.563  9 55540.64634528 26.006
  90 127.802654  61.184367    96.685    96.679  9 55550.56199044 22.617
  91 127.795442  61.183312    97.028    97.041 10 55560.47763291 21.026
  92 127.788730  61.182561    98.019    98.141 10 55570.39327469 18.077
  93 127.790203  61.182761    97.276    96.979 11 55580.30891633 17.327
  94 127.804756  61.184624    96.921    96.962  8 55590.22455652 17.322
  95 127.823375  61.186577    98.140    98.094  6 55600.14019395 15.531
  96 127.832672  61.187103    97.566    97.386  6 55610.05582800 15.241
  97 127.831066  61.186984    98.265    98.223  6 55619.97145954 14.353
  98 127.818636  61.186684    99.072    99.350  5 55629.88710894 13.142
  99 127.808183  61.185152    99.139    99.591  8 55639.80275861 12.051
 100 127.814643  61.186160   100.178   100.187  7 55649.71840770 10.659
 101 127.825217  61.187159    99.808    99.829  5 55659.63405386 10.762
 102 127.827778  61.187050    96.628    96.349  5 55669.54969558 19.219
 103 127.823182  61.187018   284.244   288.097  5 55679.46533463  9.566
 104 127.811907  61.185643   290.455   291.267  7 55689.38097104  1.932
 105 127.805977  61.184858    99.693    99.684  7 55699.29660654 51.436
 106 127.808946  61.185174    98.668    98.596  7 55709.21224485 36.143
 107 127.809267  61.185099   100.997   101.089  7 55719.12789549 24.568
 108 127.807451  61.185018    99.940    99.922  7 55729.04354349 36.376
 109 127.800873  61.184027   100.815   100.929  9 55738.95918946 24.474
 110 127.793273  61.182729   100.598   100.796 10 55748.87483403 23.204
 111 127.795943  61.183319    97.905    98.078 10 55758.79047741 46.400
 112 127.809123  61.185517    98.385    98.275  8 55768.70611917 26.616
 113 127.823119  61.186995   100.084   100.094  5 55778.62175775 55.777
 114 127.832731  61.187959   100.154    99.988  5 55788.53739340 54.367
 115 127.828640  61.186683    99.460    99.375  6 55798.45302629 24.900
 116 127.821939  61.186823    99.499    99.806  5 55808.36867073 23.646
 117 127.814485  61.186306    98.509    98.499  7 55818.28431909 53.775
 118 127.817405  61.186401   100.334   100.425  5 55828.19996446 22.373
 119 127.824269  61.186432    99.222    99.142  6 55838.11560578 25.166
 120 127.829519  61.186591    98.567    98.437  6 55848.03124385 26.432
 121 127.828538  61.187032    99.435    99.745  6 55857.94687911 23.578
 122 127.818513  61.186908    97.519    97.517  6 55867.86252430 47.817
 123 127.799993  61.183727    98.162    97.883  9 55877.77817400 23.807
 133 127.822144  61.187049    98.710    99.109  5 55976.93460642 12.926
 134 127.819634  61.186917    99.179    99.248  6 55986.85024229 11.745
 135 127.820156  61.186830    99.789    99.687  6 55996.76587996 11.958
 136 127.820094  61.186680    99.875    99.917  5 56006.68153132 10.723
 137 127.824079  61.187192    99.812    99.846  5 56016.59717905 10.636
 139 127.814370  61.186263   103.717   103.786  7 56036.42846535 15.873
 141 127.801940  61.184374   283.319   282.995  9 56056.25974298 12.459
 142 127.806919  61.184973   286.010   287.310  8 56066.17537741  3.539
 143 127.804159  61.184115   101.903   101.939  8 56076.09102408 25.907
 144 127.802630  61.184522   102.336   102.317  9 56086.00667315 52.700
 145 127.797860  61.183392   101.555   101.520 10 56095.92231928 50.942
 146 127.800992  61.184042   100.240   100.260  9 56105.83796419 33.738
 147 127.810781  61.185752   101.418   101.399  7 56115.75359537 33.271
 148 127.819516  61.186771    99.562    99.658  5 56125.66923421 26.065
 149 127.824786  61.186642   102.252   102.250  6 56135.58486867 48.249
 150 127.824397  61.186667   100.509   100.471  6 56145.50051085 52.557
 151 127.820963  61.187026   100.261   100.085  6 56155.41616049 25.181
 152 127.813370  61.185876   100.417   100.937  7 56165.33180860 25.568
 153 127.810953  61.185343   101.040   100.996  7 56175.24745505 20.598
 154 127.817170  61.186535   100.265   100.262  5 56185.16309739 21.920
 155 127.821363  61.186793    99.935   100.363  5 56195.07873561 22.519
 156 127.821143  61.186616    97.922    97.918  6 56204.99437038 29.903
 157 127.819755  61.186894    98.415    98.158  5 56214.91000354 32.172
 158 127.812310  61.185543    97.477    97.470  7 56224.82563979 49.164
 159 127.804523  61.184565    96.717    96.693  8 56234.74129456 44.926
 160 127.803706  61.184730    96.691    96.668  9 56244.65694619 43.039
 161 127.802234  61.184344    96.754    96.793  9 56254.57259275 38.344
 162 127.798004  61.183408    96.644    96.671 10 56264.48823490 33.478
 165 127.807287  61.184811    96.911    96.908  8 56294.23517276 23.524
 166 127.817188  61.186429    96.866    96.918  5 56304.15082077 22.701
 167 127.819171  61.186824    96.747    96.732  5 56314.06646395 21.537
 168 127.813286  61.186077    96.725    96.721  7 56323.98210414 20.154
 169 127.805421  61.184601    96.673    96.680  8 56333.89774332 19.530
 170 127.808250  61.184915    96.731    96.737  7 56343.81338302 17.896
 171 127.820027  61.186780    96.943    96.941  6 56353.72902141 16.073
 172 127.824506  61.187119    97.014    97.010  5 56363.64466498 15.012
 173 127.819633  61.186649    96.956    96.846  6 56373.56031341 14.843
 175 127.792702  61.182652   101.105   101.037 10 56393.39160082 14.505
 176 127.791145  61.182604   105.777   106.367 10 56403.30724310 14.556
 177 127.797516  61.183756   284.385   285.646 10 56413.22288338  6.109
 178 127.807936  61.185068   284.126   284.405  8 56423.13851905  0.992
 179 127.808149  61.185075   101.829   101.751  8 56433.05416231 26.291
 180 127.795984  61.182969   100.398   100.357 10 56442.96981330 33.641
 181 127.790527  61.182680   277.070   276.809 10 56452.88546255  6.905
 182 127.792382  61.182592    99.039   100.284 10 56462.80110986 25.945
 184 127.817899  61.186125   276.797   280.914  5 56482.63239688  3.356
 188 127.813977  61.185716   100.051   100.133  6 56522.29494852 24.702
 191 127.820001  61.187131   279.956   285.289  5 56552.04189577  2.476
 193 127.792729  61.183033   101.374   101.388 10 56571.87317696 27.629
 194 127.789893  61.182621    97.108    97.125 10 56581.78881636 38.548
 195 127.802656  61.184384    96.977    96.940  9 56591.70445315 50.761
 196 127.808537  61.185056    96.651    96.674  8 56601.62010309 44.078
 197 127.806575  61.184653    96.577    96.594  8 56611.53575259 31.051
 198 127.800250  61.184109    96.802    96.768  9 56621.45139722 29.959
 199 127.792903  61.182801    96.920    96.902 10 56631.36703871 24.933
 200 127.802033  61.184480    96.993    96.985  9 56641.28267811 23.767
 201 127.813289  61.185743    97.054    97.040  6 56651.19832741 21.700
 202 127.821400  61.186626    97.341    97.149  5 56661.11397858 18.624
 203 127.820927  61.186700    97.287    97.160  5 56671.02962556 17.731
 205 127.798355  61.183715    96.919    96.880  9 56690.86091113 16.450
 206 127.799825  61.183674    97.042    96.958  9 56700.77655077 14.307
 207 127.817273  61.186453    97.577    97.541  6 56710.69218743 13.406
 208 127.822329  61.186887    98.723    98.764  6 56720.60783085 12.938
 211 127.782707  61.181430    97.741    97.544 11 56750.35477067 12.269
 212 127.784685  61.181959    96.674    96.667 11 56760.27041003 33.183
 213 127.796792  61.183146   285.919   288.009 10 56770.18604390  8.833
 214 127.803559  61.184383   274.452   274.455  8 56780.10169662  2.836
 215 127.800529  61.183947   101.024   100.951 10 56790.01735151 54.790
 216 127.811612  61.189381    98.502    98.502  2 56799.93300509 45.865
 217 127.783764  61.181627    96.887    96.039 11 56809.84864694 25.598
 219 127.804703  61.184682   100.239   100.226  8 56829.67992571 35.127
 221 127.829005  61.187169    99.254    99.160  6 56849.51119468 50.598
 222 127.818759  61.186806    97.703    97.699  6 56859.42684829 52.031
 223 127.800098  61.183912   103.681   102.243  9 56869.34249995 21.175
 224 127.793591  61.183034   101.087   101.196 10 56879.25815061 22.384
 225 127.795869  61.182999   101.609   101.605 10 56889.17379871 17.814
 226 127.804168  61.184512    97.835    97.827  8 56899.08944477 37.245
 227 127.801658  61.184361   100.770   101.074  9 56909.00508726 23.187
 228 127.791014  61.182867    99.715    99.649 11 56918.92072694 31.012
 229 127.782438  61.181607   104.882   103.260 11 56928.83636474 19.684
 230 127.786927  61.182329   100.187   101.012 11 56938.75199959 27.261
 231 127.799756  61.183892    96.812    96.793  9 56948.66763540 47.131
 232 127.804248  61.184400    96.589    96.573  8 56958.58328879 45.816
 233 127.805082  61.184508    96.677    96.697  8 56968.49893663 37.463
 234 127.803150  61.184490    96.547    96.532  9 56978.41458034 28.953
 235 127.799180  61.183517    96.293    96.271  9 56988.33021931 26.653
 236 127.809190  61.185148    96.296    96.300  7 56998.24585373 23.433
 237 127.814363  61.185699    96.295    96.267  6 57008.16150362 23.448
 238 127.820324  61.186847    96.580    96.576  6 57018.07715754 19.688
 239 127.819785  61.187012    98.176    98.356  6 57027.99280738 16.144
 240 127.807881  61.184918    99.458    99.562  7 57037.90845412 14.302
 241 127.800346  61.184010    99.069    99.229  9 57047.82409886 14.034
 242 127.799154  61.183719    99.109    99.360  9 57057.73974047 12.795
 243 127.808567  61.185213    99.077    99.422  7 57067.65537772 12.759
 244 127.817953  61.186861    98.550    98.817  6 57077.57101072 13.192
 245 127.819736  61.186966    98.904    99.184  5 57087.48664324 13.236
 246 127.798823  61.183470    97.529    97.051  9 57097.40229966 11.935
 247 127.786822  61.182158    96.351    96.374 10 57107.31795429 16.505
 248 127.783566  61.181516    96.305    96.260 11 57117.23360487 11.723
 249 127.791507  61.182859    98.863    98.096 11 57127.14925047 15.759
 250 127.800301  61.184082   102.661   102.926  9 57137.06489067 20.661
