# NaN NaN NaN ;Mean Elev.(m), Avg Gradient(m/km), RMS Gradient(m/km) - SRTM1     
#   17.258  -3.085  12.045 ;Mean Elev.(m), Avg Gradient(m/km), RMS Gradient(m/km) - ASTER GDEM
#   23.103  -3.789  15.252 ;Mean Elev.(m), Avg Gradient(m/km), RMS Gradient(m/km) - GMTED2010 
   2 123.936120  66.108065   101.853   102.900  3 54673.14863901 24.101
   3 123.972857  66.108382     4.910     2.877  8 54683.06428587 17.528
   5 123.972482  66.108528     1.545    -0.308  8 54702.89556786 18.694
   7 123.972114  66.104852     5.734     7.118  9 54722.72686781 13.534
   9 123.970031  66.104839    38.679    38.581 10 54742.55816288 30.503
  10 123.969725  66.105614    83.740    83.696 10 54752.47380947 23.521
  11 123.971828  66.105399    82.269    82.057  9 54762.38945597 17.077
  12 123.970415  66.104055    81.519    81.092 10 54772.30509969 16.399
  13 123.970193  66.102951    35.236    35.145 10 54782.22074058 23.595
  17 123.975704  66.106234    35.663    35.546  8 54821.88329581 16.884
  18 123.981638  66.105602    35.784    35.634  7 54831.79894844 15.545
  19 123.982160  66.105577    35.519    35.578  5 54841.71458714 15.539
  20 123.974679  66.106795    35.527    35.281  8 54851.63023539 14.220
  21 123.972955  66.108401    35.663    35.434  8 54861.54588378 14.190
  22 123.972662  66.109135    35.778    35.536  8 54871.46153235 13.722
  23 123.970237  66.107974    35.584    35.412 10 54881.37717910 13.962
  24 123.971821  66.105375    35.463    35.178  9 54891.29282297 13.572
  25 123.969601  66.103294    35.767    35.728  9 54901.20846357 12.562
  26 123.970233  66.103407    36.328    36.418 10 54911.12410264 13.115
  27 123.972481  66.104978    35.646    35.217  9 54921.03974069 12.457
  28 123.973725  66.106138    35.901    35.653  8 54930.95537809 12.053
  29 123.970511  66.105524    37.531    36.909 10 54940.87101376 13.804
  30 123.975418  66.103621    80.938    81.771  9 54950.78664853 14.853
  31 123.991096  66.101897    39.421    39.387  4 54960.70229031 24.577
  33 123.937672  66.105597    92.263    87.698  4 54980.53358150 10.304
  34 123.972460  66.106289    93.316    93.143  8 54990.44923184  6.417
  35 123.982620  66.106165    40.928    40.872  5 55000.36487976 25.814
  36 123.982524  66.105871    40.184    40.048  5 55010.28052498 23.650
  37 123.990603  66.105446    39.487    39.514  3 55020.19616936 23.406
  38 123.984078  66.106595    39.050    39.121  6 55030.11181120 25.414
  39 123.983877  66.107958    37.673    36.895  5 55040.02745298 26.035
  40 123.971250  66.109028    36.666    35.834  8 55049.94309226 29.862
  41 123.996601  66.107236    37.428    37.428  2 55059.85873292 31.487
  42 123.996288  66.104676    36.970    36.970  2 55069.77437337 32.523
  43 123.981222  66.102755    39.332    39.507  6 55079.69002149 24.249
  44 123.971773  66.102805    97.420    97.318  9 55089.60566812 13.913
  45 123.971731  66.104450    85.527    85.322  9 55099.52131440 25.730
  46 123.981870  66.105890    38.620    38.705  6 55109.43696110 28.556
  47 123.994353  66.105291    36.675    36.743  3 55119.35260666 38.554
  48 123.970035  66.103779    83.492    83.728  9 55129.26824638 20.944
  49 123.969238  66.101899    34.472    34.349  9 55139.18388622 42.533
  50 123.970979  66.102227    34.118    34.080  9 55149.09952500 29.260
  51 123.972827  66.104532    34.833    34.817  9 55159.01516340 25.407
  52 123.972747  66.106714    34.830    34.859  9 55168.93080131 24.328
  53 123.974589  66.107291    35.045    34.994  8 55178.84643848 22.724
  54 123.974076  66.106355    35.137    35.090  8 55188.76208421 21.571
  55 123.973741  66.105899    35.139    35.140  8 55198.67773483 20.944
  56 123.974728  66.106619    35.083    34.874  9 55208.59338466 20.009
  57 123.974290  66.107991    34.753    34.645  8 55218.50903382 18.792
  58 123.973777  66.108185    34.769    34.599  8 55228.42468222 18.687
  59 123.973701  66.106796    34.725    34.386  8 55238.34032764 17.662
  60 123.970328  66.104382    34.646    34.505 10 55248.25596922 17.172
  61 123.969144  66.102654    35.241    34.709  9 55258.17160859 16.433
  62 123.969957  66.102807    35.140    34.709 10 55268.08724735 16.062
  63 123.971362  66.104475    34.927    34.807  9 55278.00288577 15.380
  64 123.974706  66.105637    35.087    34.559  9 55287.91852313 15.033
  65 123.970506  66.105547    35.156    34.463 10 55297.83415745 14.739
  66 123.971067  66.103736    36.232    36.315  9 55307.74979971 16.380
  67 123.970589  66.102294    37.332    36.456  9 55317.66544608 20.340
  68 123.969160  66.102646    83.896    82.295  9 55327.58109121 13.026
  69 123.967077  66.104657    83.585    84.014  9 55337.49673547 18.301
  70 123.971954  66.106505    88.779    88.528  9 55347.41237991 26.812
  71 123.941489  66.107963    98.506   103.471  3 55357.32801952  6.165
  72 123.994376  66.106392    38.372    38.372  2 55367.24366473 26.845
  75 123.983211  66.107244    39.177    38.754  5 55396.99057786 21.216
  78 123.975328  66.104183    38.257    37.308  9 55426.73751880 28.733
  79 123.975309  66.102773    83.713    83.678  9 55436.65316388 23.119
  80 123.984024  66.102720    38.963    39.156  6 55446.56880841 25.248
  82 123.994461  66.104856    37.067    37.085  3 55466.40009509 29.567
  83 123.971893  66.105152    37.708    37.243  9 55476.31573244 26.660
  84 123.971420  66.103831    34.885    34.886  9 55486.23136864 43.413
  85 123.971785  66.102659    33.945    34.027  9 55496.14700277 41.873
  86 123.971608  66.103304    34.330    34.341  9 55506.06263788 28.416
  87 123.971009  66.104975    33.789    33.816  9 55515.97828835 24.700
  88 123.986499  66.106294    34.339    34.380  5 55525.89393936 21.298
  89 123.970210  66.107293    34.550    34.574 10 55535.80958549 18.674
  90 123.977367  66.106852    34.400    34.378  7 55545.72523164 17.620
  91 123.983299  66.106551    34.158    34.170  5 55555.64087584 16.627
  92 123.972675  66.107152    34.280    34.276  9 55565.55651760 15.028
  93 123.972907  66.107279    34.447    34.353  8 55575.47215974 13.936
  94 123.982446  66.106177    34.069    34.015  6 55585.38780105 13.898
  95 123.970399  66.104981    34.571    34.386  9 55595.30343710 12.927
  96 123.969877  66.103781    34.522    34.190 10 55605.21907098 12.604
  97 123.972305  66.103465    34.799    34.299  9 55615.13470303 12.527
  98 123.971182  66.104157    34.730    34.429 10 55625.05034308 11.820
  99 123.971246  66.104716    34.615    34.496  9 55634.96599543 11.899
 100 123.970358  66.104771    34.824    34.655  9 55644.88164553 10.916
 101 123.969766  66.104212    35.209    34.852 10 55654.79729287 11.707
 102 123.974145  66.103381    34.971    34.656  9 55664.71293612 10.819
 103 123.975154  66.103264    95.756    97.313  8 55674.62857609  4.645
 105 123.977871  66.105399    84.865    83.151  8 55694.45985159 10.394
 106 123.970816  66.106718    89.265    89.141 10 55704.37548661 25.206
 107 123.984264  66.106709    39.888    39.964  6 55714.29113421 27.234
 108 123.994338  66.106429    39.541    39.530  3 55724.20678420 26.798
 109 123.984134  66.106881    39.901    40.021  5 55734.12243039 22.336
 110 123.948701  66.108060    84.994    85.511  3 55744.03807302  6.214
 111 123.973968  66.107175    37.698    37.714  9 55753.95371971 49.774
 112 123.939598  66.106658   100.634   109.123  3 55763.86935868  4.335
 113 123.952332  66.104630   105.858   104.787  4 55773.78499915 11.302
 114 123.936608  66.103861    97.671    97.671  2 55783.70063364  1.433
 115 123.970671  66.103645    37.497    37.499  9 55793.61627021 52.982
 116 123.969898  66.104983    82.975    82.559 10 55803.53190605 24.647
 117 123.979492  66.105358    39.065    39.665  7 55813.44755663 29.059
 120 123.994217  66.102547    36.786    36.786  2 55843.19448773 23.935
 121 123.974973  66.103789    83.157    82.923  9 55853.11012178 19.064
 122 123.970915  66.105646    81.926    81.898 10 55863.02575728 17.255
 123 123.990472  66.106331    35.520    35.466  3 55872.94141316 20.064
 133 123.972678  66.103488    36.878    36.462  9 55972.09784904 11.298
 134 123.971098  66.105485    37.396    37.520 10 55982.01348497 11.474
 135 123.971505  66.106108    36.190    36.182  9 55991.92911959 10.672
 136 123.975170  66.104946    36.769    36.453  9 56001.84476707 10.373
 137 123.970275  66.103207    37.502    37.318 10 56011.76041662 10.854
 138 123.969232  66.102727    36.742    36.744  9 56021.67606282 10.476
 139 123.972097  66.103966    36.547    36.222  9 56031.59170648 10.047
 141 123.974317  66.107564    36.335    35.990  8 56051.42298699  7.316
 142 123.972030  66.107697    80.383    80.755  8 56061.33862302 22.033
 143 123.972249  66.106698    90.349    90.227  9 56071.25426138 27.053
 144 123.993890  66.105665    41.013    41.044  3 56081.16991398 29.046
 145 123.971803  66.106747    89.157    87.216  8 56091.08555994 19.138
 146 123.983708  66.107480    40.010    39.978  5 56101.00120662 24.788
 147 123.982630  66.107222    39.261    39.461  6 56110.91683793 23.941
 149 123.980803  66.103017    40.056    40.316  6 56130.74811345 26.098
 150 123.979143  66.102123    39.877    39.882  6 56140.66374733 24.314
 151 123.970795  66.103598   106.237   104.891  9 56150.57939752 12.951
 152 123.935762  66.106573    91.727    85.895  3 56160.49504338  5.556
 153 123.996911  66.105967    37.974    37.974  2 56170.41069645 26.571
 154 123.984701  66.105020    39.291    39.381  6 56180.32633894 30.294
 155 123.994128  66.102926    36.896    36.896  2 56190.24197940 27.132
 156 123.983788  66.102535    37.971    38.144  6 56200.15761513 28.033
 157 123.970151  66.104549    83.528    83.287 10 56210.07324809 26.599
 158 123.969910  66.107119    36.072    36.065 10 56219.98888042 41.468
 159 123.973809  66.108601    34.601    34.604  8 56229.90453014 45.090
 160 123.969833  66.108228    35.196    35.180 10 56239.82018313 24.130
 161 123.969834  66.107037    34.730    34.705 10 56249.73583256 22.660
 162 123.974870  66.105995    35.260    35.214  9 56259.65147762 21.919
 163 123.972390  66.106509    35.196    35.192  9 56269.56711929 20.939
 164 123.972836  66.107164    35.264    35.102  8 56279.48275948 18.664
 165 123.974898  66.107145    35.091    34.942  8 56289.39841039 18.486
 166 123.972776  66.105477    34.947    34.798  8 56299.31405859 17.680
 167 123.971418  66.103284    34.716    34.605  9 56309.22970290 17.187
 168 123.970984  66.102235    34.861    34.651 10 56319.14534488 15.799
 169 123.969974  66.103525    34.766    34.542  9 56329.06098579 15.455
 170 123.970235  66.105611    34.760    34.762 10 56338.97662595 15.315
 171 123.974489  66.106647    35.161    34.731  8 56348.89226443 13.104
 172 123.969975  66.105800    35.690    35.435 10 56358.80789931 12.825
 173 123.969987  66.103881    35.477    35.267 10 56368.72355001 12.605
 175 123.975185  66.104748    35.901    35.555  9 56388.55484369 11.778
 176 123.972056  66.107296    35.513    35.384  8 56398.47048675 11.621
 177 123.974789  66.108712    36.907    36.668  8 56408.38612791 21.896
 178 123.973556  66.108427    93.501    95.431  8 56418.30176451 13.251
 179 123.940575  66.107941    96.498    97.556  5 56428.21739398 13.256
 180 123.938217  66.107032    92.938    84.050  3 56438.13304769  8.570
 181 123.995511  66.105700    40.015    40.015  2 56448.04870423 27.852
 182 123.974080  66.106804    86.518    87.198  9 56457.96435138 28.157
 183 123.973778  66.106451    39.198    38.802  8 56467.87999720 32.364
 184 123.994903  66.104711    38.116    38.116  2 56477.79564093 23.648
 187 123.982977  66.103823    39.767    39.768  6 56507.54254740 28.422
 188 123.983038  66.105453    39.985    39.957  5 56517.45818448 23.814
 189 123.975127  66.106254    99.899   100.420  9 56527.37383804 27.325
 192 123.997857  66.103827    37.057    37.057  2 56557.12077987 29.348
 193 123.973824  66.105573    83.495    83.773  8 56567.03642024 23.305
 194 123.972045  66.107580    36.371    36.335  8 56576.95206130 44.783
 195 123.974139  66.108714    82.530    82.416  9 56586.86769926 18.885
 196 123.981339  66.108295    33.177    33.223  6 56596.78333980 39.755
 197 123.969599  66.107354    34.099    34.015 10 56606.69899067 19.691
 198 123.972177  66.106446    34.832    34.829  8 56616.61463793 22.137
 199 123.974734  66.106246    35.050    34.971  9 56626.53028171 16.148
 200 123.971763  66.106404    34.853    34.893  9 56636.44592223 16.588
 201 123.972725  66.106006    34.969    34.979  9 56646.36156273 15.699
 202 123.982586  66.104699    34.932    34.947  5 56656.27721591 15.110
 203 123.970412  66.103815    35.174    35.091  9 56666.19286274 14.700
 205 123.976157  66.104453    35.020    34.939  8 56686.02415279 13.822
 206 123.971309  66.105627    35.084    34.915  9 56695.93979458 12.911
 207 123.970169  66.106017    35.669    35.437 10 56705.85543216 11.687
 208 123.979992  66.105348    35.149    35.092  7 56715.77106548 11.189
 211 123.972102  66.106912    35.698    35.426  8 56745.51801398 11.099
 212 123.974156  66.108086    35.798    35.603  8 56755.43365604 10.729
 213 123.974251  66.108344    36.195    36.141  9 56765.34929231 19.607
 215 123.971754  66.107010    98.795   101.652  8 56785.18058752  8.111
 216 123.977519  66.106672    89.304    89.197  7 56795.09624119 17.550
 217 123.995016  66.106221    40.890    40.890  2 56805.01189203 25.544
 219 123.937881  66.105941   108.187   107.370  3 56824.84316796  2.662
 222 123.972612  66.104881    37.603    37.546  9 56854.59008265 55.685
 223 123.980220  66.105469    38.794    38.293  7 56864.50573700 30.151
 224 123.977378  66.105680    38.513    38.051  7 56874.42138971 31.002
 225 123.978552  66.105321    38.824    39.021  7 56884.33703963 30.841
 226 123.970771  66.105120    36.368    36.343  9 56894.25268558 48.572
 227 123.990725  66.104913    36.263    36.391  3 56904.16833087 27.330
 228 123.973527  66.106523    96.170    95.711  8 56914.08397072 22.458
 229 123.995228  66.107343    36.471    36.471  2 56923.99961238 27.829
 231 123.966765  66.108377    82.362    82.248  9 56943.83087865 19.252
 232 123.972465  66.107089    34.505    34.516  9 56953.74652645 43.570
 233 123.972559  66.106323    34.025    34.049  9 56963.66217666 29.030
 234 123.992773  66.106122    33.944    33.944  2 56973.57782392 21.507
 235 123.972309  66.107175    34.518    34.523  9 56983.49346313 22.730
 236 123.971859  66.106793    34.699    34.654  9 56993.40909938 17.362
 237 123.973230  66.105146    34.570    34.651  8 57003.32473633 17.183
 238 123.972578  66.103503    34.479    34.502  9 57013.24039282 17.239
 239 123.975285  66.103236    34.798    34.706  9 57023.15604426 15.446
 240 123.972068  66.104931    35.077    34.947  9 57033.07169254 14.390
 241 123.974652  66.106395    34.993    34.681  9 57042.98733909 13.692
 242 123.969846  66.106745    35.195    35.111 10 57052.90298266 13.120
 243 123.970895  66.105581    35.155    34.909 10 57062.81862234 13.296
 244 123.978159  66.104622    35.137    35.085  7 57072.73425737 13.121
 245 123.973143  66.105498    35.602    35.497  8 57082.64988733 11.816
 246 123.972193  66.107502    35.354    35.259  8 57092.56553428 12.221
 247 123.974275  66.109174    35.606    35.464  8 57102.48119157 11.301
 248 123.975352  66.109235    35.785    35.615  7 57112.39684519 12.069
 249 123.975054  66.107708    35.594    35.479  7 57122.31249277 11.740
 250 123.970024  66.106125    36.757    36.896 10 57132.22813440 13.737
