# NaN NaN NaN ;Mean Elev.(m), Avg Gradient(m/km), RMS Gradient(m/km) - SRTM1     
#   18.000  -0.573   7.037 ;Mean Elev.(m), Avg Gradient(m/km), RMS Gradient(m/km) - ASTER GDEM
#   29.289  -0.119   6.569 ;Mean Elev.(m), Avg Gradient(m/km), RMS Gradient(m/km) - GMTED2010 
   1 124.246897  65.620622    42.809    42.816  3 54664.24879917 28.423
   2 124.223141  65.623586    42.476    43.045 11 54674.16444165 24.814
   3 124.226319  65.624681   -17.848   -17.980 11 54684.08008529  3.923
   4 124.224299  65.625776    89.760    89.865 12 54693.99572707 29.883
   5 124.221455  65.625513   -14.452   -14.594 11 54703.91136635 10.271
   6 124.222764  65.623095    42.803    43.026 11 54713.82701692 23.880
   7 124.218232  65.621240    -4.270    -5.144 10 54723.74266722 13.230
   8 124.216608  65.620422    42.824    42.447  9 54733.65831543 24.785
   9 124.216890  65.621337    43.220    43.392  9 54743.57396230 21.378
  10 124.220015  65.622138    40.223    40.223  9 54753.48960910 52.665
  11 124.218986  65.622017    39.314    39.308 10 54763.40525497 41.210
  12 124.216197  65.620527    38.806    38.830  9 54773.32089816 45.881
  13 124.219517  65.618808    39.477    39.313  9 54783.23653917 25.156
  14 124.217747  65.619247    39.582    39.424  9 54793.15217741 23.742
  17 124.220565  65.623397    40.517    40.721 11 54822.89909529 19.792
  18 124.220168  65.622430    40.645    40.637 10 54832.81473562 17.836
  19 124.219265  65.622134    40.569    40.567  9 54842.73038568 17.812
  20 124.221141  65.622917    40.435    40.576 11 54852.64603477 17.167
  21 124.226269  65.624129    39.939    39.978 11 54862.56168382 16.669
  22 124.225961  65.624871    40.089    39.995 11 54872.47733231 16.023
  23 124.222620  65.623951    40.278    40.327 11 54882.39297860 15.537
  24 124.219716  65.621537    40.779    40.781  9 54892.30862167 15.463
  25 124.215498  65.619637    41.313    41.361  9 54902.22426182 14.945
  26 124.216349  65.619597    41.214    41.302  9 54912.13990088 14.782
  27 124.216827  65.621273    41.305    41.359  9 54922.05553886 14.433
  28 124.219050  65.622638    41.298    41.278 10 54931.97117631 13.694
  29 124.221982  65.622162    41.019    40.904 10 54941.88681228 13.051
  30 124.218429  65.620900    38.088    38.065  9 54951.80244596 35.856
  31 124.216813  65.619386    39.758    39.109 10 54961.71808784 36.356
  32 124.217184  65.619657    45.029    44.976 10 54971.63373652 42.222
  33 124.216884  65.621479    44.658    44.702  9 54981.54938392 53.906
  34 124.222571  65.622816    43.679    43.614 10 54991.46503157 26.787
  35 124.223328  65.623040    43.977    44.204 11 55001.38067834 27.411
  36 124.222575  65.622658    43.237    43.211 11 55011.29632323 55.230
  37 124.219898  65.622361    43.312    43.328 10 55021.21196646 22.144
  38 124.220751  65.623092    88.922    89.194 11 55031.12760894 27.977
  39 124.224647  65.624161    41.977    42.219 11 55041.04325102 28.083
  40 124.225908  65.625059    40.979    41.191 11 55050.95889142 27.693
  41 124.221791  65.624504    42.697    43.296 11 55060.87452924 22.958
  42 124.220314  65.622071    41.631    41.472 10 55070.79017100 25.010
  43 124.218518  65.619679    41.384    41.220  9 55080.70582000 24.491
  44 124.215119  65.619488    40.362    40.349  9 55090.62146695 53.406
  45 124.217035  65.620772    41.250    41.231  9 55100.53711345 49.715
  46 124.221131  65.622132    41.505    41.588 10 55110.45275967 28.211
  47 124.217537  65.622369    41.331    41.200 10 55120.36840347 29.167
  48 124.219149  65.620331    40.024    40.049  9 55130.28404518 51.584
  49 124.216403  65.618649    38.548    38.514  9 55140.19968451 42.356
  50 124.217252  65.618856    38.734    38.215  9 55150.11532315 36.923
  51 124.217470  65.621193    40.309    40.116  9 55160.03096151 29.927
  52 124.222390  65.623169    40.156    40.214 11 55169.94659995 27.717
  53 124.225321  65.623866    40.155    40.251 11 55179.86223702 25.781
  54 124.222811  65.623162    40.324    40.447 11 55189.77788401 24.224
  55 124.222007  65.622593    40.310    40.365 11 55199.69353443 23.650
  56 124.224199  65.622783    40.080    40.144 11 55209.60918431 23.859
  57 124.220800  65.624112    40.341    40.480 11 55219.52483313 21.614
  58 124.221341  65.623981    40.132    40.182 11 55229.44048147 21.581
  59 124.220527  65.622805    40.309    40.073 10 55239.35612656 20.366
  60 124.217565  65.620852    40.488    40.612 10 55249.27176790 19.671
  61 124.219441  65.619110    40.201    40.051  9 55259.18740735 19.584
  62 124.214758  65.619602    40.726    40.642  9 55269.10304540 18.298
  63 124.217925  65.620760    40.651    40.561 10 55279.01868395 18.176
  64 124.217149  65.622081    40.930    40.601  9 55288.93432086 17.668
  65 124.219128  65.622149    40.896    40.981 10 55298.84995567 17.259
  66 124.219142  65.620679    38.560    38.550  9 55308.76559935 15.035
  67 124.217782  65.619371    38.448    37.977  9 55318.68124536 27.741
  68 124.214923  65.619680    38.505    38.450  9 55328.59689010 41.931
  69 124.217129  65.621194    41.932    41.956  9 55338.51253471 42.794
  70 124.222767  65.622601    45.128    45.128 10 55348.42817923 54.707
  71 124.223094  65.623492    42.867    42.914 10 55358.34382145 56.286
  72 124.222428  65.623432    43.375    43.391 11 55368.25946154 24.081
  73 124.221115  65.623291    42.331    42.122 11 55378.17510013 35.130
  74 124.222060  65.623578    42.386    42.442 11 55388.09073815 25.275
  75 124.224761  65.623992    42.432    42.650 11 55398.00637540 26.862
  76 124.222134  65.624044    42.318    42.872 11 55407.92201955 25.511
  77 124.221356  65.622562    41.672    41.774 10 55417.83767054 26.707
  78 124.219068  65.620685    40.810    40.824  9 55427.75331794 53.746
  79 124.218795  65.619609    40.665    40.405  9 55437.66896277 25.698
  80 124.216995  65.620073    41.596    41.236 10 55447.58460602 22.895
  81 124.218503  65.620903    42.182    42.158 10 55457.50024922 23.904
  82 124.217706  65.621685    42.236    42.980 10 55467.41589152 25.354
  83 124.219073  65.621249    40.823    40.982 10 55477.33153083 27.444
  84 124.216030  65.620687    38.847    38.763  9 55487.24716659 46.684
  85 124.215238  65.620212    38.491    38.421  9 55497.16280034 41.001
  86 124.218267  65.620803    38.648    38.608 10 55507.07843733 32.822
  87 124.219247  65.621885    38.611    38.573  9 55516.99408785 27.281
  88 124.222912  65.622824    38.811    38.803 10 55526.90973770 24.623
  89 124.220599  65.623472    38.899    38.915 11 55536.82538502 23.233
  90 124.225042  65.622984    38.656    38.622 11 55546.74103077 21.512
  91 124.221999  65.623279    38.474    38.486 11 55556.65667398 20.149
  92 124.222949  65.623594    39.442    39.663 11 55566.57231666 18.333
  93 124.224473  65.623454    39.672    39.672 11 55576.48795872 16.953
  94 124.221907  65.622610    39.704    39.481 10 55586.40359856 16.500
  95 124.218678  65.621341    40.148    40.338  9 55596.31923517 15.869
  96 124.216078  65.620622    40.374    40.396  9 55606.23486878 15.302
  97 124.217590  65.620678    40.522    40.454  9 55616.15050068 14.916
  98 124.217908  65.621632    40.543    40.546 10 55626.06614290 14.826
  99 124.217022  65.622005    40.567    40.689 10 55635.98179483 14.714
 100 124.218583  65.621482    40.744    40.719 10 55645.89744494 13.118
 102 124.217859  65.619866    40.839    40.837  9 55665.72873477 12.494
 103 124.217066  65.620221    40.325    40.506  9 55675.64437436 28.138
 104 124.216127  65.621590    41.585    43.283  9 55685.56001213 24.975
 105 124.219613  65.622756    41.257    40.659 10 55695.47564915 35.237
 106 124.221158  65.623634    44.841    44.781 11 55705.39128473 55.692
 107 124.221601  65.623503    43.271    43.443 11 55715.30693286 30.665
 108 124.221548  65.623302    43.377    43.370 11 55725.22258175 50.177
 109 124.221941  65.623600    42.844    42.827 11 55735.13822878 38.216
 110 124.225918  65.623775    42.309    42.308 11 55745.05387489 23.333
 111 124.222001  65.623816    42.191    42.459 11 55754.96951863 25.694
 112 124.217151  65.622675    41.585    41.482 10 55764.88516000 23.963
 113 124.219269  65.620495    39.510    39.499  9 55774.80079920 50.026
 114 124.218999  65.619443    42.362    42.482  9 55784.71643496 21.275
 115 124.218824  65.620527    41.261    41.255  9 55794.63206837 54.535
 116 124.220781  65.622132    40.302    40.266 10 55804.54770620 53.612
 118 124.219617  65.621754    41.059    40.992  9 55824.37900268 54.559
 119 124.219089  65.620271    41.230    41.271  9 55834.29464524 26.157
 120 124.218477  65.619717    41.042    41.118  9 55844.21028388 25.226
 121 124.219423  65.620868    39.027    39.019  9 55854.12591966 49.166
 122 124.220558  65.622858    39.045    39.077 11 55864.04155769 46.833
 123 124.220538  65.623916    40.399    40.459 11 55873.95721126 23.171
 133 124.216170  65.620122    41.710    41.760  9 55973.11364694 14.260
 134 124.219744  65.622235    41.709    41.610  9 55983.02928333 14.143
 135 124.220192  65.623427    41.975    41.735 11 55992.94491760 13.660
 136 124.218825  65.622291    42.071    41.771 10 56002.86056648 13.254
 137 124.219216  65.619877    41.593    41.645  9 56012.77621610 13.205
 139 124.215768  65.620633    42.286    42.003  9 56032.60750511 12.990
 141 124.225528  65.624191    38.256    37.371 11 56052.43878574 18.806
 142 124.224367  65.624441    41.466    41.446 11 56062.35442132 44.418
 143 124.221736  65.623521    45.274    45.261 11 56072.27006122 34.133
 144 124.223082  65.622513    43.855    43.754 10 56082.18571170 27.166
 145 124.222944  65.622901    43.585    43.605 10 56092.10135948 54.545
 146 124.221829  65.624023    43.039    43.039 11 56102.01700485 53.420
 147 124.223073  65.623720    42.654    42.897 10 56111.93263616 26.557
 148 124.217521  65.622577    43.470    43.491 10 56121.84827494 27.619
 149 124.219260  65.620220    42.635    42.323  9 56131.76391064 24.844
 150 124.217521  65.619445    42.385    42.417 10 56141.67954627 49.869
 151 124.218438  65.620239    42.100    41.715  9 56151.59519719 25.060
 152 124.218815  65.622196    41.397    40.883 10 56161.51084624 31.936
 153 124.222573  65.622910    42.163    41.978 10 56171.42649384 27.057
 154 124.218417  65.622330    42.188    42.208 10 56181.34213639 54.736
 155 124.217290  65.620625    43.209    43.212 10 56191.25777542 25.981
 156 124.219727  65.619603    43.205    43.257  9 56201.17341201 23.678
 157 124.217279  65.621455    40.056    39.779 10 56211.08904587 33.179
 158 124.222638  65.623806    39.692    39.650 11 56221.00467854 44.941
 159 124.223876  65.625330    39.099    39.109 12 56230.92033048 46.691
 160 124.223566  65.624927    39.540    39.393 11 56240.83598341 30.377
 161 124.222715  65.623646    39.487    39.304 10 56250.75163227 28.667
 162 124.220450  65.622712    40.355    40.412 11 56260.66727621 26.486
 163 124.221541  65.622816    40.517    40.431 10 56270.58291801 24.911
 164 124.225149  65.623146    40.265    40.211 11 56280.49855828 22.649
 165 124.222071  65.623336    40.587    40.677 11 56290.41421003 21.456
 166 124.217949  65.622120    40.874    40.761  9 56300.32985770 20.340
 167 124.217689  65.620022    40.646    40.789  9 56310.24550170 19.452
 168 124.217676  65.618995    40.898    40.422  9 56320.16114339 18.895
 169 124.219316  65.619943    40.457    40.226  9 56330.07678441 18.406
 170 124.219516  65.621949    40.583    40.535  9 56339.99242458 17.670
 171 124.221430  65.623119    40.876    40.850 11 56349.90806276 16.271
 172 124.220355  65.622600    40.923    40.547 10 56359.82369962 15.752
 173 124.217741  65.620904    41.231    41.180 10 56369.73934964 15.506
 175 124.219420  65.621381    41.264    41.501  9 56389.57064233 14.637
 176 124.224726  65.623220    42.299    42.503 11 56399.48628602 14.475
 177 124.226362  65.624610    40.099    39.908 11 56409.40192682 30.329
 178 124.223356  65.624864    38.528    38.497 11 56419.31756269 46.325
 179 124.220963  65.624204    42.193    42.039 11 56429.23319711 41.250
 180 124.224878  65.622746    44.267    44.349 11 56439.14885104 27.513
 181 124.220623  65.622793    43.584    43.631 10 56449.06450169 30.312
 182 124.221938  65.622808    43.736    43.748 11 56458.98015067 54.816
 183 124.219447  65.622398    42.330    42.314 10 56468.89579601 54.855
 184 124.218276  65.621535    43.117    43.241  9 56478.81143751 22.213
 185 124.217862  65.620505    42.972    43.307 10 56488.72707516 22.681
 187 124.218222  65.621371    42.941    42.636  9 56508.55834411 22.286
 188 124.218362  65.622673    43.391    43.405 10 56518.47398343 24.290
 189 124.220980  65.622695    41.998    42.016 10 56528.38963767 47.767
 190 124.220933  65.622276    42.817    43.177 10 56538.30528747 21.494
 191 124.217386  65.621644    40.660    40.633 10 56548.22093291 54.000
 192 124.216926  65.621609    42.295    42.083  9 56558.13657610 22.916
 193 124.221423  65.622255    40.346    40.373 10 56568.05221884 50.793
 194 124.222152  65.624007    40.003    40.006 11 56577.96785989 51.012
 195 124.221049  65.625287    39.042    39.085 11 56587.88349717 46.926
 196 124.223763  65.624876    38.698    38.675 11 56597.79913937 39.296
 197 124.224171  65.623551    38.317    38.318 11 56607.71479092 31.928
 198 124.224230  65.622862    38.740    38.750 11 56617.63043746 28.566
 199 124.222171  65.622935    38.813    38.826 11 56627.54608040 24.732
 200 124.222385  65.622876    38.836    38.842 10 56637.46172074 22.046
 201 124.217845  65.622561    38.995    39.006 10 56647.37736242 21.409
 202 124.218344  65.621124    39.287    39.082  9 56657.29301446 19.379
 203 124.215339  65.620417    40.166    40.068  9 56667.20866185 17.846
 205 124.217824  65.621691    40.182    40.184 10 56687.03995103 16.003
 206 124.221767  65.622140    38.870    38.635 10 56696.95559325 17.522
 207 124.218412  65.622483    40.593    40.530 10 56706.87123022 14.910
 208 124.218905  65.622035    40.244    40.333 10 56716.78686505 15.452
 209 124.217116  65.621740    40.377    40.521 10 56726.70251801 14.981
 211 124.221378  65.623621    40.741    40.846 11 56746.53381308 13.141
 212 124.226001  65.624246    40.985    41.139 11 56756.44945479 12.477
 213 124.221143  65.624812    39.821    38.513 11 56766.36508987 24.218
 214 124.224090  65.623748    41.791    42.048 11 56776.28073159 27.418
 215 124.220616  65.623254    40.650    40.049 11 56786.19638777 40.696
 216 124.224575  65.622728    47.233    47.209 11 56796.11204103 47.924
 217 124.220878  65.623064    43.662    43.646 11 56806.02768906 35.694
 219 124.217666  65.621499    42.829    42.873 10 56825.85896903 55.091
 220 124.219092  65.620372    42.418    42.328  9 56835.77460401 25.677
 221 124.215699  65.621080    41.898    41.200  9 56845.69023520 24.199
 222 124.217253  65.621907    42.229    42.231  9 56855.60588268 47.839
 223 124.219105  65.622686    41.508    41.474 10 56865.52153628 23.588
 224 124.222090  65.622325    40.765    40.769 10 56875.43718908 51.439
 225 124.218841  65.621907    41.039    41.000 10 56885.35283819 42.580
 227 124.216757  65.621613    41.568    41.314  9 56905.18412784 22.319
 228 124.221536  65.622659    40.652    40.666 10 56915.09976947 54.810
 229 124.220422  65.624537    41.312    41.249 11 56925.01540873 28.197
 230 124.223561  65.625194    41.043    41.131 11 56934.93104552 32.365
 231 124.223345  65.624880    39.365    39.355 11 56944.84667677 44.828
 232 124.225134  65.623098    38.438    38.465 11 56954.76232675 45.760
 233 124.219986  65.622519    37.493    37.540 10 56964.67797601 37.947
 234 124.220838  65.622912    38.255    38.268 10 56974.59362116 28.253
 235 124.224649  65.623536    38.613    38.649 11 56984.50926212 25.602
 236 124.222969  65.623565    38.608    38.587 11 56994.42489751 23.342
 237 124.218549  65.622211    38.517    38.521 10 57004.34053648 23.025
 238 124.216613  65.620115    38.602    38.641  9 57014.25619223 22.260
 239 124.217016  65.619710    38.835    38.678 10 57024.17184326 19.979
 240 124.217206  65.621550    38.803    38.546 10 57034.08749178 19.773
 241 124.222509  65.622971    38.390    38.338 11 57044.00313837 18.797
 242 124.222758  65.623273    38.583    38.475 10 57053.91878191 17.147
 243 124.221072  65.622137    38.339    38.289 10 57063.83442069 17.557
 244 124.218764  65.621495    39.635    39.509  9 57073.75005439 16.422
 245 124.221701  65.622189    39.840    39.646 10 57083.66568490 15.283
 246 124.222941  65.624082    38.851    38.507 11 57093.58133513 15.953
 247 124.225259  65.625486    40.409    40.237 11 57103.49699211 12.328
 248 124.223547  65.625689    40.963    40.926 11 57113.41264486 13.248
 249 124.221154  65.624266    40.809    40.908 11 57123.32829154 12.887
 250 124.220022  65.622558    39.947    40.174 10 57133.24393297 17.088
