# NaN NaN NaN ;Mean Elev.(m), Avg Gradient(m/km), RMS Gradient(m/km) - SRTM1     
#   41.797  -0.030   2.554 ;Mean Elev.(m), Avg Gradient(m/km), RMS Gradient(m/km) - ASTER GDEM
#   26.897  -0.770   6.788 ;Mean Elev.(m), Avg Gradient(m/km), RMS Gradient(m/km) - GMTED2010 
   1 125.345980  64.845515    65.280    69.025  7 54668.23133350 21.645
   2 125.344570  64.846407    50.270    50.363  8 54678.14697762 25.473
   3 125.342265  64.848551    12.523    12.532  7 54688.06262036 16.550
   4 125.337340  64.850713    51.782    51.784  7 54697.97826095 46.195
   5 125.342729  64.849322    12.394    12.396  7 54707.89390381 10.619
   6 125.345184  64.846262    52.124    52.110  7 54717.80955606 29.868
   7 125.352630  64.842319    11.136    11.144  8 54727.72520626 13.639
   8 125.353522  64.841065    55.098    50.651  8 54737.64085402 26.530
   9 125.350282  64.842388    59.788    57.864  8 54747.55650091 21.888
  10 125.348403  64.843967    49.547    49.542  8 54757.47214751 43.872
  11 125.349377  64.844105    49.220    49.206  8 54767.38779244 49.574
  12 125.349191  64.842785    48.826    48.828  8 54777.30343410 47.045
  13 125.352469  64.840755    49.532    49.517  8 54787.21907375 24.241
  14 125.353720  64.840453    49.548    49.551  8 54797.13471206 25.888
  17 125.343951  64.847129    50.227    50.306  8 54826.88163506 16.188
  18 125.345039  64.846118    51.123    50.640  7 54836.79727443 15.283
  19 125.346674  64.845293    53.445    51.599  7 54846.71292414 15.010
  20 125.345565  64.845649    53.058    51.085  8 54856.62857286 14.492
  21 125.344549  64.846840    50.576    50.504  7 54866.54422152 14.038
  22 125.344101  64.847159    52.944    50.998  8 54876.45986972 13.521
  23 125.345535  64.846114    68.185    68.197  8 54886.37551526 13.211
  24 125.347424  64.843732    65.759    67.776  8 54896.29115751 12.712
  25 125.355651  64.840767    68.888    69.025  8 54906.20679776 11.810
  26 125.355198  64.840651    68.096    68.008  8 54916.12243590 11.755
  27 125.351904  64.842243    69.607    69.679  9 54926.03807348 10.996
  28 125.350759  64.843680    68.183    68.158  8 54935.95371061 10.751
  29 125.350002  64.844311    50.498    50.481  8 54945.86934593 21.485
  30 125.348629  64.843909    49.448    49.194  8 54955.78497867 37.347
  31 125.351134  64.842100    51.396    51.392  8 54965.70062699 40.382
  32 125.353203  64.841544    52.767    52.757  8 54975.61627507 36.194
  33 125.354196  64.842602    52.990    53.007  7 54985.53192276 56.262
  34 125.349311  64.844804    76.676    77.053  8 54995.44756984  9.329
  35 125.344711  64.846260    71.882    71.707  8 55005.36321548 16.726
  36 125.346259  64.846030    51.309    51.327  8 55015.27885963 27.175
  37 125.346116  64.845920    50.826    50.855  7 55025.19450223 54.729
  38 125.343878  64.846903    51.034    51.003  8 55035.11014409 37.508
  39 125.341916  64.847960    49.936    49.873  7 55045.02578524 54.858
  40 125.344450  64.847692    50.521    50.499  7 55054.94142517 50.289
  41 125.344877  64.846333    50.221    50.176  8 55064.85706271 54.485
  42 125.352018  64.843345    52.355    50.678  8 55074.77271097 22.306
  43 125.354433  64.841644    49.965    50.031  8 55084.68835922 37.596
  44 125.353902  64.841739    50.802    50.874  8 55094.60400543 54.200
  45 125.353493  64.842266    50.800    50.804  8 55104.51965146 54.334
  46 125.349455  64.843069    62.436    63.072  8 55114.43529692 21.338
  47 125.351080  64.842366    49.982    49.967  8 55124.35094054 46.329
  48 125.350998  64.841766    49.006    49.003  8 55134.26658124 46.995
  49 125.352904  64.841163    47.816    47.815  9 55144.18222002 46.172
  50 125.351965  64.842042    48.999    48.936  8 55154.09785786 34.542
  51 125.349433  64.843694    48.857    48.867  8 55164.01349587 30.557
  52 125.345391  64.845810    49.070    49.033  7 55173.92913349 28.087
  53 125.343746  64.846881    73.832    73.846  8 55183.84477182 15.525
  54 125.345850  64.846386    49.040    49.022  7 55193.76042328 25.955
  55 125.345355  64.846440    48.912    48.917  8 55203.67607317 25.562
  56 125.344155  64.847084    48.723    48.749  8 55213.59172224 25.745
  57 125.343807  64.847164    48.577    48.602  8 55223.50737096 25.167
  58 125.345572  64.845696    48.499    48.506  8 55233.42301841 24.449
  59 125.349147  64.843212    48.527    48.550  8 55243.33866290 24.454
  60 125.355931  64.840568    48.534    48.518  8 55253.25430453 24.098
  61 125.355938  64.840346    48.610    48.600  8 55263.16994332 22.586
  62 125.349620  64.842644    48.882    48.658  8 55273.08558046 21.459
  63 125.351275  64.843582    48.474    48.422  8 55283.00121811 21.811
  64 125.347394  64.844087    48.443    48.432  8 55292.91685402 21.167
  66 125.354176  64.840890    49.030    48.988  9 55312.74813862 19.445
  67 125.353889  64.841264    48.599    48.533  8 55322.66378398 43.108
  68 125.348050  64.843479    49.420    49.426  8 55332.57942741 39.492
  69 125.346021  64.845071    56.137    56.144  8 55342.49507118 34.486
  70 125.347902  64.845147    60.283    59.582  7 55352.41071512 20.610
  71 125.348025  64.845121    62.381    63.254  7 55362.32635675 20.822
  72 125.347349  64.845507    53.813    51.170  7 55372.24199631 25.857
  74 125.340713  64.848761    51.714    51.723  7 55392.07327134 37.394
  75 125.339940  64.849315    50.774    50.792  7 55401.98890740 22.427
  76 125.345045  64.846695    49.341    49.612  7 55411.90455866 28.028
  77 125.351601  64.842918    52.482    50.887  8 55421.82020912 21.540
  78 125.353035  64.840765    50.924    51.015  8 55431.73585618 22.067
  79 125.355506  64.840713    54.431    55.342  8 55441.65150102 19.781
  80 125.353041  64.842564    50.594    50.501  8 55451.56714372 53.647
  81 125.348612  64.844423    55.810    57.011  7 55461.48278550 20.142
  82 125.348227  64.843869    65.082    69.257  8 55471.39842639 21.903
  83 125.352473  64.841793    62.169    62.172  9 55481.31406490 25.102
  84 125.354449  64.840550    48.748    48.769  9 55491.22970081 49.579
  85 125.351329  64.842123    50.161    50.152  8 55501.14533415 30.052
  86 125.349797  64.844331    48.789    48.739  8 55511.06097726 30.019
  87 125.345773  64.846288    49.517    49.571  8 55520.97662648 17.880
  88 125.345486  64.846498    49.920    49.868  8 55530.89227507 16.436
  89 125.347267  64.845424    50.581    49.951  7 55540.80792228 15.894
  90 125.347332  64.844908    51.132    50.699  7 55550.72356712 14.810
  91 125.344955  64.845829    51.140    50.446  8 55560.63921004 14.278
  93 125.342953  64.847828    55.369    55.235  8 55580.47049338 13.125
  94 125.345175  64.845918    53.436    53.995  7 55590.38613212 12.785
  95 125.348833  64.842903    56.458    53.235  8 55600.30176795 12.395
  96 125.353798  64.840797    63.880    66.925  8 55610.21740160 12.458
  97 125.350995  64.842336    68.219    68.140  8 55620.13303304 11.438
  98 125.346537  64.844897    67.851    67.832  8 55630.04868358 11.144
  99 125.344754  64.846203    70.151    70.161  8 55639.96433434 10.675
 100 125.346969  64.844742    69.519    69.516  8 55649.87998320 10.604
 101 125.351955  64.841464    71.371    71.363  8 55659.79562904  9.839
 102 125.354476  64.839727    75.233    75.239  8 55669.71127093  9.341
 103 125.352514  64.841233    48.826    48.472  8 55679.62691010 33.462
 104 125.347995  64.844791    49.058    49.044  7 55689.54254693 36.896
 105 125.343029  64.847821    52.758    52.760  7 55699.45818226 40.760
 106 125.341364  64.848462    56.825    58.026  7 55709.37382016 28.393
 107 125.345560  64.846484    54.225    51.463  7 55719.28947113 22.464
 108 125.347282  64.845431    52.074    52.043  7 55729.20511947 40.089
 109 125.347110  64.845780    50.923    50.950  8 55739.12076617 26.787
 110 125.342713  64.847211    50.051    50.015  7 55749.03641120 33.094
 111 125.344279  64.847024    50.489    50.521  8 55758.95205456 51.395
 112 125.346609  64.845409    49.308    49.323  8 55768.86769529 53.123
 113 125.349503  64.842816    49.857    49.849  8 55778.78333292 37.329
 114 125.353738  64.840909    52.503    50.919  8 55788.69896804 24.500
 115 125.352758  64.841985    50.286    50.281  8 55798.61460116 53.971
 116 125.347632  64.844427    49.620    49.602  8 55808.53024565 41.182
 117 125.347125  64.845891    50.331    50.358  7 55818.44589438 24.339
 118 125.348398  64.845227    54.683    55.144  8 55828.36153933 20.649
 119 125.351822  64.842936    50.734    50.809  8 55838.27718024 21.683
 120 125.353728  64.841160    61.258    60.490  8 55848.19281793 25.832
 121 125.352212  64.842456    48.817    48.780  8 55858.10845299 46.875
 122 125.346985  64.845492    48.656    48.652  8 55868.02409888 45.950
 123 125.343598  64.847898    49.073    49.092  7 55877.93975027 24.511
 133 125.350432  64.842144    52.034    51.972  8 55977.09618082 13.318
 134 125.347638  64.844472    51.380    51.425  8 55987.01181672 13.521
 135 125.344667  64.846107    51.360    51.393  8 55996.92745451 12.583
 136 125.348640  64.844573    53.881    52.212  8 56006.84310654 12.018
 137 125.353836  64.842050    52.286    52.302  8 56016.75875460 11.674
 139 125.353231  64.842238    66.747    69.130  8 56036.59004172 11.728
 141 125.341269  64.847945    48.715    48.727  7 56056.42131890 45.894
 142 125.339913  64.849021    54.093    54.121  7 56066.33695242 29.538
 143 125.341981  64.847864    53.899    53.897  7 56076.25259994 56.252
 144 125.343757  64.846751    68.992    67.737  7 56086.16824931 17.033
 145 125.345186  64.846199    52.502    52.485  7 56096.08389623 52.225
 146 125.345673  64.846026    51.452    51.452  7 56105.99954094 50.119
 147 125.349116  64.844863    51.890    51.899  8 56115.91517154 47.458
 148 125.347658  64.844301    50.928    50.871  8 56125.83080948 55.171
 149 125.350249  64.843099    55.122    55.844  8 56135.74644385 20.263
 150 125.352024  64.842497    53.377    51.748  8 56145.66208652 26.476
 151 125.349131  64.843131    51.180    51.165  8 56155.57773591 21.656
 152 125.349579  64.843811    55.141    56.368  8 56165.49338460 19.779
 153 125.348818  64.844258    51.151    51.124  8 56175.40903097 54.505
 154 125.348565  64.844080    60.759    60.786  8 56185.32467235 20.637
 155 125.349475  64.843233    57.926    57.865  8 56195.24031011 21.327
 156 125.350869  64.843156    56.435    52.789  8 56205.15594496 22.336
 157 125.348882  64.844907    71.724    71.677  8 56215.07157795 25.905
 158 125.344573  64.847615    49.405    49.402  7 56224.98721499 50.293
 159 125.342108  64.848503    48.468    48.447  8 56234.90287038 46.835
 160 125.343973  64.847785    48.922    48.918  7 56244.81852235 29.772
 161 125.343609  64.846976    49.343    49.379  8 56254.73416910 29.332
 162 125.344088  64.846723    49.438    49.412  8 56264.64981174 25.396
 165 125.346941  64.844527    58.981    62.281  8 56294.39674857 20.735
 166 125.352395  64.841821    58.583    60.298  8 56304.31239594 19.919
 167 125.353654  64.840897    61.638    65.685  9 56314.22803898 18.657
 168 125.351426  64.842105    60.821    66.931  8 56324.14367958 18.314
 169 125.349976  64.843870    65.059    67.100  8 56334.05931956 17.412
 170 125.346762  64.844981    65.143    67.230  8 56343.97495875 16.196
 171 125.347106  64.844636    67.190    67.214  8 56353.89059605 15.770
 172 125.350299  64.843157    65.010    66.976  8 56363.80624001 15.523
 173 125.349734  64.842777    62.612    66.820  8 56373.72188901 15.255
 175 125.347086  64.845573    65.016    67.342  8 56393.55317874 14.028
 176 125.345113  64.846930    51.030    50.976  7 56403.46882071 27.457
 177 125.342623  64.847707    48.566    48.510  7 56413.38445976 47.693
 178 125.345050  64.847241    48.931    48.938  7 56423.30009441 41.074
 179 125.344732  64.846992    54.917    54.934  8 56433.21573795 28.992
 180 125.344264  64.846619    56.354    52.843  8 56443.13139033 20.027
 181 125.345295  64.846574    52.120    52.148  7 56453.04704030 49.279
 182 125.346312  64.845665    59.517    58.893  7 56462.96268773 18.104
 184 125.353901  64.841314    55.873    55.337  8 56482.79397316 25.080
 185 125.353909  64.841150    51.448    51.390  8 56492.70961010 26.911
 187 125.344727  64.846365    53.442    51.932  8 56512.54087620 21.620
 188 125.343892  64.846879    51.526    51.484  8 56522.45652376 30.581
 189 125.347790  64.844944    51.278    51.271  7 56532.37217662 27.372
 191 125.352777  64.842213    54.318    51.544  8 56552.20347075 20.856
 192 125.350683  64.844112    50.572    50.635  8 56562.11911314 25.189
 193 125.341964  64.847613    70.233    70.191  7 56572.03475368 21.668
 194 125.340364  64.849317    48.888    48.868  7 56581.95039319 43.941
 195 125.343818  64.848688    48.522    48.474  7 56591.86602901 49.364
 196 125.343641  64.846977    48.421    48.443  8 56601.78167882 25.946
 197 125.346902  64.845322    48.955    48.958  8 56611.69732891 22.421
 198 125.345067  64.846176    48.918    48.932  7 56621.61297382 17.403
 199 125.345329  64.847017    48.882    48.919  7 56631.52861592 17.775
 200 125.345242  64.846975    49.138    49.012  7 56641.44425399 17.051
 201 125.348769  64.844264    49.313    49.121  7 56651.35990268 16.916
 202 125.355097  64.840850    49.959    50.080  8 56661.27555358 15.756
 203 125.355279  64.840123    49.494    49.471  8 56671.19120062 16.217
 205 125.345467  64.845562    49.862    49.908  8 56691.02248763 14.650
 206 125.344118  64.846640    50.358    50.371  8 56700.93812708 12.655
 207 125.349120  64.844867    56.678    56.435  8 56710.85376250 13.096
 208 125.352685  64.842780    51.032    51.254  8 56720.76940636 13.442
 211 125.341543  64.848089    72.441    72.410  7 56750.51634880 10.660
 212 125.342192  64.849305    48.805    48.732  7 56760.43198767 17.790
 213 125.340543  64.849207    48.893    48.597  7 56770.34761990 38.360
 214 125.345275  64.846333    48.769    48.759  7 56780.26327283 31.291
 215 125.349081  64.844248    52.881    53.006  7 56790.17892850 30.419
 216 125.347662  64.844355    52.625    52.581  8 56800.09458036 35.726
 217 125.348547  64.845213    52.048    51.999  8 56810.01022578 33.360
 219 125.349321  64.844091    53.450    51.192  8 56829.84150268 26.546
 220 125.352815  64.841910   112.074   111.027  8 56839.75713634 23.174
 221 125.353738  64.841579    50.743    50.778  8 56849.67277010 55.089
 222 125.348118  64.843375    50.645    50.552  8 56859.58842393 28.517
 223 125.347804  64.845376    50.097    50.077  8 56869.50407732 54.551
 224 125.345584  64.846368    50.580    50.536  7 56879.41972818 26.246
 225 125.347188  64.844927    50.548    50.593  7 56889.33537607 30.314
 226 125.349351  64.842728    52.251    50.545  8 56899.25102134 22.018
 227 125.350847  64.842336    50.315    50.351  8 56909.16666416 51.385
 228 125.349869  64.844449    49.845    49.822  8 56919.08230482 46.798
 229 125.340644  64.848516    56.216    50.699  7 56928.99794254 23.387
 230 125.342585  64.849700    49.540    49.524  7 56938.91357705 42.254
 231 125.338337  64.849766    48.650    48.591  7 56948.82921162 51.494
 232 125.344053  64.846482    48.036    48.046  7 56958.74486524 45.509
 233 125.350661  64.844075    50.552    50.365  8 56968.66051365 18.642
 234 125.348288  64.844711    50.475    50.098  8 56978.57615707 17.605
 235 125.345639  64.846224    50.463    50.485  8 56988.49179593 16.337
 236 125.343955  64.847039    50.465    50.424  7 56998.40742873 15.723
 237 125.345940  64.845273    50.563    50.573  8 57008.32307863 15.762
 238 125.349485  64.842613    51.327    51.246  8 57018.23873216 14.583
 239 125.354777  64.841016    51.730    51.660  8 57028.15438259 14.563
 240 125.350501  64.842718    51.952    52.053  8 57038.07003026 13.665
 241 125.347393  64.844912    51.177    51.033  7 57047.98567554 13.170
 242 125.346608  64.846174    50.469    50.366  8 57057.90131729 13.004
 243 125.346460  64.845902    50.889    50.959  8 57067.81695361 12.795
 244 125.347588  64.845323    59.620    60.908  8 57077.73258573 12.430
 245 125.346079  64.845979    65.847    67.774  8 57087.64821833 11.915
 246 125.344300  64.847035    68.315    68.289  7 57097.56387671 11.285
 247 125.342548  64.848493    68.817    68.784  7 57107.47953214 11.012
 248 125.341582  64.849002    68.853    68.928  8 57117.39518275 10.641
 249 125.342541  64.847832    61.765    61.239  8 57127.31082746 12.607
 250 125.347415  64.845713    50.806    50.911  8 57137.22646717 25.697
