# NaN NaN NaN ;Mean Elev.(m), Avg Gradient(m/km), RMS Gradient(m/km) - SRTM1     
#  210.279  -6.898  44.918 ;Mean Elev.(m), Avg Gradient(m/km), RMS Gradient(m/km) - ASTER GDEM
#  159.526  -5.966  46.085 ;Mean Elev.(m), Avg Gradient(m/km), RMS Gradient(m/km) - GMTED2010 
   6 113.670243  59.999625   170.326   170.294  3 54714.92303594 46.808
  10 113.664859  59.997667   228.173   228.162  3 54754.58562765 21.922
  12 113.667866  59.994824   163.624   163.624  2 54774.41691653 51.167
  13 113.661353  59.995598   163.062   163.191  3 54784.33255603 39.205
  14 113.663811  59.995312   165.084   165.039  3 54794.24819471 28.185
  22 113.668752  59.999413   166.786   167.449  3 54873.57335065 10.898
  24 113.666179  59.996367   163.967   163.908  3 54893.40463963 10.998
  29 113.668458  59.998537   164.274   164.274  2 54942.98282973 26.276
  30 113.669267  59.997772   211.420   211.320  3 54952.89846355  9.653
  31 113.664270  59.997282   220.438   216.620  3 54962.81410684 23.581
  35 113.667807  59.999731   172.660   172.600  3 55002.47669655 33.168
  36 113.668454  59.998604   171.560   169.472  3 55012.39234132 23.806
  37 113.667933  59.997750   175.917   175.932  3 55022.30798456 17.408
  38 113.666981  59.998726   169.019   168.994  3 55032.22362673 43.751
  39 113.671343  59.998870   166.486   166.386  3 55042.13926885 31.699
  40 113.670414  60.001161   167.122   167.068  3 55052.05490872 13.771
  42 113.669496  59.998225   169.687   169.805  3 55071.88619040 51.018
  43 113.664989  59.996188   166.594   166.473  3 55081.80183890 34.984
  44 113.662728  59.995610   168.155   168.194  3 55091.71748568 45.705
  45 113.664068  59.996033   168.060   167.954  3 55101.63313210 45.850
  46 113.666175  59.996951   167.162   167.225  3 55111.54877810 48.926
  47 113.665465  59.997604   166.226   165.862  3 55121.46442177 15.636
  48 113.665562  59.996173   164.745   164.804  3 55131.38006296 43.672
  49 113.664609  59.994680   163.257   163.198  3 55141.29570214 40.931
  50 113.662931  59.995587   164.258   164.305  3 55151.21134033 21.325
  51 113.666916  59.996897   165.187   165.198  3 55161.12697916 20.643
  52 113.671716  59.998506   165.578   165.542  3 55171.04261766 18.478
  53 113.671993  60.000553   165.130   165.156  3 55180.95825422 19.794
  54 113.672136  59.998977   164.703   164.666  3 55190.87390325 16.523
  55 113.668690  59.998537   164.126   164.126  2 55200.78955333 17.042
  56 113.667407  59.998484   163.684   163.685  3 55210.70520280 15.771
  59 113.667946  59.997189   163.295   163.293  3 55240.45214485 12.248
  60 113.666079  59.995569   163.273   163.277  3 55250.36778612 12.006
  67 113.666459  59.995668   167.813   164.251  3 55319.77726458 26.475
  70 113.667663  59.998486   174.084   176.025  3 55349.52419735 26.332
  71 113.670635  59.998728   168.211   168.053  3 55359.43983961 47.581
  73 113.668696  59.999671   176.693   176.585  3 55379.27111768 15.809
  74 113.671211  59.999553   175.378   175.390  3 55389.18675575 17.218
  75 113.670951  60.000934   166.822   166.901  3 55399.10239241 14.837
  76 113.672090  59.999989   166.285   166.112  3 55409.01803886 22.334
  77 113.667174  59.999147   166.402   166.398  3 55418.93368930 29.663
  78 113.664095  59.997341   167.263   167.062  3 55428.84933661 47.212
  79 113.662909  59.996306   167.753   167.779  3 55438.76498127 42.123
  80 113.665269  59.995774   168.186   168.205  3 55448.68062470 11.371
  81 113.664833  59.996971   165.969   166.006  3 55458.59626730 24.810
  82 113.664571  59.997730   167.859   167.699  3 55468.51190921 11.611
  83 113.664375  59.997746   165.703   165.722  3 55478.42754797 40.425
  84 113.668019  59.996314   164.466   164.549  3 55488.34318430 45.666
  85 113.665319  59.997881   164.230   164.191  3 55498.25881747 43.109
  86 113.669463  59.997555   163.819   163.874  3 55508.17445641 45.682
  87 113.667950  59.998489   163.061   163.094  3 55518.09010652 42.074
  88 113.670783  59.998101   162.787   162.744  3 55528.00575630 37.855
  89 113.670885  59.998113   164.388   164.334  3 55537.92140385 23.581
  90 113.670153  59.998112   164.773   164.724  3 55547.83704903 20.475
  91 113.667760  59.998865   164.292   164.466  3 55557.75269212 18.632
  92 113.670478  59.998346   164.020   164.029  3 55567.66833489 16.915
  93 113.668728  59.999335   163.546   163.572  3 55577.58397624 16.874
  94 113.666991  59.999167   163.498   163.505  3 55587.49961561 15.293
  95 113.668780  59.997147   163.282   163.241  3 55597.41525248 15.942
  96 113.666353  59.997434   163.543   163.504  3 55607.33088590 14.251
  97 113.669175  59.997327   163.169   163.177  3 55617.24651794 11.565
  98 113.667280  59.999243   163.326   163.377  3 55627.16216215 11.711
  99 113.668765  59.998602   167.757   167.757  2 55637.07781413 10.645
 103 113.665737  59.996231   164.423   164.454  3 55676.74039284 31.754
 106 113.673895  59.999741   175.886   175.886  2 55706.48730224 28.408
 107 113.671611  59.999541   171.213   169.210  3 55716.40295188 29.528
 108 113.670054  59.999031   169.027   169.089  3 55726.31860044 37.701
 111 113.671608  59.998681   165.265   165.374  3 55756.06553714 42.810
 112 113.668243  59.998440   175.963   175.935  3 55765.98117827 14.990
 113 113.666266  59.997065   169.653   169.567  3 55775.89681677 45.546
 114 113.665777  59.996234   168.077   168.053  3 55785.81245236 43.499
 115 113.666210  59.997899   166.654   166.635  3 55795.72808566 46.382
 116 113.669364  59.999147   166.489   166.413  3 55805.64372544 35.174
 117 113.669912  59.999632   167.384   167.328  3 55815.55937447 44.972
 118 113.668888  59.998717   166.893   166.893  2 55825.47502083 42.795
 119 113.666875  59.997554   166.020   165.249  3 55835.39066265 18.437
 120 113.664525  59.997504   170.769   171.814  3 55845.30630082 11.890
 121 113.666821  59.998557   165.551   165.491  3 55855.22193659 31.718
 122 113.670592  59.999759   165.197   165.197  2 55865.13757717 41.368
 123 113.671211  60.000237   164.554   164.554  2 55875.05323032 44.974
 134 113.668424  59.998534   164.969   163.469  3 55984.12530082 10.324
 139 113.662837  59.997121   168.520   168.678  3 56033.70352351 10.410
 142 113.675377  59.999999   355.996   355.996  2 56063.45043874  4.656
 145 113.668892  59.998657   170.825   170.825  2 56093.19737781 29.960
 147 113.669342  59.999412   169.857   169.885  3 56113.02865422 27.869
 148 113.667109  59.999190   170.926   170.635  3 56122.94429293 48.669
 149 113.668764  59.996916   170.525   170.549  3 56132.85992834 22.691
 150 113.667564  59.996474   169.114   169.108  3 56142.77556587 42.931
 151 113.665060  59.997187   167.422   167.505  3 56152.69121615 41.242
 152 113.668569  59.997459   166.733   166.826  3 56162.60686544 39.958
 153 113.668541  59.998837   166.823   166.895  3 56172.52251227 42.781
 154 113.668301  59.998624   166.163   166.145  3 56182.43815448 43.874
 156 113.666646  59.996570   213.249   212.455  3 56202.26942891  2.761
 158 113.671529  60.001137   164.758   164.773  3 56222.10069498 41.092
 159 113.675768  60.000759   163.812   163.763  3 56232.01635013 48.619
 160 113.670989  60.001695   163.088   163.118  3 56241.93200222 41.042
 161 113.671119  59.999423   164.076   164.063  3 56251.84765086 29.870
 162 113.667926  59.999000   165.350   165.324  3 56261.76329424 19.738
 163 113.670475  59.998026   164.997   164.978  3 56271.67893601 18.892
 164 113.668822  59.999508   164.417   164.454  3 56281.59457666 15.852
 165 113.669778  59.998392   164.151   164.098  3 56291.51022894 14.192
 166 113.666418  59.997650   163.896   163.904  3 56301.42587632 12.590
 168 113.661799  59.996118   163.337   163.288  3 56321.25716085 11.403
 170 113.665701  59.998451   164.940   163.113  3 56341.08844203 10.663
 175 113.666185  59.997036   165.108   163.661  3 56390.66666080 12.004
 177 113.669579  60.000653   163.470   163.469  3 56410.49794405 34.379
 181 113.669712  59.997627   167.748   167.834  3 56450.16052084 43.363
 182 113.669564  59.997219   168.506   168.556  3 56460.07616942 46.832
 184 113.665739  59.996939   171.051   171.141  3 56479.90745576 50.009
 185 113.666897  59.996124   176.308   176.452  3 56489.82309338 18.545
 187 113.668867  59.998492   168.758   168.854  3 56509.65436148 39.280
 188 113.668657  60.000051   167.456   167.489  3 56519.57000287 25.182
 189 113.668041  59.999608   167.015   167.152  3 56529.48565640 42.244
 190 113.669890  59.997930   165.366   165.432  3 56539.40130628 49.027
 191 113.665498  59.998348   164.602   164.663  3 56549.31695111 24.478
 192 113.667426  59.997333   168.198   167.929  3 56559.23259439 11.647
 193 113.667893  59.998340   164.801   164.832  3 56569.14823642 33.761
 195 113.672659  60.001079   164.113   163.989  3 56588.97951441 44.585
 196 113.672138  60.001050   163.328   163.246  3 56598.89515856 42.585
 197 113.670557  59.999293   162.519   162.601  3 56608.81080966 39.324
 198 113.667602  59.999395   163.975   164.078  3 56618.72645540 30.117
 199 113.667340  59.999501   164.320   164.200  3 56628.64209807 23.265
 200 113.668554  59.999368   164.326   164.295  3 56638.55773788 19.051
 201 113.667041  59.998976   164.198   164.242  3 56648.47338152 16.977
 202 113.665004  59.997113   165.522   164.017  3 56658.38903304 14.220
 203 113.666099  59.995310   163.817   163.803  3 56668.30468076 15.097
 205 113.668685  59.996976   163.490   163.496  3 56688.13596954 14.039
 213 113.670192  60.001134   168.331   164.351  3 56767.46110657 34.045
 214 113.669009  60.000355   353.807   354.223  3 56777.37675091  3.519
 217 113.668679  59.996767   221.470   225.233  3 56807.12370772  4.437
 219 113.664501  59.997509   177.447   177.583  3 56826.95498654 14.809
 221 113.665306  59.998096   167.298   167.335  3 56846.78625249 43.191
 223 113.669478  59.998060   165.190   165.180  3 56866.61755623 43.097
 224 113.667200  59.998536   166.481   166.577  3 56876.53320789 43.337
 225 113.664884  59.997964   167.654   167.709  3 56886.44885657 31.191
 226 113.664308  59.996415   168.140   168.129  3 56896.36450280 46.461
 227 113.663291  59.996716   166.805   166.993  3 56906.28014587 46.947
 228 113.668349  59.996691   169.252   169.272  3 56916.19578744 46.716
 230 113.670331  60.001305   165.192   165.244  3 56936.02706228 39.122
 231 113.671381  60.001903   168.564   168.808  3 56945.94269298 14.496
 232 113.669997  59.999380   163.551   163.551  2 56955.85834555 43.404
 233 113.666240  59.998608   163.382   163.353  3 56965.77399450 39.293
 234 113.666756  59.998700   164.044   163.959  3 56975.68963925 34.379
 235 113.669969  59.999156   164.523   164.555  3 56985.60527968 24.931
 238 113.666280  59.996262   165.641   164.795  3 57015.35221133 14.972
 239 113.664573  59.995530   164.596   164.636  3 57025.26786200 16.123
 240 113.667671  59.996154   164.515   164.542  3 57035.18351085 17.795
 241 113.668058  59.998540   164.216   164.200  3 57045.09915673 21.019
 249 113.670974  59.999233   164.876   163.923  3 57124.42430999 13.771
