# NaN NaN NaN ;Mean Elev.(m), Avg Gradient(m/km), RMS Gradient(m/km) - SRTM1     
#   18.073  -5.873  12.108 ;Mean Elev.(m), Avg Gradient(m/km), RMS Gradient(m/km) - ASTER GDEM
#   26.240  -6.181  10.865 ;Mean Elev.(m), Avg Gradient(m/km), RMS Gradient(m/km) - GMTED2010 
   3 124.333949  65.243223   -21.241   -21.302 10 54683.99938776 13.453
   4 124.334756  65.243914   108.831   109.105 10 54693.91502986 26.471
   5 124.336294  65.242885   -15.125   -15.086 10 54703.83066941 11.570
   7 124.339362  65.239331    -2.197    -2.086 11 54723.66197029 11.626
   8 124.340046  65.239301    47.083    47.119 11 54733.57761869 23.278
  10 124.337183  65.241930    43.475    43.529 10 54753.40891218 53.269
  11 124.336727  65.241477    42.688    42.694 10 54763.32455822 41.536
  12 124.337779  65.239529    41.998    42.015 10 54773.24020171 42.451
  13 124.341862  65.238343    42.427    42.446 11 54783.15584275 22.208
  14 124.341002  65.238290    42.492    42.528 11 54793.07148111 20.952
  17 124.336260  65.241051    43.094    43.029 10 54822.81839834 17.199
  18 124.337095  65.240650    43.230    43.131 11 54832.73403865 16.244
  19 124.336785  65.240897    42.915    42.894 10 54842.64968873 16.120
  20 124.334407  65.242189    42.809    42.851 10 54852.56533755 15.265
  21 124.335044  65.244318    42.796    42.936 10 54862.48098639 14.927
  22 124.332316  65.244870    43.071    42.993 10 54872.39663480 14.618
  23 124.333222  65.243611    42.925    42.924 10 54882.31228147 14.213
  24 124.336658  65.241115    43.246    43.041 11 54892.22792496 14.119
  25 124.339945  65.239249    42.738    42.816 10 54902.14356565 13.331
  26 124.339045  65.239311    43.048    42.902 10 54912.05920452 13.428
  27 124.337896  65.240874    43.153    43.102 10 54921.97484243 13.343
  28 124.337995  65.241939    43.232    43.215 10 54931.89047970 12.098
  29 124.336795  65.240639    43.284    43.360 11 54941.80611511 13.168
  30 124.340574  65.238565    43.273    42.676 10 54951.72174921 35.116
  31 124.336448  65.236398    92.175    91.002  9 54961.63739048 15.567
  33 124.338185  65.239604    95.786    95.944 10 54981.46868703 28.957
  34 124.337544  65.241479    47.815    47.810 10 54991.38433434 29.349
  35 124.336572  65.241816    47.453    47.684 11 55001.29998109 29.314
  36 124.336531  65.241590   109.542   109.901 11 55011.21562609 27.928
  37 124.337638  65.241328    47.708    47.858 11 55021.13126969 22.832
  38 124.334968  65.241907   108.433   108.554 11 55031.04691191 27.521
  39 124.332056  65.242898    45.878    45.540 10 55040.96255344 31.374
  40 124.341618  65.244508    45.031    45.190  7 55050.87819466 31.725
  41 124.356145  65.244681    47.399    47.536  3 55060.79383411 24.628
  42 124.338501  65.239958    46.118    45.524 11 55070.70947385 26.746
  43 124.356190  65.240090    45.830    46.208  5 55080.62512453 29.150
  44 124.339316  65.238329    93.109    92.444 11 55090.54077020 17.814
  45 124.337404  65.240054    45.451    45.182 10 55100.45641659 34.965
  46 124.326095  65.240557   107.528   107.528  2 55110.37206159  3.297
  48 124.337677  65.239318   106.685   106.197 10 55130.20334845 18.320
  49 124.351884  65.238961   113.703   111.823  7 55140.11898931  3.364
  50 124.340705  65.237911    44.072    44.022 11 55150.03462681 26.285
  51 124.338861  65.239733   106.954   106.970 11 55159.95026512  1.109
  52 124.333646  65.240974   106.295   106.298  9 55169.86590271  0.539
  53 124.318497  65.239577   106.411   106.411  2 55179.78153801  0.407
  57 124.356151  65.245864    46.040    46.040  2 55219.44413823 16.138
  58 124.341644  65.244153    44.212    44.603  7 55229.35978518 16.253
  59 124.342805  65.242967    44.514    44.900  8 55239.27543042 15.597
  60 124.344857  65.241018    44.469    44.963  8 55249.19107209 15.143
  61 124.346580  65.239802    44.068    43.742  8 55259.10671140 15.230
  62 124.338328  65.238900    43.904    43.623 10 55269.02234905 15.251
  63 124.337840  65.240000    44.210    44.485 10 55278.93798729 14.752
  64 124.337173  65.240532    44.078    44.155 11 55288.85362419 14.601
  65 124.338829  65.240072    44.060    44.614 10 55298.76925885 14.237
  66 124.338703  65.238527    44.192    44.233 11 55308.68490215 25.466
  67 124.339692  65.237680    44.353    44.369 11 55318.60054825 23.335
  68 124.343661  65.238657    89.245    88.675 10 55328.51619373 17.958
  69 124.324305  65.238243   110.769   110.465  6 55338.43183647 25.346
  70 124.336770  65.241425    96.087    96.098 10 55348.34748193 28.866
  71 124.336675  65.242119    94.486    94.441 10 55358.26312428 30.028
  73 124.336235  65.241679    94.282    94.177 11 55378.09440316 29.236
  74 124.336698  65.241880    46.971    46.864 11 55388.01004114 23.771
  76 124.337021  65.241541    45.141    45.385 10 55407.84132232 36.344
  77 124.335941  65.240276    46.151    46.452 10 55417.75697309 27.883
  79 124.335976  65.238263   113.164   118.372 10 55437.58826530 12.720
  80 124.337074  65.239020   107.855   107.901  9 55447.50390897 17.718
  81 124.339179  65.240220    45.778    45.678 10 55457.41955244 26.488
  84 124.340978  65.238717    42.044    42.061 10 55487.16647044 43.831
  85 124.340853  65.237838    41.712    41.706 10 55497.08210425 37.440
  86 124.341132  65.238658   105.865   106.189  8 55506.99774091  0.870
  87 124.339337  65.240180    42.368    42.498 10 55516.91339126 20.146
  88 124.336865  65.241336    42.488    42.557 10 55526.82904060 18.773
  89 124.336107  65.241853    42.603    42.672 11 55536.74468805 18.895
  90 124.335451  65.241951    42.425    42.447 10 55546.66033329 16.632
  91 124.335090  65.242341    42.477    42.538 10 55556.57597679 14.993
  92 124.334584  65.242852    42.528    42.224 10 55566.49161943 14.408
  93 124.335723  65.242656    42.334    42.172 10 55576.40726152 13.877
  94 124.336351  65.241117    42.111    42.141 11 55586.32290163 13.705
  95 124.339743  65.239376    42.096    42.108 11 55596.23853878 12.932
  96 124.339284  65.238045    42.142    41.970 11 55606.15417253 13.053
  97 124.341536  65.238215    42.072    42.041 10 55616.06980449 12.966
  98 124.339709  65.239125    42.349    42.216 10 55625.98544637 12.748
  99 124.339422  65.239832    42.553    42.532 11 55635.90109834 12.536
 100 124.338024  65.239470    42.476    42.427 10 55645.81674804 11.365
 101 124.338614  65.238658    42.477    42.417 11 55655.73239513 11.481
 102 124.339925  65.238284    43.005    43.091 11 55665.64803783 11.412
 103 124.341036  65.238827    44.690    44.817 11 55675.56367764 26.535
 104 124.354329  65.241595    45.951    46.062  5 55685.47931699 27.200
 105 124.330021  65.239808    91.894    91.889  8 55695.39495152 20.113
 106 124.338739  65.241091   110.910   110.797 10 55705.31058795 29.659
 108 124.337703  65.241388    46.841    46.848 10 55725.14188482 55.247
 110 124.355901  65.245280    48.197    48.260  3 55744.97317943 26.660
 112 124.335938  65.240629    44.084    43.278 10 55764.80446311 31.777
 113 124.315387  65.235809   133.906   133.906  2 55774.72009984  3.151
 114 124.342382  65.237687    45.722    45.873 11 55784.63573812 36.554
 115 124.339488  65.238198   101.924   105.315 11 55794.55137139 24.949
 117 124.339055  65.240531    44.590    44.908 10 55814.38265868 31.344
 118 124.337787  65.239311    44.590    44.573 11 55824.29830582 52.595
 120 124.349270  65.238352    45.697    45.789  9 55844.12958825 27.082
 121 124.341586  65.238529    42.350    42.301 10 55854.04522331 44.835
 122 124.337815  65.240101    42.402    42.432 10 55863.96086086 39.804
 123 124.336995  65.241775    42.987    42.625 10 55873.87651448 23.581
 133 124.343822  65.239093    42.514    42.482 10 55973.03295107 14.154
 134 124.336085  65.240170    42.477    42.496 10 55982.94858649 14.318
 135 124.337368  65.240623    42.534    42.503 10 55992.86422082 13.886
 136 124.339724  65.239773    42.437    42.180 11 56002.77986968 13.388
 137 124.340745  65.238031    42.443    42.456 11 56012.69551910 13.513
 139 124.338671  65.239189    42.790    42.876 11 56032.52680833 12.612
 141 124.335308  65.242711    42.353    42.223 10 56052.35808827 26.873
 142 124.336140  65.242282   108.126   108.723 10 56062.27372414 21.970
 143 124.337607  65.240981   119.990   119.482 10 56072.18936420  3.974
 145 124.337328  65.241640    47.007    47.019 11 56092.02066235 54.274
 148 124.337699  65.240490    46.048    45.938 10 56121.76757810 27.219
 149 124.366550  65.241076    47.872    47.742  3 56131.68321618 31.247
 150 124.344121  65.237238   117.294   117.391 11 56141.59884952 26.216
 151 124.365050  65.241342    44.929    44.929  2 56151.51450260 53.125
 154 124.338241  65.240434    46.146    46.266 11 56181.26143976 31.932
 155 124.340684  65.238779    45.603    45.548 11 56191.17707907 31.436
 156 124.339130  65.237749    45.485    45.406 11 56201.09271527 30.079
 158 124.342616  65.241536    43.196    43.191  9 56220.92398220 40.962
 159 124.336545  65.242806    42.202    42.214 10 56230.83963335 36.670
 160 124.333861  65.242532    42.040    42.049 10 56240.75528599 27.333
 161 124.335232  65.241827    42.058    42.064 10 56250.67093496 27.938
 162 124.338738  65.241333    42.229    42.245 10 56260.58657939 26.678
 164 124.311499  65.238777   105.863   105.863  2 56280.41785857  0.242
 166 124.337129  65.240762    42.441    42.448 10 56300.24916114 19.365
 167 124.340588  65.239183    42.144    42.176 11 56310.16480538 19.187
 168 124.340745  65.238228    42.030    42.015 10 56320.08044701 18.487
 169 124.340808  65.239276    42.164    42.123 10 56329.99608794 17.838
 170 124.335852  65.240343    42.716    42.641 10 56339.91172768 15.761
 171 124.335905  65.240971    42.534    42.751 10 56349.82736568 15.469
 172 124.339831  65.240205    42.441    42.441 10 56359.74300269 14.653
 173 124.339584  65.239011    42.815    42.546 10 56369.65865275 14.681
 175 124.353925  65.242516    42.412    42.547  4 56389.48994688 13.272
 176 124.335999  65.242500    43.698    43.703 10 56399.40558861 14.336
 177 124.333873  65.243266    44.216    44.247 10 56409.32122926 34.522
 178 124.336813  65.242949    93.896    89.534 10 56419.23686577 16.597
 179 124.334003  65.241225   113.940   110.862  9 56429.15249988 22.411
 180 124.336842  65.241467    47.628    47.692 10 56439.06815369 28.696
 182 124.335771  65.241963    95.238    95.418 11 56458.89945344 27.300
 183 124.335039  65.241201    46.024    46.029 10 56468.81509882 48.246
 184 124.337144  65.240294    46.298    46.483 11 56478.73074048 26.626
 185 124.353137  65.240798    46.747    46.877  6 56488.64637958 24.987
 187 124.340059  65.239086    46.939    46.650 10 56508.47764738 21.633
 188 124.339744  65.239855    46.990    46.912 11 56518.39328669 24.762
 189 124.336889  65.240223    45.562    45.355 11 56528.30894058 45.207
 190 124.337541  65.240200    46.092    46.196 10 56538.22459053 27.501
 191 124.339951  65.240010    43.934    43.925 10 56548.14023658 45.737
 192 124.338657  65.240298    45.860    45.577 11 56558.05587974 28.781
 193 124.335380  65.241081   107.244   107.044 10 56567.97152183 23.892
 194 124.334451  65.242419    43.251    43.272 11 56577.88716285 49.150
 195 124.337267  65.243064    90.862    90.314  9 56587.80280053 18.411
 196 124.335054  65.242256    91.997    91.512 10 56597.71844200 11.066
 197 124.334798  65.241721    40.787    40.819 10 56607.63409341 32.930
 198 124.336495  65.241806    41.447    41.479 10 56617.54974013 24.520
 199 124.335451  65.241676    41.918    42.007 10 56627.46538325 22.400
 200 124.337301  65.241479    41.518    41.517 11 56637.38102385 20.011
 201 124.338489  65.240450    42.354    42.387 11 56647.29666594 18.066
 202 124.340112  65.239759    42.414    42.415 11 56657.21231808 15.769
 203 124.340196  65.239247    42.523    42.534 10 56667.12796575 14.416
 205 124.337796  65.240642    42.159    42.072 11 56686.95925454 13.794
 206 124.336348  65.240871    42.327    42.366 11 56696.87489623 14.744
 207 124.338852  65.240471    42.400    42.372 11 56706.79053365 12.631
 208 124.340019  65.239587    42.018    41.971 10 56716.70616820 13.754
 209 124.337516  65.239876    42.188    42.286 11 56726.62182108 13.725
 211 124.336015  65.243112    42.779    42.611 10 56746.45311602 12.052
 212 124.332214  65.243198    43.377    43.463 10 56756.36875710 11.423
 213 124.334118  65.242529    44.345    44.287 10 56766.28439291 23.910
 214 124.336963  65.241762    44.741    44.246 11 56776.20003436 32.591
 215 124.332482  65.241533    92.964    91.998 10 56786.11569045 17.364
 216 124.335342  65.242707   117.881   119.359 11 56796.03134364  9.658
 219 124.336392  65.240355    94.208    94.362 10 56825.77827207 22.749
 220 124.340211  65.239073    47.318    47.227 10 56835.69390708 21.345
 221 124.342701  65.239051   105.875   109.422 10 56845.60953882  3.375
 222 124.337201  65.239724    45.816    45.832 11 56855.52518557 53.843
 223 124.337491  65.241251    44.772    44.135 10 56865.44083925 30.448
 224 124.335804  65.241301    44.109    44.110 10 56875.35649174 48.889
 225 124.335938  65.240845    44.822    44.918 10 56885.27214124 50.926
 226 124.337208  65.240410    45.822    46.217 11 56895.18778788 28.834
 227 124.337871  65.241101    44.637    44.994 11 56905.10343139 28.922
 228 124.335469  65.242517   106.495   106.394 11 56915.01907250 22.561
 229 124.342366  65.244830    45.792    46.082  7 56924.93471267 34.123
 231 124.335206  65.242507   107.334   106.720 11 56944.76597963 11.314
 232 124.337072  65.241292    41.722    41.663 11 56954.68162923 39.680
 233 124.337020  65.240936    40.286    40.258 10 56964.59727894 37.921
 234 124.337515  65.241936    41.386    41.401 10 56974.51292419 26.233
 235 124.337356  65.242782    41.536    41.568 10 56984.42856498 25.339
 236 124.336328  65.241744    41.946    41.958 10 56994.34420052 20.760
 237 124.339490  65.239683    41.845    41.814 10 57004.25983990 19.776
 238 124.338807  65.238075    41.887    41.918 11 57014.17549570 20.031
 239 124.339141  65.238391    42.133    42.094 10 57024.09114675 18.641
 240 124.338834  65.240596    42.003    41.990 10 57034.00679539 18.042
 241 124.334918  65.241983    42.086    42.076 10 57043.92244121 17.479
 242 124.335948  65.242117    42.186    42.147 10 57053.83808478 15.640
 243 124.336362  65.240409    42.026    41.993 10 57063.75372356 15.790
 244 124.337814  65.239254    42.097    42.144 10 57073.66935747 14.256
 245 124.337393  65.239539    42.032    42.018 10 57083.58498771 13.006
 246 124.334251  65.241783    42.201    42.217 10 57093.50063754 13.772
 247 124.334806  65.244315    43.445    43.339 10 57103.41629466 11.219
 248 124.331208  65.244233    43.939    44.011 10 57113.33194735 12.058
 249 124.334105  65.242813    43.605    43.614 10 57123.24759449 11.731
 250 124.336147  65.241132    43.992    43.775 11 57133.16323612 11.857
