# NaN NaN NaN ;Mean Elev.(m), Avg Gradient(m/km), RMS Gradient(m/km) - SRTM1     
#   94.953  -8.279  14.130 ;Mean Elev.(m), Avg Gradient(m/km), RMS Gradient(m/km) - ASTER GDEM
#   86.757  -6.656  17.036 ;Mean Elev.(m), Avg Gradient(m/km), RMS Gradient(m/km) - GMTED2010 
   2    99.159 54673.23005032 38.82 127.486408  61.134183 21.291  281.03  281.28  278.33
   2    99.538 54673.23005091 44.05 127.490898  61.132702 30.303  281.03  281.28  278.33
   2    99.037 54673.23005150 49.02 127.495388  61.131220   -100  281.03  281.28  278.33
   3     4.039 54683.14569420  3.28 127.490038  61.134038  2.252  272.32  271.58  269.85
   3     4.285 54683.14569479  3.32 127.494528  61.132556  2.392  272.32  271.58  269.85
   3     4.556 54683.14569538  3.21 127.499017  61.131074  2.060  272.32  271.58  269.85
   4   100.229 54693.06133648 31.53 127.491260  61.134886 20.397  273.29  272.14  270.89
   4   100.317 54693.06133707 28.22 127.495750  61.133404 11.974  273.29  272.14  270.89
   4   100.239 54693.06133766 25.11 127.500240  61.131922  6.454  273.29  272.14  270.89
   5     5.680 54702.97697619  5.87 127.490621  61.135504  2.440  268.33  267.31  266.37
   5     6.202 54702.97697678  5.85 127.495111  61.134022  1.969  268.33  267.31  266.37
   5     6.757 54702.97697737  6.10 127.499601  61.132540  2.284  268.33  267.31  266.37
   5     7.303 54702.97697796  6.24 127.504091  61.131058  2.226  268.33  267.31  266.37
   6   103.090 54712.89262508 25.43 127.485884  61.134775  7.057  260.45  260.06  259.10
   6   102.199 54712.89262567 25.17 127.490374  61.133293  8.016  260.45  260.06  259.10
   6   102.117 54712.89262626 23.80 127.494864  61.131812  5.536  260.45  260.06  259.10
   6   101.784 54712.89262685 23.36 127.499354  61.130330  5.839  260.45  260.06  259.10
   7    13.094 54722.80827348  4.82 127.464070  61.139107  2.168  255.76  254.63  254.63
   7    13.086 54722.80827407  4.92 127.468562  61.137626  1.972  255.76  254.63  254.63
   7    13.081 54722.80827525  5.03 127.477544  61.134664  2.039  255.76  254.63  254.63
   7    13.070 54722.80827584  4.90 127.482035  61.133183  2.101  255.76  254.63  254.63
   7    13.074 54722.80827643  5.08 127.486525  61.131701  2.257  255.76  254.63  254.63
   7    13.057 54722.80827702  5.05 127.491015  61.130220  1.979  255.76  254.63  254.63
   9    99.476 54742.63956857 49.32 127.461176  61.137626   -100  255.20  253.31  254.83
   9    99.398 54742.63956916 48.79 127.465668  61.136145   -100  255.20  253.31  254.83
   9   100.358 54742.63956975 43.28 127.470159  61.134664 21.063  255.20  253.31  254.83
   9    99.067 54742.63957034 50.56 127.474650  61.133183   -100  255.20  253.31  254.83
   9    99.286 54742.63957093 51.68 127.479140  61.131701   -100  255.20  253.31  254.83
   9    99.317 54742.63957152 44.90 127.483630  61.130220   -100  255.20  253.31  254.83
   9    99.163 54742.63957212 48.71 127.488119  61.128738   -100  255.20  253.31  254.83
  10   102.077 54752.55521496 28.24 127.460803  61.138340 13.775 -100.00 -100.00 -100.00
  10   102.603 54752.55521555 26.51 127.465295  61.136859 10.738 -100.00 -100.00 -100.00
  10   103.924 54752.55521614 26.06 127.469787  61.135378 10.849 -100.00 -100.00 -100.00
  10   102.581 54752.55521673 25.58 127.474278  61.133897 11.451 -100.00 -100.00 -100.00
  10   102.781 54752.55521732 24.18 127.478768  61.132415 10.104 -100.00 -100.00 -100.00
  10   102.680 54752.55521791 23.54 127.483258  61.130933  8.807 -100.00 -100.00 -100.00
  10   102.115 54752.55521850 22.17 127.487748  61.129452  6.915 -100.00 -100.00 -100.00
  11   216.150 54762.47086153  0.43 127.464031  61.137323  5.703 -100.00 -100.00 -100.00
  11   178.686 54762.47086212  4.37 127.468523  61.135842  9.548 -100.00 -100.00 -100.00
  11   189.534 54762.47086271  2.32 127.473014  61.134360  7.722 -100.00 -100.00 -100.00
  11   197.561 54762.47086330  2.16 127.477505  61.132879  7.956  249.88  246.40  244.80
  11   182.561 54762.47086507  1.01 127.490975  61.128434  6.824  249.88  246.40  244.80
  12    97.381 54772.38650502 35.86 127.461667  61.136952 28.711  254.07  250.78  249.17
  12    97.339 54772.38650561 36.58 127.466159  61.135471 30.378  254.07  250.78  249.17
  12    97.404 54772.38650620 39.43 127.470650  61.133990   -100  254.07  250.78  249.17
  12    97.742 54772.38650680 40.86 127.475142  61.132509   -100  254.07  250.78  249.17
  12    97.707 54772.38650739 42.00 127.479632  61.131027   -100  254.07  250.78  249.17
  12    97.633 54772.38650798 44.56 127.484123  61.129546   -100  254.07  250.78  249.17
  12    97.630 54772.38650857 47.11 127.488612  61.128064 13.790  254.07  250.78  249.17
  13    97.047 54782.30214574 30.27 127.460375  61.136457 26.502 -100.00 -100.00 -100.00
  13    97.091 54782.30214633 31.79 127.464867  61.134976 32.425 -100.00 -100.00 -100.00
  13    97.173 54782.30214692 34.84 127.469359  61.133495   -100 -100.00 -100.00 -100.00
  13    97.508 54782.30214751 35.17 127.473851  61.132013   -100 -100.00 -100.00 -100.00
  13    97.755 54782.30214810 36.77 127.478341  61.130532 32.727 -100.00 -100.00 -100.00
  13    97.351 54782.30214870 40.69 127.482832  61.129050   -100 -100.00 -100.00 -100.00
  14   102.918 54792.21778387 21.70 127.458778  61.137382  8.216 -100.00 -100.00 -100.00
  14    97.074 54792.21778447 23.29 127.463270  61.135901 12.406 -100.00 -100.00 -100.00
  14    96.867 54792.21778506 25.49 127.467763  61.134420 16.568  249.78  245.43  240.10
  14    97.119 54792.21778565 24.79 127.472254  61.132939 15.498  249.78  245.43  240.10
  14    97.237 54792.21778624 26.66 127.476746  61.131457 18.917  249.78  245.43  240.10
  14    97.184 54792.21778683 28.35 127.481236  61.129976 23.924  249.78  245.43  240.10
  14    97.171 54792.21778742 28.79 127.485727  61.128494 23.795  249.78  245.43  240.10
  17    98.457 54821.96470294 22.62 127.481921  61.135336 15.660  239.41  233.08  221.01
  17    98.346 54821.96470353 23.81 127.486412  61.133854 18.369  239.41  233.08  221.01
  17    98.309 54821.96470412 23.76 127.490902  61.132373 17.370  239.41  233.08  221.01
  17    98.470 54821.96470471 22.91 127.495392  61.130891 17.270  239.41  233.08  221.01
  18    98.531 54831.88035520 20.30 127.481300  61.134302 13.164  243.57  237.83  225.42
  18    98.363 54831.88035579 21.88 127.485791  61.132820 17.772  243.57  237.83  225.42
  18    98.671 54831.88035638 19.81 127.490281  61.131339 11.014  243.57  237.83  225.42
  18    98.639 54831.88035697 19.74 127.494770  61.129857 11.104  243.57  237.83  225.42
  19    98.619 54841.79599194 18.05 127.465330  61.138620  9.302  242.85  236.68  223.87
  19    98.618 54841.79599253 18.16 127.469821  61.137139  8.584  242.85  236.68  223.87
  19    98.530 54841.79599371 18.64 127.478803  61.134176 10.489  242.85  236.68  223.87
  19    98.154 54841.79599430 19.59 127.483294  61.132695 12.138  242.85  236.68  223.87
  19    98.340 54841.79599489 20.45 127.487784  61.131213 14.841  242.85  236.68  223.87
  19    98.247 54841.79599548 19.38 127.492273  61.129732 12.027  242.85  236.68  223.87
  20    98.755 54851.71164128 17.57 127.468356  61.137834  9.328  241.62  234.74  220.50
  20    98.435 54851.71164246 18.22 127.477338  61.134871 10.955  241.62  234.74  220.50
  20    98.305 54851.71164305 18.83 127.481828  61.133390 13.122  241.62  234.74  220.50
  20    98.155 54851.71164364 18.90 127.486318  61.131908 14.314  241.62  234.74  220.50
  20    98.344 54851.71164423 18.19 127.490807  61.130426 10.600  241.62  234.74  220.50
  21    98.483 54861.62729146 15.99 127.481864  61.134548 10.250  239.36  232.06  216.26
  21    98.361 54861.62729205 15.85 127.486354  61.133066  9.610  239.36  232.06  216.26
  21    98.183 54861.62729264 16.19 127.490844  61.131584 10.649  239.36  232.06  216.26
  21    99.703 54861.62729323 14.71 127.495333  61.130102  7.470  239.36  232.06  216.26
  22    98.561 54871.54293994 15.48 127.482077  61.135077  9.181  237.47  229.75  213.40
  22    99.547 54871.54294053 15.70 127.486567  61.133595  9.925  237.47  229.75  213.40
  22    98.628 54871.54294112 16.12 127.491057  61.132113 11.480  237.47  229.75  213.40
  22    99.035 54871.54294171 15.34 127.495546  61.130631  9.401  237.47  229.75  213.40
  23    98.784 54881.45858495 14.76 127.467060  61.138846  7.703  238.95  231.18  214.53
  23    99.958 54881.45858672 14.21 127.480534  61.134401  8.105  238.95  231.18  214.53
  23    99.367 54881.45858731 15.20 127.485024  61.132920  9.366  238.95  231.18  214.53
  23    99.805 54881.45858790 14.80 127.489514  61.131438  8.480  238.95  231.18  214.53
  23    99.312 54881.45858849 14.07 127.494003  61.129956  7.655  238.95  231.18  214.53
  24    98.449 54891.37422814 14.79 127.461677  61.138040  8.507  243.24  236.12  220.26
  24    98.493 54891.37422873 14.87 127.466169  61.136559  9.552  243.24  236.12  220.26
  24    98.679 54891.37422932 14.97 127.470660  61.135077  9.794  243.24  236.12  220.26
  24    98.911 54891.37422991 14.07 127.475151  61.133596  8.389  243.24  236.12  220.26
  24    99.726 54891.37423050 13.81 127.479642  61.132114  8.020  243.24  236.12  220.26
  24    97.915 54891.37423109 15.83 127.484132  61.130633 12.293  243.24  236.12  220.26
  24    97.888 54891.37423168 16.24 127.488622  61.129151 12.566  243.24  236.12  220.26
  25    98.713 54901.28986877 13.77 127.458771  61.136474  7.587  245.96  238.71  223.36
  25    99.527 54901.28986936 13.75 127.463263  61.134993  7.451  245.96  238.71  223.36
  25    99.678 54901.28986995 13.64 127.467755  61.133512  7.244  245.96  238.71  223.36
  25    98.507 54901.28987054 13.93 127.472246  61.132031  7.969  245.96  238.71  223.36
  25    99.625 54901.28987113 13.83 127.476736  61.130549  8.704  245.96  238.71  223.36
  25    98.301 54901.28987172 13.77 127.481226  61.129068  8.660  245.96  238.71  223.36
  25    99.748 54901.28987231 14.08 127.485716  61.127586  8.865  245.96  238.71  223.36
  26    99.118 54911.20550773 13.04 127.458066  61.136572  7.456 -100.00 -100.00 -100.00
  26    98.936 54911.20550832 13.78 127.462557  61.135091  8.696 -100.00 -100.00 -100.00
  26    99.611 54911.20550891 12.65 127.467049  61.133610  6.657 -100.00 -100.00 -100.00
  26    98.793 54911.20550950 13.13 127.471540  61.132129  7.082 -100.00 -100.00 -100.00
  26    99.924 54911.20551009 12.85 127.476031  61.130647  8.437 -100.00 -100.00 -100.00
  26    99.820 54911.20551068 13.00 127.480521  61.129166  7.827 -100.00 -100.00 -100.00
  26    99.074 54911.20551127 13.04 127.485010  61.127684  7.240 -100.00 -100.00 -100.00
  27    99.216 54921.12114594 12.93 127.461666  61.137261  6.685  253.22  247.41  233.98
  27    99.027 54921.12114653 12.98 127.466158  61.135780  6.817  253.22  247.41  233.98
  27    98.744 54921.12114713 12.42 127.470649  61.134298  6.746  253.22  247.41  233.98
  27    98.646 54921.12114772 12.70 127.475140  61.132817  7.259  253.22  247.41  233.98
  27    99.660 54921.12114831 13.41 127.479630  61.131335  9.222  253.22  247.41  233.98
  27    99.001 54921.12114890 13.42 127.484120  61.129854  7.952  253.22  247.41  233.98
  27    99.241 54921.12114949 12.82 127.488609  61.128372  7.481  253.22  247.41  233.98
  28    99.108 54931.03678386 11.88 127.467355  61.137501  5.553  251.06  244.90  229.98
  28   101.088 54931.03678504 11.87 127.476337  61.134539  6.661  251.06  244.90  229.98
  28   100.308 54931.03678563 11.57 127.480828  61.133058  6.287  251.06  244.90  229.98
  28    99.892 54931.03678622 12.04 127.485318  61.131576  7.401  251.06  244.90  229.98
  28    99.631 54931.03678681 12.32 127.489807  61.130094  7.395  251.06  244.90  229.98
  29    99.760 54940.95241979 11.88 127.466899  61.138188  5.956  250.54  243.90  228.30
  29   100.241 54940.95242097 12.08 127.475881  61.135226  6.272  250.54  243.90  228.30
  29   100.211 54940.95242156 12.31 127.480372  61.133745  7.348  250.54  243.90  228.30
  29    99.683 54940.95242215 13.44 127.484862  61.132263  8.623  250.54  243.90  228.30
  29    99.280 54940.95242274 12.83 127.489352  61.130782  8.459  250.54  243.90  228.30
  29    99.205 54940.95242334 13.01 127.493841  61.129300  8.125  250.54  243.90  228.30
  30   226.380 54950.86805386  5.18 127.463704  61.138488  2.354 -100.00 -100.00 -100.00
  30   225.919 54950.86805445  6.32 127.468196  61.137008  4.274 -100.00 -100.00 -100.00
  30   228.997 54950.86805563  6.30 127.477178  61.134046  4.852  260.03  258.37  257.81
  30   231.029 54950.86805622  5.43 127.481669  61.132565  4.327  260.03  258.37  257.81
  30   233.475 54950.86805681  7.79 127.486159  61.131084  7.381  260.03  258.37  257.81
  30   235.317 54950.86805740  9.71 127.490649  61.129602 10.484  260.03  258.37  257.81
  31   104.850 54960.78369412 49.23 127.460262  61.138259   -100 -100.00 -100.00 -100.00
  31   105.235 54960.78369471 40.66 127.464754  61.136779   -100 -100.00 -100.00 -100.00
  31   104.827 54960.78369530 43.12 127.469246  61.135298   -100 -100.00 -100.00 -100.00
  31   104.903 54960.78369589 45.57 127.473737  61.133817   -100 -100.00 -100.00 -100.00
  31   105.033 54960.78369648 40.52 127.478227  61.132337   -100 -100.00 -100.00 -100.00
  31   104.927 54960.78369707 39.74 127.482717  61.130856   -100 -100.00 -100.00 -100.00
  31   104.879 54960.78369766 36.82 127.487207  61.129374   -100 -100.00 -100.00 -100.00
  32   101.984 54970.69934305 49.39 127.462278  61.137549   -100  263.32  262.87  263.28
  32   101.927 54970.69934364 48.49 127.466770  61.136069   -100  263.32  262.87  263.28
  32   101.642 54970.69934423 52.48 127.471261  61.134588  6.886  263.32  262.87  263.28
  32   101.879 54970.69934482 49.92 127.475751  61.133107   -100  263.32  262.87  263.28
  32   101.781 54970.69934541 45.66 127.480242  61.131626   -100  263.32  262.87  263.28
  32   101.447 54970.69934600 43.21 127.484731  61.130145   -100  263.32  262.87  263.28
  32   101.469 54970.69934659 39.60 127.489221  61.128664   -100  263.32  262.87  263.28
  33   102.440 54980.61499076 50.37 127.466124  61.137859   -100 -100.00 -100.00 -100.00
  33   102.334 54980.61499135 51.38 127.470616  61.136378   -100 -100.00 -100.00 -100.00
  33   102.147 54980.61499194 52.56 127.475107  61.134897  0.582 -100.00 -100.00 -100.00
  33   102.258 54980.61499253 50.49 127.479597  61.133416   -100 -100.00 -100.00 -100.00
  33   102.226 54980.61499312 52.88 127.484087  61.131935   -100  256.37  255.14  256.80
  33   102.104 54980.61499371 51.50 127.488577  61.130453   -100  256.37  255.14  256.80
  33   102.299 54980.61499430 51.20 127.493066  61.128972   -100  256.37  255.14  256.80
  34   166.239 54990.53063928 25.91 127.478448  61.135346 21.966  265.95  266.14  265.53
  34   170.120 54990.53063987 25.87 127.482938  61.133865 20.793  265.95  266.14  265.53
  34   171.191 54990.53064046 28.94 127.487428  61.132383   -100  265.95  266.14  265.53
  34   181.952 54990.53064105  1.27 127.491918  61.130902  5.565  265.95  266.14  265.53
  35   102.790 55000.44628657 28.58 127.481569  61.134210  6.043  270.66  269.14  268.21
  35   102.466 55000.44628716 28.77 127.486060  61.132729  6.687  270.66  269.14  268.21
  35   102.310 55000.44628775 28.43 127.490549  61.131247  5.631  270.66  269.14  268.21
  35   102.020 55000.44628834 28.52 127.495039  61.129765  5.943  270.66  269.14  268.21
  36   103.702 55010.36192990 31.50 127.467511  61.138226 19.200 -100.00 -100.00 -100.00
  36   103.594 55010.36193108 24.92 127.476494  61.135264  7.669 -100.00 -100.00 -100.00
  36   103.283 55010.36193168 24.10 127.480985  61.133783  7.187 -100.00 -100.00 -100.00
  36   102.933 55010.36193227 23.95 127.485475  61.132301  6.159 -100.00 -100.00 -100.00
  36   102.256 55010.36193286 23.68 127.489965  61.130820  6.294 -100.00 -100.00 -100.00
  36   101.766 55010.36193345 23.49 127.494454  61.129338  6.147 -100.00 -100.00 -100.00
  37   101.653 55020.27757346 36.09 127.467096  61.137948   -100  277.54  276.46  274.86
  37   100.498 55020.27757464 36.69 127.476079  61.134986   -100  277.54  276.46  274.86
  37   100.191 55020.27757523 38.06 127.480570  61.133504  6.914  277.54  276.46  274.86
  37   100.426 55020.27757583 31.13 127.485060  61.132023   -100  277.54  276.46  274.86
  37   100.135 55020.27757642 28.54 127.489550  61.130541 30.152  277.54  276.46  274.86
  37   100.147 55020.27757701 25.71 127.494040  61.129059 19.574  277.54  276.46  274.86
  38   176.262 55030.19321721 22.40 127.478007  61.135380 27.977 -100.00 -100.00 -100.00
  38   172.736 55030.19321780 24.30 127.482497  61.133898 18.996 -100.00 -100.00 -100.00
  38   169.974 55030.19321839 11.11 127.486988  61.132416  6.305 -100.00 -100.00 -100.00
  38   166.583 55030.19321898  7.77 127.491478  61.130935  7.736 -100.00 -100.00 -100.00
  38   167.444 55030.19321957 21.59 127.495967  61.129453 19.282 -100.00 -100.00 -100.00
  43   100.382 55079.77142601 47.13 127.459211  61.138052   -100 -100.00 -100.00 -100.00
  43   100.409 55079.77142660 46.20 127.463703  61.136571   -100  263.34  263.36  261.08
  43   100.143 55079.77142719 41.67 127.468194  61.135091   -100  263.34  263.36  261.08
  43   100.256 55079.77142779 38.90 127.472686  61.133610   -100  263.34  263.36  261.08
  43   100.217 55079.77142838 36.98 127.477176  61.132129   -100  263.34  263.36  261.08
  43   100.231 55079.77142897 30.30 127.481666  61.130648 23.524  263.34  263.36  261.08
  43   100.196 55079.77142956 28.63 127.486156  61.129166 22.040  263.34  263.36  261.08
  44   100.690 55089.68707487 32.97 127.468786  61.133596   -100  255.72  254.41  254.23
  44   100.531 55089.68707546 31.61 127.473277  61.132115   -100  255.72  254.41  254.23
  44   100.397 55089.68707606 29.39 127.477767  61.130634   -100  255.72  254.41  254.23
  44   100.230 55089.68707665 27.46 127.482257  61.129152   -100  255.72  254.41  254.23
  44   100.298 55089.68707724 23.31 127.486746  61.127671 17.622  255.72  254.41  254.23
  45   100.754 55099.60271974 49.33 127.459516  61.137790 22.721  253.42  251.06  251.71
  45    99.761 55099.60272033 49.36 127.464008  61.136309 31.177  253.42  251.06  251.71
  45   100.168 55099.60272092 39.76 127.468499  61.134828 22.739  253.42  251.06  251.71
  45   100.314 55099.60272151 35.89 127.472990  61.133347 17.067  253.42  251.06  251.71
  45   100.461 55099.60272210 34.06 127.477480  61.131866 12.000  253.42  251.06  251.71
  45   100.359 55099.60272269 33.21 127.481970  61.130384 13.364  253.42  251.06  251.71
  45   100.022 55099.60272328 31.02 127.486460  61.128903  8.735  253.42  251.06  251.71
  47   102.859 55119.43401020 28.65 127.465342  61.137802 19.101  254.59  252.63  253.40
  47   103.007 55119.43401079 27.47 127.469834  61.136321 17.869  254.59  252.63  253.40
  47   100.786 55119.43401138 27.37 127.474325  61.134840 22.670  254.59  252.63  253.40
  47   100.748 55119.43401197 25.78 127.478816  61.133358 18.859  254.59  252.63  253.40
  47    98.870 55119.43401256 26.80 127.483307  61.131877 22.161  254.59  252.63  253.40
  47    99.206 55119.43401315 26.83 127.487797  61.130395 25.324  254.59  252.63  253.40
  47   100.823 55119.43401374 20.84 127.492286  61.128913 11.882  254.59  252.63  253.40
  48    98.418 55129.34965181 44.08 127.462312  61.136815   -100  254.28  251.67  251.40
  48    98.303 55129.34965240 45.25 127.466804  61.135334   -100  254.28  251.67  251.40
  48    97.913 55129.34965299 46.46 127.471296  61.133853  1.137  254.28  251.67  251.40
  48    98.058 55129.34965358 48.18 127.475787  61.132372   -100  254.28  251.67  251.40
  48    98.340 55129.34965417 48.02 127.480278  61.130890   -100  254.28  251.67  251.40
  48    98.199 55129.34965476 50.45 127.484768  61.129409   -100  254.28  251.67  251.40
  49    97.916 55139.26529142 30.82 127.459117  61.135774 17.903 -100.00 -100.00 -100.00
  49    97.774 55139.26529201 31.93 127.463609  61.134293 22.742 -100.00 -100.00 -100.00
  49    97.705 55139.26529260 33.02 127.468101  61.132812 24.502 -100.00 -100.00 -100.00
  49    97.827 55139.26529319 36.72 127.472593  61.131331   -100  253.44  250.34  248.26
  49    97.773 55139.26529378 37.72 127.477084  61.129850   -100  253.44  250.34  248.26
  49    97.712 55139.26529437 38.95 127.481574  61.128368   -100  253.44  250.34  248.26
  50    98.109 55149.18092957 25.41 127.456063  61.137279  9.879  253.54  250.25  247.18
  50    97.967 55149.18093016 25.19 127.460556  61.135798  8.542  253.54  250.25  247.18
  50    97.700 55149.18093076 25.01 127.465048  61.134317  8.943  253.54  250.25  247.18
  50    97.779 55149.18093135 25.14 127.469540  61.132836  9.237  253.54  250.25  247.18
  50    97.854 55149.18093194 25.17 127.474031  61.131355  9.096  253.54  250.25  247.18
  50    97.768 55149.18093253 24.38 127.478522  61.129873  8.084  253.54  250.25  247.18
  50    97.780 55149.18093312 24.10 127.483013  61.128392  7.177  253.54  250.25  247.18
  51    97.924 55159.09656832 23.93 127.462113  61.138511  8.017  243.98  240.16  234.37
  51    97.864 55159.09656891 24.26 127.466606  61.137030  8.327  243.98  240.16  234.37
  51    97.982 55159.09656950 24.23 127.471097  61.135549  8.103  243.98  240.16  234.37
  51    98.060 55159.09657010 23.81 127.475589  61.134067  7.966  243.98  240.16  234.37
  51    97.848 55159.09657069 23.31 127.480080  61.132586  7.194  243.98  240.16  234.37
  51    97.988 55159.09657128 23.95 127.484571  61.131104  9.565  243.98  240.16  234.37
  51    97.910 55159.09657187 22.90 127.489061  61.129623  7.274  243.98  240.16  234.37
  52    98.056 55169.01220875 21.76 127.483192  61.134884  6.565  238.75  234.18  226.67
  52    98.015 55169.01220934 21.43 127.487682  61.133402  6.233  238.75  234.18  226.67
  52    98.111 55169.01220993 21.59 127.492173  61.131920  6.447  238.75  234.18  226.67
  52    98.230 55169.01221052 20.73 127.496663  61.130439  6.003  238.75  234.18  226.67
  53    98.337 55178.92784657 20.32 127.490029  61.134138  5.503  239.89  235.33  227.28
  53    98.438 55178.92784716 19.94 127.494519  61.132657  5.215  239.89  235.33  227.28
  53    98.466 55178.92784775 19.51 127.499009  61.131175  4.621  239.89  235.33  227.28
  54    98.332 55188.84349187 19.48 127.483539  61.134787  5.987  240.67  235.69  226.58
  54    98.236 55188.84349246 19.39 127.488029  61.133306  5.693  240.67  235.69  226.58
  54    98.469 55188.84349305 19.06 127.492519  61.131824  6.148  240.67  235.69  226.58
  54    98.448 55188.84349364 19.48 127.497009  61.130342  7.748  240.67  235.69  226.58
  55    98.240 55198.75914072 19.10 127.467916  61.138213  6.720  238.77  233.55  223.26
  55    98.235 55198.75914190 19.08 127.476898  61.135251  5.851  238.77  233.55  223.26
  55    98.159 55198.75914249 18.31 127.481389  61.133769  5.387  238.77  233.55  223.26
  55    99.500 55198.75914309 18.23 127.485879  61.132288  5.846  238.77  233.55  223.26
  55    99.308 55198.75914368 17.97 127.490369  61.130806  5.410  238.77  233.55  223.26
  55    99.042 55198.75914427 17.40 127.494858  61.129324  5.367  238.77  233.55  223.26
  56    98.283 55208.67479038 18.92 127.467207  61.138380  6.588  239.17  233.68  222.72
  56    97.973 55208.67479156 18.97 127.476190  61.135418  6.472  239.17  233.68  222.72
  56    98.120 55208.67479215 18.52 127.480680  61.133936  5.676  239.17  233.68  222.72
  56    97.974 55208.67479274 18.79 127.485170  61.132455  6.761  239.17  233.68  222.72
  56    98.044 55208.67479333 17.71 127.489660  61.130973  5.267  239.17  233.68  222.72
  56    98.205 55208.67479392 17.77 127.494149  61.129491  5.424  239.17  233.68  222.72
  57    98.064 55218.59044107 17.00 127.479907  61.135422  5.779  245.82  241.08  231.42
  57    98.234 55218.59044166 16.39 127.484397  61.133940  4.922  245.82  241.08  231.42
  57    98.103 55218.59044225 16.40 127.488887  61.132458  6.048  245.82  241.08  231.42
  57    99.507 55218.59044284 16.28 127.493377  61.130976  5.120  245.82  241.08  231.42
  58    97.873 55228.50608981 16.83 127.482934  61.134497  5.591  239.10  233.02  220.99
  58    97.821 55228.50609040 17.03 127.487424  61.133015  6.132  239.10  233.02  220.99
  58    97.966 55228.50609099 16.66 127.491914  61.131533  5.623  239.10  233.02  220.99
  58    97.825 55228.50609158 16.38 127.496403  61.130051  4.841  239.10  233.02  220.99
  59    98.258 55238.42173297 17.04 127.465176  61.138802  6.948  242.03  236.16  224.25
  59    97.991 55238.42173474 16.06 127.478650  61.134358  5.596  242.03  236.16  224.25
  59    97.779 55238.42173533 15.95 127.483140  61.132876  5.085  242.03  236.16  224.25
  59    97.827 55238.42173592 15.87 127.487630  61.131394  5.049  242.03  236.16  224.25
  59    97.712 55238.42173651 15.55 127.492120  61.129912  4.802  242.03  236.16  224.25
  60    98.389 55248.33737433 16.44 127.459487  61.137801  6.068 -100.00 -100.00 -100.00
  60    98.424 55248.33737492 16.59 127.463978  61.136320  6.362  240.32  233.61  220.50
  60    98.053 55248.33737551 16.35 127.468470  61.134839  6.870  240.32  233.61  220.50
  60    98.287 55248.33737610 16.03 127.472961  61.133357  5.680  240.32  233.61  220.50
  60    97.812 55248.33737669 15.89 127.477452  61.131876  5.492  240.32  233.61  220.50
  60    97.826 55248.33737728 15.11 127.481942  61.130394  5.023  240.32  233.61  220.50
  60    97.715 55248.33737787 15.14 127.486432  61.128913  5.309  240.32  233.61  220.50
  61    98.455 55258.25301342 15.92 127.454872  61.137067  6.292  241.80  235.48  222.07
  61    98.256 55258.25301401 16.13 127.459364  61.135586  6.787  241.80  235.48  222.07
  61    98.386 55258.25301460 15.59 127.463856  61.134106  5.402  241.80  235.48  222.07
  61    98.270 55258.25301519 15.84 127.468347  61.132624  7.199  241.80  235.48  222.07
  61    97.954 55258.25301578 14.41 127.472838  61.131143  4.953  241.80  235.48  222.07
  61    97.868 55258.25301637 15.06 127.477328  61.129662  5.084  241.80  235.48  222.07
  61    97.697 55258.25301696 14.73 127.481818  61.128180  5.028  241.80  235.48  222.07
  62    98.468 55268.16865260 14.68 127.458402  61.136057  5.815  243.74  237.06  224.40
  62    98.397 55268.16865319 14.52 127.462894  61.134576  5.987  243.74  237.06  224.40
  62    98.581 55268.16865378 14.19 127.467385  61.133095  5.162  243.74  237.06  224.40
  62    98.121 55268.16865437 14.06 127.471876  61.131614  5.319  243.74  237.06  224.40
  62    97.943 55268.16865496 14.04 127.476367  61.130133  5.474  243.74  237.06  224.40
  62    97.737 55268.16865555 13.83 127.480857  61.128651  4.986  243.74  237.06  224.40
  63    98.552 55278.08429097 15.03 127.460066  61.137802  5.538  247.60  240.94  228.34
  63    98.385 55278.08429156 15.22 127.464557  61.136322  6.358  247.60  240.94  228.34
  63    98.280 55278.08429216 14.95 127.469049  61.134841  6.046  247.60  240.94  228.34
  63    98.142 55278.08429275 14.64 127.473540  61.133359  5.742  247.60  240.94  228.34
  63    98.090 55278.08429334 14.32 127.478030  61.131878  4.952  247.60  240.94  228.34
  63    97.825 55278.08429393 14.38 127.482520  61.130396  5.413  247.60  240.94  228.34
  63    97.430 55278.08429452 14.21 127.487010  61.128915  5.882  247.60  240.94  228.34
  64    98.377 55287.99992860 15.09 127.465452  61.138385  6.939  248.42  241.99  228.53
  64    98.163 55287.99992919 14.75 127.469943  61.136904  6.532  248.42  241.99  228.53
  64    98.354 55287.99992978 13.95 127.474435  61.135423  5.095  248.42  241.99  228.53
  64    98.123 55287.99993037 14.04 127.478925  61.133941  5.025  248.42  241.99  228.53
  64    97.816 55287.99993096 14.34 127.483416  61.132460  5.918  248.42  241.99  228.53
  64    97.763 55287.99993155 13.43 127.487905  61.130978  4.763  248.42  241.99  228.53
  64    99.588 55287.99993215 13.75 127.492395  61.129497  4.840  248.42  241.99  228.53
  65    98.323 55297.91556354 11.99 127.467298  61.138886  5.690 -100.00 -100.00 -100.00
  65    98.015 55297.91556531 11.66 127.480771  61.134443  5.784  249.53  242.74  229.67
  65    98.025 55297.91556590 11.80 127.485262  61.132962  5.308  249.53  242.74  229.67
  65   100.234 55297.91556649 11.54 127.489751  61.131480  4.847  249.53  242.74  229.67
  65    99.633 55297.91556708 10.89 127.494241  61.129999  4.232  249.53  242.74  229.67
  66   100.274 55307.83120581 27.56 127.464532  61.137908 20.525  251.58  244.76  230.40
  66   100.673 55307.83120640 27.68 127.469024  61.136428 16.047  251.58  244.76  230.40
  66   100.704 55307.83120699 31.85 127.473515  61.134947 29.706  251.58  244.76  230.40
  66   100.436 55307.83120758 30.10 127.478006  61.133466 26.037  251.58  244.76  230.40
  66   100.116 55307.83120817 29.76 127.482496  61.131985 29.134  251.58  244.76  230.40
  66   100.172 55307.83120876 27.29 127.486985  61.130504 19.990  251.58  244.76  230.40
  66   100.090 55307.83120935 24.83 127.491475  61.129022 18.360  251.58  244.76  230.40
  67   224.126 55317.74685179  1.21 127.458881  61.137341  2.924 -100.00 -100.00 -100.00
  67   223.084 55317.74685239  1.18 127.463372  61.135861  2.900  257.91  254.21  248.07
  67   221.861 55317.74685298  1.14 127.467863  61.134380  3.215  257.91  254.21  248.07
  67   214.061 55317.74685357  1.62 127.472354  61.132900  3.768  257.91  254.21  248.07
  67   216.052 55317.74685416  1.77 127.476844  61.131419  3.981  257.91  254.21  248.07
  67   217.637 55317.74685475  1.20 127.481334  61.129938  3.735  257.91  254.21  248.07
  67   217.508 55317.74685534  1.07 127.485823  61.128456  4.087  257.91  254.21  248.07
  68   227.474 55327.66249742  2.75 127.461561  61.136157  2.673  262.58  262.22  261.90
  68   228.457 55327.66249801  3.96 127.466052  61.134677  3.705  262.58  262.22  261.90
  68   229.821 55327.66249860  4.88 127.470542  61.133196  5.745  262.58  262.22  261.90
  68   229.674 55327.66249919  7.02 127.475033  61.131715  7.080  262.58  262.22  261.90
  68   231.787 55327.66249978  9.33 127.479522  61.130234  9.931  262.58  262.22  261.90
  68   234.185 55327.66250037  7.04 127.484012  61.128753  6.421  262.58  262.22  261.90
  69   221.182 55337.57814154  5.50 127.461424  61.138328  2.561  255.06  255.08  255.33
  69   222.439 55337.57814213  5.30 127.465915  61.136848  2.757  255.06  255.08  255.33
  69   223.419 55337.57814272  5.94 127.470406  61.135367  3.227  255.06  255.08  255.33
  69   224.994 55337.57814331  5.64 127.474897  61.133886  3.914  255.06  255.08  255.33
  69   226.973 55337.57814390  5.39 127.479387  61.132405  4.923  255.06  255.08  255.33
  69   227.750 55337.57814449  3.85 127.483877  61.130923  3.682  255.06  255.08  255.33
  69   230.003 55337.57814508  4.39 127.488366  61.129442  4.630  255.06  255.08  255.33
  70   101.321 55347.49378583 48.54 127.466622  61.139161 31.847 -100.00 -100.00 -100.00
  70   101.104 55347.49378761 47.99 127.480096  61.134718   -100 -100.00 -100.00 -100.00
  70   101.058 55347.49378820 40.32 127.484586  61.133236 25.656 -100.00 -100.00 -100.00
  70   101.153 55347.49378879 37.64 127.489076  61.131755 16.862  262.76  261.57  261.23
  70   100.744 55347.49378938 42.67 127.493565  61.130273   -100  262.76  261.57  261.23
  71   101.081 55357.40943043 55.18 127.485214  61.134151  6.993  267.57  266.20  265.34
  71   100.859 55357.40943102 55.98 127.489704  61.132669 12.921  267.57  266.20  265.34
  71   101.000 55357.40943161 56.46 127.494194  61.131188   -100  267.57  266.20  265.34
  72   100.396 55367.32507043 36.24 127.482774  61.134618 29.468 -100.00 -100.00 -100.00
  72   100.334 55367.32507102 29.52 127.487264  61.133137 10.109 -100.00 -100.00 -100.00
  72   100.249 55367.32507161 27.58 127.491754  61.131655  7.070 -100.00 -100.00 -100.00
  72    99.763 55367.32507220 27.39 127.496244  61.130173  6.860 -100.00 -100.00 -100.00
  75   167.469 55397.07198505 10.39 127.488028  61.134697  8.873  280.45  280.30  278.40
  75   177.620 55397.07198564  0.33 127.492518  61.133215  3.633  280.45  280.30  278.40
  76   100.292 55406.98762787 31.29 127.488112  61.135359 22.829  270.84  271.53  269.21
  76   100.006 55406.98762846 29.36 127.492602  61.133878 24.313  270.84  271.53  269.21
  76    99.931 55406.98762905 27.05 127.497092  61.132396 15.632  270.84  271.53  269.21
  76    99.782 55406.98762964 22.12 127.501581  61.130914 10.833  270.84  271.53  269.21
  78    98.446 55426.81892505 46.16 127.468832  61.136257  5.085  267.24  268.14  265.81
  78    98.320 55426.81892564 42.21 127.473323  61.134776   -100  267.24  268.14  265.81
  78    98.605 55426.81892623 51.48 127.477814  61.133295 23.775  267.24  268.14  265.81
  78    98.493 55426.81892682 47.53 127.482304  61.131814  1.131  267.24  268.14  265.81
  78    98.461 55426.81892741 49.64 127.486794  61.130332 10.946  267.24  268.14  265.81
  78    98.418 55426.81892800 51.77 127.491283  61.128851 15.926  267.24  268.14  265.81
  79    99.482 55436.73456952 52.55 127.462240  61.135994 16.769  263.56  264.56  261.93
  79    99.682 55436.73457011 40.80 127.466732  61.134513   -100  263.56  264.56  261.93
  79    99.581 55436.73457070 43.56 127.471223  61.133032   -100  263.56  264.56  261.93
  79    99.694 55436.73457129 37.41 127.475713  61.131551 28.373  263.56  264.56  261.93
  79    99.604 55436.73457188 36.07 127.480203  61.130070 24.256  263.56  264.56  261.93
  79    99.753 55436.73457247 36.81 127.484692  61.128588 27.341  263.56  264.56  261.93
  80    99.748 55446.65021361 35.83 127.465373  61.134646 22.820  260.02  259.11  258.63
  80    99.825 55446.65021420 42.06 127.469864  61.133165   -100  260.02  259.11  258.63
  80    99.589 55446.65021479 40.48 127.474355  61.131684   -100  260.02  259.11  258.63
  80    99.760 55446.65021538 36.88 127.478845  61.130203 30.367  260.02  259.11  258.63
  80    99.748 55446.65021597 40.43 127.483334  61.128722   -100  260.02  259.11  258.63
  81    98.912 55456.56585646 52.87 127.464770  61.136253 23.507  255.51  252.88  253.66
  81    98.978 55456.56585705 40.22 127.469261  61.134772   -100  255.51  252.88  253.66
  81    99.328 55456.56585764 34.83 127.473752  61.133291 27.429  255.51  252.88  253.66
  81    99.420 55456.56585823 31.50 127.478242  61.131810 14.679  255.51  252.88  253.66
  81    99.214 55456.56585882 29.68 127.482732  61.130328 10.997  255.51  252.88  253.66
  81    99.268 55456.56585941 34.04 127.487222  61.128847 21.885  255.51  252.88  253.66
  82    98.349 55466.48150102 56.76 127.482901  61.132009   -100  257.43  256.19  256.92
  82    98.388 55466.48150161 56.76 127.487391  61.130527   -100  257.43  256.19  256.92
  82    98.409 55466.48150220 56.60 127.491881  61.129045   -100  257.43  256.19  256.92
  83   101.781 55476.39713788 30.78 127.465195  61.138348 19.558  256.81  254.91  256.25
  83   101.869 55476.39713847 28.19 127.469687  61.136867 14.272  256.81  254.91  256.25
  83   100.349 55476.39713906 25.93 127.474179  61.135386 13.399  256.81  254.91  256.25
  83   101.286 55476.39713965 22.25 127.478670  61.133905  6.556  256.81  254.91  256.25
  83   102.132 55476.39714024 21.36 127.483161  61.132423  6.649  256.81  254.91  256.25
  83   100.708 55476.39714083 20.28 127.487651  61.130941  5.555  256.81  254.91  256.25
  83    98.821 55476.39714142 31.54 127.492141  61.129460 21.456  256.81  254.91  256.25
  84    98.290 55486.31277400 43.23 127.464659  61.137720   -100  249.17  245.58  242.33
  84    98.173 55486.31277459 43.66 127.469152  61.136239   -100  249.17  245.58  242.33
  84    97.840 55486.31277518 40.21 127.473644  61.134758   -100  249.17  245.58  242.33
  84    97.969 55486.31277577 48.22 127.478135  61.133277   -100  249.17  245.58  242.33
  84    97.821 55486.31277636 46.21 127.482626  61.131795   -100  249.17  245.58  242.33
  84    97.872 55486.31277695 45.87 127.487117  61.130314   -100  249.17  245.58  242.33
  84    97.914 55486.31277754 44.18 127.491607  61.128832   -100  249.17  245.58  242.33
  85    97.565 55496.22840775 33.59 127.461976  61.137673 21.865  255.75  252.55  250.13
  85    97.308 55496.22840835 34.27 127.466469  61.136192 23.017  255.75  252.55  250.13
  85    97.360 55496.22840894 36.30 127.470961  61.134711 30.018  255.75  252.55  250.13
  85    97.323 55496.22840953 38.88 127.475453  61.133230   -100  255.75  252.55  250.13
  85    97.612 55496.22841012 40.06 127.479944  61.131749 29.867  255.75  252.55  250.13
  85    97.220 55496.22841071 42.10 127.484435  61.130268   -100  255.75  252.55  250.13
  85    97.346 55496.22841130 43.67 127.488926  61.128786  5.502  255.75  252.55  250.13
  86    98.028 55506.14404319 35.96 127.463973  61.137990   -100 -100.00 -100.00 -100.00
  86    97.937 55506.14404378 39.03 127.468466  61.136509   -100  250.11  246.20  241.70
  86    97.850 55506.14404437 39.89 127.472958  61.135028   -100  250.11  246.20  241.70
  86    97.713 55506.14404496 37.10 127.477449  61.133547   -100  250.11  246.20  241.70
  86    97.436 55506.14404555 35.61 127.481941  61.132065   -100  250.11  246.20  241.70
  86    97.416 55506.14404614 38.06 127.486432  61.130584   -100  250.11  246.20  241.70
  86    97.493 55506.14404673 36.83 127.490922  61.129102   -100  250.11  246.20  241.70
  87    98.381 55516.05969379 37.21 127.464844  61.138820 30.297 -100.00 -100.00 -100.00
  87    98.625 55516.05969438 38.19 127.469336  61.137339   -100 -100.00 -100.00 -100.00
  87    97.961 55516.05969556 33.64 127.478320  61.134377 27.983  250.67  247.22  241.19
  87    97.887 55516.05969615 33.80 127.482811  61.132895 27.599  250.67  247.22  241.19
  87    98.043 55516.05969674 34.89 127.487302  61.131414 32.139  250.67  247.22  241.19
  87    98.278 55516.05969733 34.78 127.491792  61.129932 29.392  250.67  247.22  241.19
  88    99.990 55525.97534581 24.87 127.483948  61.134239 11.721  242.01  236.24  227.89
  88    98.045 55525.97534640 26.58 127.488438  61.132758 15.946  242.01  236.24  227.89
  88    99.983 55525.97534699 24.55 127.492929  61.131276 10.871  242.01  236.24  227.89
  88    98.743 55525.97534758 24.32 127.497418  61.129794 10.377  242.01  236.24  227.89
  89   101.455 55535.89099326 21.47 127.482330  61.135212 10.244  239.78  233.90  223.97
  89    99.494 55535.89099385 22.39 127.486821  61.133731 12.119  239.78  233.90  223.97
  89    99.983 55535.89099444 21.80 127.491311  61.132249  9.795  239.78  233.90  223.97
  89    99.021 55535.89099503 22.49 127.495800  61.130767 11.727  239.78  233.90  223.97
  90   100.745 55545.80663907 18.95 127.483558  61.134028  7.520  239.23  232.76  221.10
  90    97.132 55545.80663966 20.47 127.488048  61.132546 10.345  239.23  232.76  221.10
  90    99.114 55545.80664025 19.37 127.492538  61.131064  8.855  239.23  232.76  221.10
  90   100.199 55545.80664084 18.72 127.497027  61.129583  7.568  239.23  232.76  221.10
  91   100.749 55555.72228208 18.65 127.477788  61.135144  8.521  238.43  233.07  220.85
  91   100.786 55555.72228267 17.82 127.482278  61.133663  7.424  238.43  233.07  220.85
  91    98.921 55555.72228326 18.39 127.486768  61.132181  8.508  238.43  233.07  220.85
  91    99.962 55555.72228385 17.16 127.491258  61.130699  6.171  238.43  233.07  220.85
  92   101.347 55565.63792470 16.83 127.477408  61.135412  7.188  244.51  238.47  226.97
  92   100.619 55565.63792529 16.80 127.481899  61.133931  7.355  244.51  238.47  226.97
  92   100.501 55565.63792588 16.30 127.486389  61.132449  6.661  244.51  238.47  226.97
  92    99.273 55565.63792647 16.34 127.490879  61.130967  6.760  244.51  238.47  226.97
  92    99.733 55565.63792706 15.72 127.495368  61.129485  5.525  244.51  238.47  226.97
  93   101.327 55575.55356738 15.43 127.482957  61.134229  6.340  238.80  231.81  218.09
  93   101.600 55575.55356797 14.82 127.487447  61.132747  5.958  238.80  231.81  218.09
  93   100.299 55575.55356856 15.09 127.491937  61.131265  5.809  238.80  231.81  218.09
  93   100.876 55575.55356915 14.86 127.496426  61.129783  5.120  238.80  231.81  218.09
  94   101.591 55585.46920559 14.42 127.466766  61.139340  6.581  241.91  235.15  221.54
  94   101.451 55585.46920736 14.28 127.480240  61.134896  5.581  241.91  235.15  221.54
  94   101.193 55585.46920795 14.37 127.484731  61.133415  6.666  241.91  235.15  221.54
  94   101.831 55585.46920854 14.33 127.489222  61.131933  5.713  241.91  235.15  221.54
  94   100.611 55585.46920913 14.04 127.493711  61.130451  5.983  241.91  235.15  221.54
  95   101.454 55595.38484242 14.38 127.464428  61.139185  6.641  242.77  235.47  221.44
  95   101.816 55595.38484301 14.04 127.468920  61.137704  5.835  242.77  235.47  221.44
  95   101.700 55595.38484419 13.84 127.477904  61.134742  5.714  242.77  235.47  221.44
  95   101.321 55595.38484478 13.54 127.482395  61.133260  5.023  242.77  235.47  221.44
  95   101.437 55595.38484537 13.72 127.486886  61.131779  5.425  242.77  235.47  221.44
  95   101.080 55595.38484596 13.77 127.491376  61.130297  6.385  242.77  235.47  221.44
  96   100.695 55605.30047634 13.56 127.464160  61.138348  5.672 -100.00 -100.00 -100.00
  96   101.416 55605.30047693 13.89 127.468653  61.136867  6.111 -100.00 -100.00 -100.00
  96   101.203 55605.30047752 13.82 127.473145  61.135386  6.448 -100.00 -100.00 -100.00
  96   101.485 55605.30047811 13.42 127.477636  61.133905  6.530  236.23  228.07  212.30
  96   100.754 55605.30047870 13.24 127.482128  61.132424  5.428  236.23  228.07  212.30
  96   101.246 55605.30047929 13.17 127.486618  61.130943  5.350  236.23  228.07  212.30
  96   100.148 55605.30047988 13.17 127.491109  61.129461  5.838  236.23  228.07  212.30
  97   101.307 55615.21610822 13.67 127.464533  61.138351  5.867 -100.00 -100.00 -100.00
  97   101.325 55615.21610881 13.38 127.469025  61.136871  5.332 -100.00 -100.00 -100.00
  97   100.882 55615.21610940 13.74 127.473517  61.135390  6.005  239.96  231.56  216.08
  97   101.341 55615.21610999 13.27 127.478009  61.133909  5.427  239.96  231.56  216.08
  97   100.986 55615.21611058 12.84 127.482500  61.132427  5.025  239.96  231.56  216.08
  97   100.939 55615.21611117 13.24 127.486991  61.130946  6.210  239.96  231.56  216.08
  97   100.046 55615.21611176 13.25 127.491481  61.129464  6.721  239.96  231.56  216.08
  98   101.187 55625.13174867 13.33 127.465524  61.138760  6.098 -100.00 -100.00 -100.00
  98   100.956 55625.13175044 12.76 127.479000  61.134317  5.901 -100.00 -100.00 -100.00
  98   101.612 55625.13175103 12.33 127.483491  61.132836  5.377 -100.00 -100.00 -100.00
  98   101.386 55625.13175162 12.38 127.487982  61.131354  5.362  242.14  233.27  217.30
  98   100.368 55625.13175221 12.30 127.492472  61.129873  6.166  242.14  233.27  217.30
  99   101.709 55635.04740099 13.16 127.464385  61.139031  5.944 -100.00 -100.00 -100.00
  99   101.137 55635.04740158 13.00 127.468877  61.137550  5.812 -100.00 -100.00 -100.00
  99   101.285 55635.04740276 12.81 127.477860  61.134588  5.321 -100.00 -100.00 -100.00
  99   101.347 55635.04740335 12.66 127.482351  61.133107  5.161  244.29  236.14  220.38
  99   101.104 55635.04740394 12.77 127.486841  61.131626  6.466  244.29  236.14  220.38
  99   100.432 55635.04740453 12.12 127.491331  61.130144  4.981  244.29  236.14  220.38
 100   101.610 55644.96305161 11.60 127.466569  61.138019  5.323  247.65  240.38  225.51
 100   101.241 55644.96305279 11.68 127.475552  61.135057  5.284  247.65  240.38  225.51
 100   101.596 55644.96305338 11.53 127.480043  61.133576  4.971  247.65  240.38  225.51
 100   101.588 55644.96305397 11.03 127.484533  61.132095  4.968  247.65  240.38  225.51
 100   101.442 55644.96305456 11.32 127.489023  61.130613  5.122  247.65  240.38  225.51
 100   100.221 55644.96305515 11.48 127.493512  61.129132  5.145  247.65  240.38  225.51
 101   101.980 55654.87869892 10.71 127.464305  61.137886  5.420  245.93  239.75  226.66
 101   101.946 55654.87869951 11.05 127.468796  61.136406  5.385  245.93  239.75  226.66
 101   101.839 55654.87870010 10.67 127.473288  61.134925  5.546  245.93  239.75  226.66
 101   101.758 55654.87870069 10.60 127.477778  61.133444  5.200  245.93  239.75  226.66
 101   101.557 55654.87870128 10.08 127.482268  61.131963  4.190  245.93  239.75  226.66
 101   101.409 55654.87870187 10.21 127.486758  61.130481  4.464  245.93  239.75  226.66
 101   101.261 55654.87870246  9.93 127.491248  61.129000  4.041  245.93  239.75  226.66
 102   101.645 55664.79434178 10.81 127.462843  61.137349  4.962 -100.00 -100.00 -100.00
 102   101.581 55664.79434237 10.73 127.467334  61.135868  5.206 -100.00 -100.00 -100.00
 102   101.648 55664.79434296 10.48 127.471825  61.134388  4.685 -100.00 -100.00 -100.00
 102   101.663 55664.79434355 10.35 127.476316  61.132907  5.506 -100.00 -100.00 -100.00
 102   101.394 55664.79434415 10.03 127.480806  61.131426  4.433 -100.00 -100.00 -100.00
 102   101.175 55664.79434474  9.91 127.485295  61.129944  4.648 -100.00 -100.00 -100.00
 102   101.009 55664.79434533  9.81 127.489785  61.128463  4.419 -100.00 -100.00 -100.00
 103   104.333 55674.70998163 30.04 127.462175  61.137215 14.625  259.17  253.78  242.21
 103   104.340 55674.70998222 29.91 127.466667  61.135735 16.329  259.17  253.78  242.21
 103   103.790 55674.70998281 29.69 127.471158  61.134254 18.942  259.17  253.78  242.21
 103    99.713 55674.70998340 29.57 127.475648  61.132773 19.573  259.17  253.78  242.21
 103    97.326 55674.70998399 29.33 127.480138  61.131292 21.029  259.17  253.78  242.21
 103    96.928 55674.70998458 31.68 127.484628  61.129811   -100  259.17  253.78  242.21
 103    98.967 55674.70998517 27.01 127.489117  61.128329 18.404  259.17  253.78  242.21
 104    98.988 55684.62562010 43.11 127.465479  61.137137   -100  259.05  257.08  256.17
 104    98.888 55684.62562069 41.23 127.469970  61.135656   -100  259.05  257.08  256.17
 104    98.635 55684.62562128 45.60 127.474461  61.134176  9.205  259.05  257.08  256.17
 104    98.978 55684.62562187 44.63 127.478951  61.132694   -100  259.05  257.08  256.17
 104    98.782 55684.62562246 39.17 127.483441  61.131213   -100  259.05  257.08  256.17
 104    98.609 55684.62562305 36.63 127.487930  61.129732   -100  259.05  257.08  256.17
 105   104.697 55694.54125676 52.77 127.465486  61.139352   -100  255.20  253.39  255.68
 105   104.700 55694.54125853 53.62 127.478960  61.134909   -100  255.20  253.39  255.68
 105   104.463 55694.54125912 53.13 127.483451  61.133428  4.653  255.20  253.39  255.68
 105   104.577 55694.54125972 54.08 127.487941  61.131947 12.757  255.20  253.39  255.68
 105   104.635 55694.54126031 46.54 127.492430  61.130465   -100  255.20  253.39  255.68
 106   166.260 55704.45689471 23.19 127.485953  61.135088 14.461  265.65  263.99  265.04
 106   170.471 55704.45689530 20.47 127.490444  61.133606 10.077  265.65  263.99  265.04
 106   171.313 55704.45689589 25.75 127.494934  61.132125 15.469  265.65  263.99  265.04
 106   175.356 55704.45689648 10.73 127.499423  61.130643 28.444  265.65  263.99  265.04
 108   173.176 55724.28819035 12.05 127.487159  61.134132 10.127  275.90  275.36  274.55
 108   170.035 55724.28819094 20.14 127.491650  61.132651 11.274  275.90  275.36  274.55
 108   167.205 55724.28819153 21.07 127.496140  61.131169 14.007  275.90  275.36  274.55
 109   143.267 55734.20383711 26.33 127.483898  61.134535 11.266  274.17  272.83  272.23
 109   147.681 55734.20383770 22.13 127.488388  61.133053  7.098  274.17  272.83  272.23
 109   148.777 55734.20383829 28.68 127.492878  61.131572 30.183  274.17  272.83  272.23
 109   151.654 55734.20383888 12.78 127.497368  61.130090 12.673  274.17  272.83  272.23
 111   168.072 55754.03512700  9.11 127.480126  61.135340  7.131  281.27  280.48  279.54
 111   175.499 55754.03512818  0.95 127.489106  61.132376  3.200  281.27  280.48  279.54
 111   164.723 55754.03512877  8.21 127.493596  61.130895  6.409  281.27  280.48  279.54
 112    97.847 55763.95076962 26.80 127.482823  61.133490 24.532  277.57  278.22  275.64
 112    97.377 55763.95077022 28.91 127.487313  61.132008   -100  277.57  278.22  275.64
 112   100.229 55763.95077081 24.01 127.491803  61.130527 19.592  277.57  278.22  275.64
 113    99.753 55773.86640678 44.38 127.464866  61.137979 25.094  272.77  274.41  270.76
 113    98.769 55773.86640737 48.97 127.469357  61.136498 15.033  272.77  274.41  270.76
 113    99.344 55773.86640796 39.53 127.473849  61.135017 32.152  272.77  274.41  270.76
 113    99.464 55773.86640855 51.55 127.478339  61.133536   -100  272.77  274.41  270.76
 113    99.486 55773.86640914 48.77 127.482830  61.132055   -100  272.77  274.41  270.76
 113    99.365 55773.86640973 51.62 127.487320  61.130573   -100  272.77  274.41  270.76
 113    99.192 55773.86641032 53.24 127.491809  61.129092   -100  272.77  274.41  270.76
 114   102.148 55783.78204277 27.97 127.464241  61.137096  5.174  258.49  256.72  256.10
 114   101.556 55783.78204336 27.27 127.468733  61.135615  5.428  258.49  256.72  256.10
 114   101.133 55783.78204395 28.20 127.473224  61.134135  6.872  258.49  256.72  256.10
 114   101.435 55783.78204454 26.82 127.477715  61.132654  4.684  258.49  256.72  256.10
 114   101.173 55783.78204513 27.16 127.482205  61.131173  5.120  258.49  256.72  256.10
 114   100.985 55783.78204572 27.29 127.486695  61.129691  4.600  258.49  256.72  256.10
 115   100.440 55793.69767584 44.92 127.462486  61.138707   -100  262.46  261.56  260.46
 115   101.050 55793.69767643 38.21 127.466978  61.137227   -100  262.46  261.56  260.46
 115   100.894 55793.69767702 40.40 127.471470  61.135746   -100  262.46  261.56  260.46
 115   101.507 55793.69767761 33.21 127.475961  61.134265 21.776  262.46  261.56  260.46
 115   100.350 55793.69767821 30.84 127.480452  61.132784 20.259  262.46  261.56  260.46
 115   100.465 55793.69767880 30.29 127.484942  61.131303 19.892  262.46  261.56  260.46
 115   100.241 55793.69767939 27.96 127.489432  61.129822 17.250  262.46  261.56  260.46
 120   100.467 55843.27589364 23.25 127.485126  61.131019 16.624  253.43  251.80  253.60
 120   100.525 55843.27589423 20.50 127.489616  61.129537 10.329  253.43  251.80  253.60
 122    98.021 55863.10716522 40.48 127.485891  61.134157   -100  248.79  245.43  244.45
 122    98.046 55863.10716581 40.00 127.490382  61.132675   -100  248.79  245.43  244.45
 122    98.041 55863.10716640 43.85 127.494872  61.131194   -100  248.79  245.43  244.45
 123    98.060 55873.02281897 33.18 127.483000  61.135329 32.077  253.97  251.50  249.60
 123    98.004 55873.02281956 36.50 127.487491  61.133848   -100  253.97  251.50  249.60
 123    98.234 55873.02282015 35.87 127.491981  61.132366   -100  253.97  251.50  249.60
 123    98.092 55873.02282074 36.42 127.496471  61.130884   -100  253.97  251.50  249.60
 133    99.317 55972.17925382 13.56 127.459497  61.138138  8.507 -100.00 -100.00 -100.00
 133    99.246 55972.17925441 13.41 127.463989  61.136657  7.279 -100.00 -100.00 -100.00
 133    98.624 55972.17925500 12.61 127.468481  61.135176  5.542 -100.00 -100.00 -100.00
 133   100.448 55972.17925559 12.57 127.472973  61.133695  5.951 -100.00 -100.00 -100.00
 133   100.590 55972.17925618 11.89 127.477464  61.132214  5.271 -100.00 -100.00 -100.00
 133   100.483 55972.17925677 11.51 127.481954  61.130732  4.288 -100.00 -100.00 -100.00
 133   100.484 55972.17925736 11.45 127.486444  61.129251  4.320 -100.00 -100.00 -100.00
 134    99.148 55982.09489041 13.17 127.465101  61.139208  7.229 -100.00 -100.00 -100.00
 134   100.188 55982.09489219 12.34 127.478576  61.134765  5.690 -100.00 -100.00 -100.00
 134   100.253 55982.09489278 11.95 127.483067  61.133284  5.539 -100.00 -100.00 -100.00
 134   100.091 55982.09489337 11.65 127.487558  61.131802  4.821 -100.00 -100.00 -100.00
 134   100.618 55982.09489396 11.47 127.492048  61.130321  4.572 -100.00 -100.00 -100.00
 135   100.834 55992.01052740 11.73 127.484366  61.134904  5.364  239.99  230.26  211.40
 135   100.664 55992.01052799 11.10 127.488856  61.133423  4.606  239.99  230.26  211.40
 135   100.293 55992.01052858 10.42 127.493346  61.131941  3.922  239.99  230.26  211.40
 135   100.375 55992.01052917 10.45 127.497836  61.130459  4.280  239.99  230.26  211.40
 136   100.523 56001.92617468 11.54 127.482124  61.134340  4.939  237.37  226.25  205.63
 136   100.547 56001.92617527 11.25 127.486615  61.132858  4.790  237.37  226.25  205.63
 136   100.298 56001.92617586 11.38 127.491105  61.131377  4.257  237.37  226.25  205.63
 136   100.075 56001.92617645 11.32 127.495594  61.129895  5.311  237.37  226.25  205.63
 137    99.494 56011.84182245 12.28 127.461979  61.138036  6.479  243.51  234.14  214.50
 137    99.083 56011.84182304 11.93 127.466470  61.136556  6.110  243.51  234.14  214.50
 137   100.241 56011.84182363 11.61 127.470962  61.135075  6.353  243.51  234.14  214.50
 137   100.910 56011.84182422 10.79 127.475452  61.133594  4.603  243.51  234.14  214.50
 137   100.753 56011.84182481 11.10 127.479943  61.132113  5.894  243.51  234.14  214.50
 137   100.662 56011.84182540  9.99 127.484433  61.130632  3.930  243.51  234.14  214.50
 137   100.772 56011.84182599 10.03 127.488922  61.129151  4.188  243.51  234.14  214.50
 138   100.438 56021.75746868 11.30 127.459740  61.137379  6.337  244.44  234.45  215.27
 138    99.146 56021.75746927 11.54 127.464231  61.135898  6.381  244.44  234.45  215.27
 138   100.669 56021.75746986 10.52 127.468722  61.134418  5.283  244.44  234.45  215.27
 138   100.850 56021.75747045 10.41 127.473213  61.132937  4.886  244.44  234.45  215.27
 138   101.028 56021.75747104 10.31 127.477703  61.131456  4.960  244.44  234.45  215.27
 138   100.550 56021.75747163 10.03 127.482193  61.129975  4.637  244.44  234.45  215.27
 138   100.300 56021.75747222  9.84 127.486682  61.128493  4.492  244.44  234.45  215.27
 139    99.151 56031.67311247 11.55 127.463574  61.137049  7.860  249.50  242.65  226.71
 139   100.603 56031.67311306 10.38 127.468065  61.135568  5.282  249.50  242.65  226.71
 139   100.686 56031.67311365 10.08 127.472555  61.134087  4.769  249.50  242.65  226.71
 139   100.506 56031.67311424  9.69 127.477046  61.132606  4.990  249.50  242.65  226.71
 139   100.740 56031.67311483  9.38 127.481536  61.131125  3.785  249.50  242.65  226.71
 139   100.195 56031.67311542  9.82 127.486025  61.129643  5.086  249.50  242.65  226.71
 141   100.210 56051.50439468 35.42 127.483646  61.135281 30.276  264.03  260.93  255.56
 141   100.236 56051.50439527 34.79 127.488136  61.133799   -100  264.03  260.93  255.56
 141    99.617 56051.50439586 31.93 127.492626  61.132318 26.667  264.03  260.93  255.56
 141    99.774 56051.50439645 29.04 127.497115  61.130836 21.649  264.03  260.93  255.56
 142   219.844 56061.42003126  2.10 127.488276  61.134847  3.026  265.18  265.37  265.72
 142   219.041 56061.42003185  1.92 127.492766  61.133366  2.836  265.18  265.37  265.72
 142   219.222 56061.42003244  1.48 127.497256  61.131884  2.926  265.18  265.37  265.72
 143   103.196 56071.33566959 55.86 127.487440  61.134704 16.811  262.81  262.00  262.73
 143   103.331 56071.33567018 52.35 127.491930  61.133222   -100  262.81  262.00  262.73
 143   103.138 56071.33567077 53.59 127.496420  61.131741 16.464  262.81  262.00  262.73
 144   103.978 56081.25131940 25.06 127.480313  61.135455  5.827  272.07  271.05  270.31
 144   103.555 56081.25132000 24.89 127.484804  61.133973  5.585  272.07  271.05  270.31
 144   102.834 56081.25132059 25.15 127.489294  61.132492  6.688  272.07  271.05  270.31
 144   102.533 56081.25132118 24.76 127.493784  61.131010  6.492  272.07  271.05  270.31
 145   104.745 56091.16696788 40.62 127.483753  61.134111 19.936  274.71  273.50  273.36
 145   104.379 56091.16696847 40.95 127.488243  61.132630 25.516  274.71  273.50  273.36
 145   104.665 56091.16696906 36.65 127.492733  61.131148 13.068  274.71  273.50  273.36
 145   104.483 56091.16696965 34.18 127.497222  61.129666  7.045  274.71  273.50  273.36
 146   102.094 56101.08261371 25.18 127.485887  61.134278 13.748  267.57  266.46  267.07
 146   102.978 56101.08261430 21.36 127.490377  61.132796  8.329  267.57  266.46  267.07
 146   102.216 56101.08261489 21.42 127.494867  61.131314  7.544  267.57  266.46  267.07
 148   167.333 56120.91388242 18.17 127.465287  61.139301  9.739 -100.00 -100.00 -100.00
 148   170.320 56120.91388478  2.58 127.483252  61.133377  3.223  271.75  273.54  270.18
 148   169.873 56120.91388537  5.99 127.487742  61.131896  5.195  271.75  273.54  270.18
 148   172.371 56120.91388596  3.34 127.492231  61.130415  4.255  271.75  273.54  270.18
 149   101.965 56130.82951833 34.93 127.462895  61.138176  0.814  260.21  259.04  258.88
 149   102.079 56130.82951892 31.26 127.467386  61.136695   -100  260.21  259.04  258.88
 149   102.062 56130.82951951 26.56 127.471878  61.135214 28.909  260.21  259.04  258.88
 149   103.168 56130.82952010 20.93 127.476369  61.133734 13.037  260.21  259.04  258.88
 149   102.891 56130.82952069 20.42 127.480859  61.132253 12.881  260.21  259.04  258.88
 149   102.570 56130.82952128 19.98 127.485349  61.130771 13.493  260.21  259.04  258.88
 149   102.268 56130.82952187 18.70 127.489839  61.129290  9.351  260.21  259.04  258.88
 150   103.005 56140.74515239 41.35 127.461635  61.138067   -100  266.36  265.93  263.82
 150   103.096 56140.74515298 37.32 127.466127  61.136586 22.366  266.36  265.93  263.82
 150   103.245 56140.74515358 36.83 127.470618  61.135106 17.856  266.36  265.93  263.82
 150   103.087 56140.74515417 36.74 127.475109  61.133625 18.463  266.36  265.93  263.82
 150   102.962 56140.74515476 34.57 127.479600  61.132144 14.985  266.36  265.93  263.82
 150   102.928 56140.74515535 33.21 127.484090  61.130663 12.206  266.36  265.93  263.82
 150   103.153 56140.74515594 32.88 127.488580  61.129182 11.024  266.36  265.93  263.82
 151   100.494 56150.66080583 30.00 127.481121  61.131923 19.058  261.38  260.68  259.72
 151   100.167 56150.66080642 30.92 127.485611  61.130441 23.498  261.38  260.68  259.72
 151   100.144 56150.66080701 26.30 127.490101  61.128960 12.257  261.38  260.68  259.72
 152   103.205 56160.57645264 30.80 127.466412  61.138684 16.904  260.49  260.32  260.11
 152   100.262 56160.57645441 29.07 127.479886  61.134241 22.232  260.49  260.32  260.11
 152   100.862 56160.57645501 28.62 127.484377  61.132759 23.839  260.49  260.32  260.11
 152   100.274 56160.57645560 27.43 127.488867  61.131278 22.445  260.49  260.32  260.11
 152   100.630 56160.57645619 24.19 127.493356  61.129796 14.096  260.49  260.32  260.11
 153   100.205 56170.49210222 32.08 127.484389  61.133790   -100  258.10  256.63  257.17
 153   100.954 56170.49210281 25.74 127.488879  61.132309 16.746  258.10  256.63  257.17
 153   101.093 56170.49210340 22.36 127.493369  61.130827 11.945  258.10  256.63  257.17
 154   101.522 56180.40774354 34.71 127.467562  61.138215 32.105  262.67  262.80  263.84
 154   101.472 56180.40774472 25.90 127.476546  61.135253 13.547  262.67  262.80  263.84
 154   101.185 56180.40774531 25.80 127.481037  61.133772 15.002  262.67  262.80  263.84
 154   102.622 56180.40774590 24.18 127.485527  61.132290 11.406  262.67  262.80  263.84
 154   100.785 56180.40774649 24.49 127.490018  61.130809 16.352  262.67  262.80  263.84
 154   100.794 56180.40774708 21.56 127.494507  61.129327 10.348  262.67  262.80  263.84
 155   103.036 56190.32338249 28.81 127.462157  61.138026 23.704  263.53  262.00  262.67
 155   102.896 56190.32338308 28.38 127.466650  61.136545 22.907  263.53  262.00  262.67
 155   102.654 56190.32338367 24.56 127.471142  61.135064 15.888  263.53  262.00  262.67
 155   101.418 56190.32338427 23.27 127.475633  61.133583 16.488  263.53  262.00  262.67
 155   101.109 56190.32338486 21.86 127.480125  61.132102 13.495  263.53  262.00  262.67
 155   100.871 56190.32338545 21.68 127.484615  61.130620 11.942  263.53  262.00  262.67
 155   102.017 56190.32338604 18.56 127.489105  61.129139  9.610  263.53  262.00  262.67
 158    98.168 56220.07028881 44.84 127.490892  61.134383   -100  253.03  249.94  249.66
 158    98.002 56220.07028940 44.16 127.495383  61.132901   -100  253.03  249.94  249.66
 158    97.905 56220.07028999 44.11 127.499873  61.131419   -100  253.03  249.94  249.66
 159    97.984 56229.98593862 37.61 127.493404  61.135015   -100  249.06  245.60  243.28
 159    97.952 56229.98593921 39.71 127.497894  61.133533   -100  249.06  245.60  243.28
 159    98.098 56229.98593980 38.59 127.502384  61.132051   -100  249.06  245.60  243.28
 160    97.366 56239.90159156 37.43 127.488613  61.135334   -100  249.86  246.66  242.73
 160    97.831 56239.90159215 38.90 127.493104  61.133852 29.379  249.86  246.66  242.73
 160    97.942 56239.90159274 40.68 127.497594  61.132370   -100  249.86  246.66  242.73
 160    97.612 56239.90159333 39.77 127.502083  61.130888   -100  249.86  246.66  242.73
 161    96.968 56249.81724038 35.42 127.481981  61.135413 28.943  245.61  241.51  235.43
 161    97.187 56249.81724097 37.63 127.486472  61.133932   -100  245.61  241.51  235.43
 161    97.504 56249.81724156 39.80 127.490962  61.132450   -100  245.61  241.51  235.43
 161    97.227 56249.81724215 39.24 127.495452  61.130969   -100  245.61  241.51  235.43
 162    97.309 56259.73288465 32.12 127.478271  61.135223 19.659  243.46  238.52  228.78
 162    97.036 56259.73288524 35.25 127.482762  61.133742 28.072  243.46  238.52  228.78
 162    97.071 56259.73288583 36.97 127.487252  61.132260   -100  243.46  238.52  228.78
 162    97.103 56259.73288642 34.60 127.491742  61.130779 27.061  243.46  238.52  228.78
 163    97.228 56269.64852685 30.73 127.481391  61.134692 20.821  246.74  241.82  230.70
 163    97.309 56269.64852744 30.44 127.485881  61.133211 20.417  246.74  241.82  230.70
 163    97.449 56269.64852803 30.31 127.490371  61.131729 19.574  246.74  241.82  230.70
 163    97.015 56269.64852862 31.88 127.494861  61.130247 25.035  246.74  241.82  230.70
 164    97.769 56279.56416744 25.03 127.486242  61.134119 12.173  245.92  240.51  228.07
 164    97.872 56279.56416803 24.79 127.490733  61.132638 11.400  245.92  240.51  228.07
 164    97.880 56279.56416862 25.64 127.495223  61.131156 13.542  245.92  240.51  228.07
 165    97.625 56289.47981768 21.01 127.482215  61.134951  9.534  239.75  232.21  216.82
 165    97.684 56289.47981827 19.77 127.486706  61.133470  6.990  239.75  232.21  216.82
 165    97.615 56289.47981886 20.23 127.491196  61.131988  8.359  239.75  232.21  216.82
 165    97.986 56289.47981945 20.15 127.495686  61.130506  6.767  239.75  232.21  216.82
 166    97.588 56299.39546376 19.49 127.463488  61.138809  7.882 -100.00 -100.00 -100.00
 166    97.618 56299.39546435 19.91 127.467980  61.137328  7.871 -100.00 -100.00 -100.00
 166    97.552 56299.39546553 18.77 127.476963  61.134366  6.430 -100.00 -100.00 -100.00
 166    97.688 56299.39546612 19.85 127.481454  61.132884  8.650 -100.00 -100.00 -100.00
 166    97.767 56299.39546671 19.46 127.485944  61.131403  7.315 -100.00 -100.00 -100.00
 166    97.779 56299.39546730 19.43 127.490434  61.129921  8.956 -100.00 -100.00 -100.00
 167    97.207 56309.31110822 19.63 127.462126  61.136466  9.331 -100.00 -100.00 -100.00
 167    97.366 56309.31110881 19.38 127.466617  61.134985  9.613  236.53  228.52  210.60
 167    97.326 56309.31110940 20.21 127.471109  61.133504 11.819  236.53  228.52  210.60
 167    97.508 56309.31110999 19.83 127.475600  61.132023 10.798  236.53  228.52  210.60
 167    97.391 56309.31111058 20.95 127.480091  61.130541 13.083  236.53  228.52  210.60
 167    97.543 56309.31111117 19.56 127.484581  61.129059 10.420  236.53  228.52  210.60
 168    97.062 56319.22675008 19.24 127.460009  61.135806 11.241 -100.00 -100.00 -100.00
 168    97.383 56319.22675067 17.65 127.464501  61.134325  7.957 -100.00 -100.00 -100.00
 168    97.377 56319.22675126 17.65 127.468992  61.132844  8.009 -100.00 -100.00 -100.00
 168    97.477 56319.22675185 18.03 127.473483  61.131363  7.998 -100.00 -100.00 -100.00
 168    97.537 56319.22675244 17.78 127.477974  61.129881  8.568 -100.00 -100.00 -100.00
 168    97.450 56319.22675303 18.50 127.482464  61.128400 10.085 -100.00 -100.00 -100.00
 169    97.377 56329.14239130 17.27 127.462287  61.136538  8.035  238.42  229.15  211.65
 169    97.424 56329.14239189 16.88 127.466779  61.135057  7.445  238.42  229.15  211.65
 169    97.252 56329.14239248 17.11 127.471271  61.133576  9.140  238.42  229.15  211.65
 169    97.466 56329.14239307 17.28 127.475762  61.132095  9.201  238.42  229.15  211.65
 169    97.365 56329.14239366 17.45 127.480252  61.130613  9.727  238.42  229.15  211.65
 169    97.449 56329.14239425 16.63 127.484742  61.129132  7.996  238.42  229.15  211.65
 170    97.571 56339.05803155 16.06 127.464766  61.138695  6.454  239.98  230.96  213.24
 170    97.727 56339.05803214 16.97 127.469258  61.137214  8.960  239.98  230.96  213.24
 170    97.830 56339.05803332 16.65 127.478241  61.134252  7.747  239.98  230.96  213.24
 170    98.807 56339.05803391 16.08 127.482732  61.132770  7.194  239.98  230.96  213.24
 170    97.720 56339.05803450 16.60 127.487222  61.131289  8.316  239.98  230.96  213.24
 170    97.751 56339.05803509 15.95 127.491712  61.129807  7.103  239.98  230.96  213.24
 171    97.372 56348.97367207 16.96 127.484227  61.134654  9.493  240.33  231.07  211.91
 171    98.506 56348.97367266 15.66 127.488718  61.133173  7.294  240.33  231.07  211.91
 171    98.537 56348.97367325 15.42 127.493208  61.131691  6.942  240.33  231.07  211.91
 171    99.430 56348.97367384 15.51 127.497697  61.130209  7.097  240.33  231.07  211.91
 172    98.595 56358.88930727 14.75 127.481679  61.135423  7.284 -100.00 -100.00 -100.00
 172   101.389 56358.88930786 13.76 127.486170  61.133942  5.639  240.93  231.31  212.79
 172   100.280 56358.88930845 13.98 127.490660  61.132460  5.770  240.93  231.31  212.79
 172    99.751 56358.88930904 14.20 127.495149  61.130979  6.561  240.93  231.31  212.79
 173    97.755 56368.80495581 13.88 127.461746  61.138582  7.037 -100.00 -100.00 -100.00
 173    97.637 56368.80495640 14.13 127.466238  61.137101  7.633 -100.00 -100.00 -100.00
 173    97.614 56368.80495699 14.04 127.470729  61.135621  6.847 -100.00 -100.00 -100.00
 173    97.644 56368.80495758 14.13 127.475220  61.134140  8.297 -100.00 -100.00 -100.00
 173    97.519 56368.80495817 13.98 127.479710  61.132659  7.798  239.64  229.40  209.65
 173    99.267 56368.80495876 13.34 127.484200  61.131177  6.357  239.64  229.40  209.65
 173    98.686 56368.80495935 13.67 127.488690  61.129696  6.747  239.64  229.40  209.65
 175    97.734 56388.63624940 13.67 127.464312  61.137100  6.953  247.40  238.92  220.71
 175    97.653 56388.63624999 13.48 127.468803  61.135619  6.124  247.40  238.92  220.71
 175    98.208 56388.63625058 13.19 127.473294  61.134138  5.970  247.40  238.92  220.71
 175    99.657 56388.63625117 12.22 127.477784  61.132657  4.760  247.40  238.92  220.71
 175    99.249 56388.63625176 12.39 127.482274  61.131176  5.562  247.40  238.92  220.71
 175    97.423 56388.63625235 13.62 127.486763  61.129694  7.555  247.40  238.92  220.71
 176    98.090 56398.55189459 13.45 127.481700  61.134545  6.486  247.75  240.24  224.44
 176    98.881 56398.55189518 13.10 127.486190  61.133063  5.404  247.75  240.24  224.44
 176    97.924 56398.55189577 13.08 127.490679  61.131581  5.346  247.75  240.24  224.44
 176    98.039 56398.55189636 13.22 127.495168  61.130100  6.008  247.75  240.24  224.44
 177   103.949 56408.46753579 18.16 127.486843  61.135306 10.898  263.77  260.11  252.78
 177   103.334 56408.46753638 18.81 127.491333  61.133824 13.684  263.77  260.11  252.78
 177   103.405 56408.46753697 15.85 127.495823  61.132342  7.165  263.77  260.11  252.78
 177   102.567 56408.46753756 16.42 127.500312  61.130860  8.553  263.77  260.11  252.78
 178   238.518 56418.38317261  4.47 127.489207  61.135077  5.093  263.73  263.63  264.68
 178   240.402 56418.38317320  5.33 127.493697  61.133595  5.346  263.73  263.63  264.68
 178   242.729 56418.38317379  5.06 127.498187  61.132113  5.678  263.73  263.63  264.68
 179   103.983 56428.29880530 53.71 127.489733  61.134440   -100  263.67  261.84  263.46
 179   104.035 56428.29880589 55.84 127.494223  61.132958 13.498  263.67  261.84  263.46
 179   104.053 56428.29880649 54.93 127.498713  61.131477 23.061  263.67  261.84  263.46
 180   230.006 56438.21445856  8.94 127.482621  61.134169  8.342  267.55  266.37  267.68
 180   237.617 56438.21445915  7.09 127.487112  61.132688  6.882  267.55  266.37  267.68
 180   234.179 56438.21445974  7.87 127.491602  61.131206  7.827  267.55  266.37  267.68
 180   236.464 56438.21446033  8.68 127.496092  61.129724  8.202  267.55  266.37  267.68
 181   165.717 56448.13010818 21.23 127.468647  61.137803 20.269  264.42  264.85  265.08
 181   172.233 56448.13010936 20.52 127.477630  61.134840 25.792  264.42  264.85  265.08
 181   169.285 56448.13010995 12.04 127.482120  61.133359  8.481  264.42  264.85  265.08
 182   103.317 56458.04575717 34.15 127.467602  61.138507 25.640  270.15  269.56  268.97
 182   101.396 56458.04575894 33.10 127.481075  61.134063 27.041  270.15  269.56  268.97
 182   101.419 56458.04575953 27.04 127.485565  61.132581 13.241  270.15  269.56  268.97
 182   101.474 56458.04576012 23.77 127.490055  61.131100  7.482  270.15  269.56  268.97
 182   101.559 56458.04576071 22.90 127.494544  61.129618  6.470  270.15  269.56  268.97
 185   100.366 56487.79268494 34.54 127.479895  61.131401 11.312  265.31  265.81  263.20
 185   100.443 56487.79268553 33.87 127.484385  61.129920 11.098  265.31  265.81  263.20
 185   100.427 56487.79268612 33.70 127.488874  61.128438 11.154  265.31  265.81  263.20
 190   167.258 56537.37089539 14.56 127.482514  61.134464  8.243 -100.00 -100.00 -100.00
 190   176.575 56537.37089598  2.27 127.487005  61.132983  3.202 -100.00 -100.00 -100.00
 190   170.158 56537.37089716 13.88 127.495985  61.130019 11.292 -100.00 -100.00 -100.00
 195    97.389 56586.94910737 44.01 127.491266  61.135041   -100  253.05  249.95  248.90
 195    97.702 56586.94910796 46.06 127.495756  61.133559 30.320  253.05  249.95  248.90
 195    97.223 56586.94910855 48.97 127.500246  61.132077   -100  253.05  249.95  248.90
 196    97.211 56596.86474760 37.81 127.492496  61.135060   -100  255.72  255.92  257.78
 196    97.316 56596.86474819 40.61 127.496987  61.133579   -100  255.72  255.92  257.78
 196    97.366 56596.86474878 40.84 127.501477  61.132097   -100  255.72  255.92  257.78
 197    97.157 56606.78039906 35.73 127.486416  61.134447   -100  241.05  236.56  230.83
 197    97.531 56606.78039965 37.95 127.490907  61.132965   -100  241.05  236.56  230.83
 197    97.357 56606.78040024 36.88 127.495397  61.131483   -100  241.05  236.56  230.83
 198    96.651 56616.69604364 25.71 127.466501  61.139163 11.537  248.27  245.70  240.85
 198    97.024 56616.69604541 28.20 127.479975  61.134720 16.016  248.27  245.70  240.85
 198    97.155 56616.69604600 28.79 127.484465  61.133238 17.504  248.27  245.70  240.85
 198    97.336 56616.69604660 31.02 127.488955  61.131757 25.158  248.27  245.70  240.85
 198    97.184 56616.69604719 30.46 127.493445  61.130275 20.902  248.27  245.70  240.85
 199    96.969 56626.61168711 22.32 127.466368  61.138910  9.174  246.35  242.29  236.14
 199    97.560 56626.61168888 23.61 127.479842  61.134467 10.521  246.35  242.29  236.14
 199    97.365 56626.61168947 25.72 127.484332  61.132985 14.919  246.35  242.29  236.14
 199    97.443 56626.61169006 27.51 127.488822  61.131504 20.333  246.35  242.29  236.14
 199    97.464 56626.61169065 26.55 127.493312  61.130022 17.995  246.35  242.29  236.14
 200    97.504 56636.52732960 22.28 127.480791  61.134740 12.230  244.65  240.09  231.99
 200    97.627 56636.52733019 23.27 127.485282  61.133258 13.581  244.65  240.09  231.99
 200    97.715 56636.52733078 24.41 127.489772  61.131777 14.431  244.65  240.09  231.99
 200    98.254 56636.52733137 21.14 127.494262  61.130295  9.187  244.65  240.09  231.99
 201    97.680 56646.44297039 19.32 127.483782  61.134098  9.244  247.04  242.26  233.29
 201   101.529 56646.44297098 19.14 127.488273  61.132616  9.559  247.04  242.26  233.29
 201    97.707 56646.44297157 21.04 127.492763  61.131134 12.792  247.04  242.26  233.29
 201    97.901 56646.44297216 20.69 127.497253  61.129652 12.042  247.04  242.26  233.29
 202   100.899 56656.35862017 17.30 127.463901  61.138630  6.638  239.78  233.23  221.07
 202   101.190 56656.35862077 17.81 127.468394  61.137149  7.494  239.78  233.23  221.07
 202   100.513 56656.35862195 18.56 127.477377  61.134187  9.170  239.78  233.23  221.07
 202    97.566 56656.35862254 18.95 127.481868  61.132706 10.471  239.78  233.23  221.07
 202   100.037 56656.35862313 18.23 127.486359  61.131224  9.176  239.78  233.23  221.07
 202    99.944 56656.35862372 17.50 127.490849  61.129742  7.293  239.78  233.23  221.07
 203   101.728 56666.27426780 16.89 127.460232  61.137811  6.851  235.43  227.83  213.76
 203   101.838 56666.27426839 16.16 127.464725  61.136330  6.535  235.43  227.83  213.76
 203   100.544 56666.27426898 16.71 127.469217  61.134849  7.612  235.43  227.83  213.76
 203   100.573 56666.27426957 17.00 127.473708  61.133368  7.432  235.43  227.83  213.76
 203    99.934 56666.27427016 17.72 127.478199  61.131886  9.637  235.43  227.83  213.76
 203   100.321 56666.27427075 16.76 127.482690  61.130405  7.499  235.43  227.83  213.76
 203    99.662 56666.27427134 17.15 127.487180  61.128923  8.172  235.43  227.83  213.76
 205   100.472 56686.10555745 15.23 127.460919  61.138110  6.596  233.71  225.51  209.60
 205    97.330 56686.10555804 15.36 127.465411  61.136629  6.898  233.71  225.51  209.60
 205   100.829 56686.10555863 15.75 127.469903  61.135147  8.095  233.71  225.51  209.60
 205   100.456 56686.10555922 16.62 127.474394  61.133666  9.734  233.71  225.51  209.60
 205   100.291 56686.10555981 16.95 127.478885  61.132185 10.640  233.71  225.51  209.60
 205    99.541 56686.10556041 15.58 127.483375  61.130703  7.597  233.71  225.51  209.60
 205    98.133 56686.10556100 15.62 127.487865  61.129221  7.652  233.71  225.51  209.60
 206   100.968 56696.02120014 15.11 127.465092  61.138496  7.152  235.36  227.35  211.51
 206   100.834 56696.02120073 15.63 127.469584  61.137015  8.004  235.36  227.35  211.51
 206   101.023 56696.02120191 15.04 127.478566  61.134053  7.907  235.36  227.35  211.51
 206   100.578 56696.02120250 14.95 127.483057  61.132571  7.146  235.36  227.35  211.51
 206    97.567 56696.02120309 16.17 127.487547  61.131090  9.946  235.36  227.35  211.51
 206    99.047 56696.02120369 15.49 127.492036  61.129608  9.255  235.36  227.35  211.51
 207   101.083 56705.93683980 13.30 127.480555  61.134918  7.190  233.71  225.93  209.12
 207   102.177 56705.93684039 12.33 127.485045  61.133436  5.121  233.71  225.93  209.12
 207   100.686 56705.93684098 13.35 127.489535  61.131955  7.095  233.71  225.93  209.12
 207   100.970 56705.93684157 12.89 127.494025  61.130473  6.311  233.71  225.93  209.12
 208   101.286 56715.85247287 12.24 127.483837  61.134484  5.958  240.00  232.27  216.47
 208   101.216 56715.85247346 12.34 127.488327  61.133003  6.301  240.00  232.27  216.47
 208   100.675 56715.85247405 12.09 127.492817  61.131521  5.366  240.00  232.27  216.47
 208   100.630 56715.85247464 12.06 127.497306  61.130040  5.046  240.00  232.27  216.47
 209   185.284 56725.76812418  0.41 127.464434  61.138627  4.730  240.91  233.16  216.76
 209   185.282 56725.76812477  0.45 127.468925  61.137146  5.754  240.91  233.16  216.76
 209   182.286 56725.76812595  1.23 127.477907  61.134184  6.587  240.91  233.16  216.76
 211   101.023 56745.59941987 12.85 127.465618  61.138642  5.392 -100.00 -100.00 -100.00
 211   100.923 56745.59942164 11.92 127.479090  61.134199  5.194  249.83  243.37  229.14
 211   100.704 56745.59942223 12.29 127.483580  61.132717  5.675  249.83  243.37  229.14
 211   100.994 56745.59942282 11.68 127.488069  61.131236  5.018  249.83  243.37  229.14
 211   100.501 56745.59942341 12.10 127.492558  61.129754  5.508  249.83  243.37  229.14
 212   100.503 56755.51506353 12.21 127.481997  61.135386  7.644  247.06  239.60  225.84
 212   101.462 56755.51506412 10.94 127.486487  61.133904  4.665  247.06  239.60  225.84
 212   101.777 56755.51506471 10.95 127.490977  61.132423  4.951  247.06  239.60  225.84
 212   100.983 56755.51506530 11.51 127.495466  61.130941  5.733  247.06  239.60  225.84
 213    97.181 56765.43070061 36.81 127.490991  61.134238   -100  264.51  263.93  264.05
 213    96.962 56765.43070120 38.88 127.495480  61.132756  1.823  264.51  263.93  264.05
 213    97.233 56765.43070179 36.16 127.499970  61.131275   -100  264.51  263.93  264.05
 214   231.734 56775.34633896  8.15 127.487520  61.135251  6.033  262.90  262.55  263.90
 214   234.196 56775.34633955  8.33 127.492011  61.133769  5.611  262.90  262.55  263.90
 214   237.109 56775.34634014  7.32 127.496501  61.132287  4.796  262.90  262.55  263.90
 214   240.003 56775.34634073  9.36 127.500990  61.130805  6.903  262.90  262.55  263.90
 215   229.161 56785.26199506  5.15 127.480547  61.135079  4.937  270.72  270.26  271.59
 215   231.332 56785.26199565  5.93 127.485037  61.133597  6.491  270.72  270.26  271.59
 215   235.312 56785.26199624  5.35 127.489528  61.132116  5.543  270.72  270.26  271.59
 215   235.386 56785.26199683  8.79 127.494017  61.130634  9.093  270.72  270.26  271.59
 216   100.826 56795.17764668 50.82 127.467284  61.137683   -100 -100.00 -100.00 -100.00
 216   100.420 56795.17764786 51.43 127.476267  61.134721   -100 -100.00 -100.00 -100.00
 216   100.705 56795.17764845 48.68 127.480757  61.133239   -100 -100.00 -100.00 -100.00
 216   100.535 56795.17764904 44.37 127.485247  61.131758   -100 -100.00 -100.00 -100.00
 216   100.382 56795.17764963 43.58 127.489737  61.130276 31.431 -100.00 -100.00 -100.00
 220   159.144 56834.84021174 17.70 127.462074  61.138060 13.647  265.29  266.05  265.85
 220   182.556 56834.84021233 19.21 127.466566  61.136580 21.660  265.29  266.05  265.85
 220   157.305 56834.84021292 10.20 127.471057  61.135099 13.410  265.29  266.05  265.85
 220   160.880 56834.84021351 19.99 127.475548  61.133618 30.940  265.29  266.05  265.85
 220   182.165 56834.84021469  1.20 127.484528  61.130656  4.991  265.29  266.05  265.85
 220   167.692 56834.84021528 14.51 127.489017  61.129174 11.590  265.29  266.05  265.85
 221   248.454 56844.75584354  3.26 127.464202  61.138426  6.718 -100.00 -100.00 -100.00
 221   250.603 56844.75584413  2.22 127.468694  61.136945  5.204 -100.00 -100.00 -100.00
 221   226.213 56844.75584472  6.82 127.473185  61.135465 11.955 -100.00 -100.00 -100.00
 221   228.515 56844.75584531  7.27 127.477676  61.133984 11.891 -100.00 -100.00 -100.00
 221   256.779 56844.75584590  3.52 127.482166  61.132503  6.107 -100.00 -100.00 -100.00
 221   232.951 56844.75584649  6.47 127.486656  61.131022  9.389  268.31  268.90  267.64
 221   261.705 56844.75584708  3.98 127.491145  61.129540  5.838  268.31  268.90  267.64
 222   182.426 56854.67148905 14.67 127.468390  61.137628 11.446  268.78  269.18  266.49
 222   165.202 56854.67149023  5.82 127.477372  61.134666  6.145  268.78  269.18  266.49
 222   169.068 56854.67149082  5.38 127.481863  61.133185  4.100  268.78  269.18  266.49
 222   167.216 56854.67149141  5.12 127.486353  61.131703  3.560  268.78  269.18  266.49
 222   168.416 56854.67149200  5.63 127.490842  61.130222  4.031  268.78  269.18  266.49
 223   175.860 56864.58714237 12.53 127.466684  61.138236  9.084  265.21  264.03  263.44
 223   164.491 56864.58714415  3.00 127.480157  61.133792  3.561  265.21  264.03  263.44
 223   179.837 56864.58714474  1.17 127.484648  61.132311  3.223  265.21  264.03  263.44
 223   179.151 56864.58714533  1.19 127.489137  61.130830  2.591  265.21  264.03  263.44
 223   166.120 56864.58714592  3.82 127.493626  61.129348  4.929  265.21  264.03  263.44
 224   102.134 56874.50279699 19.97 127.480054  61.133460  8.610  267.92  267.27  267.00
 224   102.168 56874.50279758 19.04 127.484544  61.131978  7.032  267.92  267.27  267.00
 224   101.807 56874.50279817 17.24 127.489034  61.130497  6.158  267.92  267.27  267.00
 224   101.414 56874.50279876 16.66 127.493523  61.129015  5.591  267.92  267.27  267.00
 225   101.734 56884.41844660 23.59 127.479081  61.133090  8.578  273.14  272.96  270.05
 225   101.609 56884.41844719 20.87 127.483572  61.131608  6.151  273.14  272.96  270.05
 225   100.874 56884.41844778 20.27 127.488062  61.130126  5.752  273.14  272.96  270.05
 226   101.135 56894.33409208 27.72 127.470400  61.135247 24.671  276.93  277.04  274.50
 226   100.746 56894.33409267 25.96 127.474891  61.133766 24.735  276.93  277.04  274.50
 226   101.819 56894.33409326 21.41 127.479382  61.132285 13.187  276.93  277.04  274.50
 226   101.520 56894.33409385 19.23 127.483872  61.130803  9.038  276.93  277.04  274.50
 226   100.988 56894.33409444 18.64 127.488362  61.129321  9.254  276.93  277.04  274.50
 227   100.080 56904.24973429 46.61 127.461318  61.138121   -100  264.65  262.34  261.90
 227    99.843 56904.24973488 41.91 127.465810  61.136640  8.834  264.65  262.34  261.90
 227    99.908 56904.24973547 34.06 127.470302  61.135159   -100  264.65  262.34  261.90
 227    99.887 56904.24973606 28.31 127.474793  61.133678   -100  264.65  262.34  261.90
 227    99.702 56904.24973665 28.12 127.479284  61.132196 31.276  264.65  262.34  261.90
 227   101.166 56904.24973724 23.97 127.483774  61.130714 15.802  264.65  262.34  261.90
 227   100.163 56904.24973783 22.39 127.488264  61.129232 13.794  264.65  262.34  261.90
 228    98.856 56914.16537629 46.21 127.466668  61.137323   -100  264.77  262.94  263.20
 228    98.745 56914.16537688 39.41 127.471159  61.135842   -100  264.77  262.94  263.20
 228    98.874 56914.16537747 52.97 127.475651  61.134360 18.900  264.77  262.94  263.20
 228    98.969 56914.16537806 49.14 127.480141  61.132879   -100  264.77  262.94  263.20
 228    99.035 56914.16537865 51.32 127.484632  61.131397  1.075  264.77  262.94  263.20
 228    99.014 56914.16537924 52.75 127.489121  61.129915 17.700  264.77  262.94  263.20
 229   173.594 56924.08101784  5.87 127.482298  61.134070  3.228  254.07  252.65  254.28
 229   166.633 56924.08101843  9.33 127.486788  61.132588  7.379  254.07  252.65  254.28
 229   166.229 56924.08101902  8.68 127.491278  61.131106  6.595  254.07  252.65  254.28
 229   171.562 56924.08101961  8.86 127.495767  61.129624  4.887  254.07  252.65  254.28
 230   186.887 56933.99665550  1.72 127.488236  61.134135  6.165  251.73  249.04  247.30
 230   190.783 56933.99665609  0.51 127.492726  61.132653  5.685  251.73  249.04  247.30
 230   174.804 56933.99665668  2.28 127.497216  61.131171  6.751  251.73  249.04  247.30
 231    97.893 56943.91228731 33.53 127.489294  61.135196 21.796  252.41  249.30  247.60
 231   101.464 56943.91228790 30.98 127.493785  61.133714 16.836  252.41  249.30  247.60
 231    97.456 56943.91228849 30.02 127.498275  61.132232 16.625  252.41  249.30  247.60
 231   100.649 56943.91228908 29.88 127.502764  61.130750 16.443  252.41  249.30  247.60
 232    97.446 56953.82793457 38.03 127.485984  61.134906   -100  254.31  250.96  248.42
 232    97.659 56953.82793516 41.07 127.490474  61.133425   -100  254.31  250.96  248.42
 232    97.525 56953.82793575 42.15 127.494964  61.131943  1.321  254.31  250.96  248.42
 232    97.484 56953.82793634 42.15 127.499454  61.130461   -100  254.31  250.96  248.42
 233    96.556 56963.74358452 39.22 127.482403  61.134133   -100  253.76  250.22  246.78
 233    96.596 56963.74358511 41.25 127.486893  61.132651   -100  253.76  250.22  246.78
 233    96.673 56963.74358571 43.28 127.491383  61.131170   -100  253.76  250.22  246.78
 233    96.675 56963.74358630 44.68 127.495872  61.129688   -100  253.76  250.22  246.78
 234    96.671 56973.65922781 24.54 127.466238  61.139016 12.449  246.76  242.07  236.15
 234    96.961 56973.65922958 29.27 127.479711  61.134573 27.299  246.76  242.07  236.15
 234    97.206 56973.65923017 32.20 127.484202  61.133091   -100  246.76  242.07  236.15
 234    97.266 56973.65923076 33.01 127.488692  61.131610   -100  246.76  242.07  236.15
 234    97.291 56973.65923135 32.05 127.493181  61.130128 30.809  246.76  242.07  236.15
 235    97.037 56983.57487086 26.62 127.482797  61.134314 22.276  248.80  244.84  237.93
 235    97.137 56983.57487145 28.45 127.487287  61.132833 24.786  248.80  244.84  237.93
 235    97.105 56983.57487204 29.80 127.491777  61.131351 30.402  248.80  244.84  237.93
 235    97.149 56983.57487263 29.04 127.496266  61.129869 29.315  248.80  244.84  237.93
 236    97.073 56993.49050728 24.64 127.485666  61.134050 20.568  243.87  238.65  228.89
 236    97.380 56993.49050787 24.14 127.490156  61.132569 17.829  243.87  238.65  228.89
 236    97.455 56993.49050846 24.37 127.494646  61.131087 17.866  243.87  238.65  228.89
 237    97.096 57003.40614394 21.56 127.483404  61.134175 13.403  242.11  236.10  223.43
 237    97.178 57003.40614453 21.27 127.487895  61.132694 12.961  242.11  236.10  223.43
 237    97.135 57003.40614512 22.22 127.492386  61.131212 14.922  242.11  236.10  223.43
 237    97.464 57003.40614571 21.15 127.496876  61.129731 12.836  242.11  236.10  223.43
 238    96.953 57013.32179798 18.84 127.462640  61.137944 10.453  237.15  230.22  215.91
 238    97.027 57013.32179857 19.38 127.467133  61.136464 12.268  237.15  230.22  215.91
 238    97.144 57013.32179916 18.73 127.471624  61.134983  9.999  237.15  230.22  215.91
 238    97.089 57013.32179975 20.80 127.476116  61.133502 16.031  237.15  230.22  215.91
 238    97.239 57013.32180034 18.53 127.480607  61.132020  9.267  237.15  230.22  215.91
 238    97.221 57013.32180093 19.83 127.485098  61.130539 13.645  237.15  230.22  215.91
 238    97.298 57013.32180152 18.38 127.489588  61.129057 10.740  237.15  230.22  215.91
 239   101.803 57023.23744903 15.97 127.460712  61.137375  7.560  243.76  237.31  223.87
 239   101.737 57023.23744962 15.92 127.465204  61.135894  6.866  243.76  237.31  223.87
 239   101.284 57023.23745021 16.09 127.469696  61.134413  7.759  243.76  237.31  223.87
 239   101.188 57023.23745080 16.03 127.474187  61.132932  8.167  243.76  237.31  223.87
 239   100.166 57023.23745139 16.21 127.478678  61.131450  9.101  243.76  237.31  223.87
 239   100.078 57023.23745198 15.26 127.483169  61.129969  6.424  243.76  237.31  223.87
 239    99.904 57023.23745257 15.01 127.487659  61.128487  5.972  243.76  237.31  223.87
 240   101.102 57033.15309787 15.44 127.463363  61.137797  6.503 -100.00 -100.00 -100.00
 240   101.066 57033.15309847 15.66 127.467855  61.136316  7.141 -100.00 -100.00 -100.00
 240   101.710 57033.15309906 14.83 127.472347  61.134834  5.761 -100.00 -100.00 -100.00
 240   100.620 57033.15309965 14.71 127.476838  61.133353  5.794 -100.00 -100.00 -100.00
 240   100.167 57033.15310024 14.83 127.481329  61.131872  6.326 -100.00 -100.00 -100.00
 240   100.079 57033.15310083 14.95 127.485819  61.130390  6.522 -100.00 -100.00 -100.00
 240   100.144 57033.15310142 13.84 127.490309  61.128908  5.564 -100.00 -100.00 -100.00
 241   101.531 57043.06874466 14.58 127.467697  61.138145  7.001 -100.00 -100.00 -100.00
 241   101.502 57043.06874585 13.41 127.476680  61.135182  5.124 -100.00 -100.00 -100.00
 241   101.331 57043.06874644 13.22 127.481171  61.133701  5.199 -100.00 -100.00 -100.00
 241   100.657 57043.06874703 13.65 127.485662  61.132219  7.100 -100.00 -100.00 -100.00
 241   100.884 57043.06874762 12.94 127.490152  61.130737  5.204 -100.00 -100.00 -100.00
 241   100.110 57043.06874821 13.04 127.494641  61.129255  5.865 -100.00 -100.00 -100.00
 242   101.676 57052.98438850 14.22 127.466263  61.139273  6.490 -100.00 -100.00 -100.00
 242   101.361 57052.98439027 14.00 127.479737  61.134830  6.498  242.42  234.55  218.46
 242   100.432 57052.98439086 13.54 127.484227  61.133348  6.433  242.42  234.55  218.46
 242   100.606 57052.98439145 13.47 127.488717  61.131867  6.279  242.42  234.55  218.46
 242   100.591 57052.98439204 12.96 127.493207  61.130385  5.076  242.42  234.55  218.46
 243   101.783 57062.90002834 12.62 127.467109  61.138349  5.577  237.95  229.25  210.57
 243   101.068 57062.90002952 12.57 127.476091  61.135387  6.175  237.95  229.25  210.57
 243   101.330 57062.90003011 11.76 127.480582  61.133906  4.865  237.95  229.25  210.57
 243   100.752 57062.90003070 11.97 127.485072  61.132425  6.099  237.95  229.25  210.57
 243   100.901 57062.90003129 11.73 127.489562  61.130943  4.869  237.95  229.25  210.57
 243   100.567 57062.90003188 11.90 127.494052  61.129462  5.469  237.95  229.25  210.57
 244   101.541 57072.81566256 12.39 127.465393  61.138740  6.605  242.17  233.02  214.90
 244   101.227 57072.81566433 11.54 127.478867  61.134297  4.485  242.17  233.02  214.90
 244   101.170 57072.81566492 11.59 127.483357  61.132816  5.110  242.17  233.02  214.90
 244   100.946 57072.81566551 11.61 127.487847  61.131335  5.395  242.17  233.02  214.90
 244   100.574 57072.81566610 12.15 127.492337  61.129853  7.008  242.17  233.02  214.90
 245   102.045 57082.73129511 11.32 127.482880  61.134721  4.482  241.18  231.70  212.55
 245   100.707 57082.73129570 11.87 127.487371  61.133240  5.587  241.18  231.70  212.55
 245   101.456 57082.73129629 11.32 127.491861  61.131759  4.810  241.18  231.70  212.55
 245   100.881 57082.73129688 11.56 127.496350  61.130277  4.568  241.18  231.70  212.55
 246   101.105 57092.64694258 11.40 127.485802  61.135370  5.772  242.00  233.53  214.24
 246   102.050 57092.64694317 10.85 127.490292  61.133888  4.927  242.00  233.53  214.24
 246   101.361 57092.64694376 11.10 127.494782  61.132407  4.592  242.00  233.53  214.24
 246   101.389 57092.64694435 11.12 127.499271  61.130925  4.763  242.00  233.53  214.24
 247   101.736 57102.56259980 11.54 127.487880  61.135358  6.013  246.83  237.99  219.75
 247   102.198 57102.56260039 11.33 127.492369  61.133877  4.433  246.83  237.99  219.75
 247   100.650 57102.56260098 11.54 127.496859  61.132395  5.322  246.83  237.99  219.75
 247   101.247 57102.56260157 10.97 127.501348  61.130913  4.161  246.83  237.99  219.75
 248    96.581 57112.47825334 15.87 127.488687  61.134734 19.383  241.86  232.96  217.41
 248    96.646 57112.47825393 15.20 127.493177  61.133252 18.012  241.86  232.96  217.41
 248    96.702 57112.47825452 16.51 127.497666  61.131770 21.875  241.86  232.96  217.41
 249    97.223 57122.39390052  9.92 127.485199  61.134317  7.809  241.00  231.61  216.09
 249    98.721 57122.39390111  9.35 127.489689  61.132836  6.218  241.00  231.61  216.09
 249    97.113 57122.39390170 10.51 127.494178  61.131354  7.733  241.00  231.61  216.09
 250   100.584 57132.30954002 15.94 127.464853  61.139218 12.830 -100.00 -100.00 -100.00
 250   100.985 57132.30954179 14.22 127.478327  61.134775 10.064  260.70  258.38  255.78
 250   100.893 57132.30954238 13.44 127.482818  61.133293  8.012  260.70  258.38  255.78
 250   100.981 57132.30954297 13.21 127.487308  61.131812  8.256  260.70  258.38  255.78
 250   100.912 57132.30954356 12.61 127.491798  61.130330  8.126  260.70  258.38  255.78
