# NaN NaN NaN ;Mean Elev.(m), Avg Gradient(m/km), RMS Gradient(m/km) - SRTM1     
#   18.556  -0.953   4.136 ;Mean Elev.(m), Avg Gradient(m/km), RMS Gradient(m/km) - ASTER GDEM
#   26.213  -1.701  11.036 ;Mean Elev.(m), Avg Gradient(m/km), RMS Gradient(m/km) - GMTED2010 
   2 124.160981  66.001642    38.019    38.111  4 54670.18203347 29.422
   3 124.158699  66.002510    -7.593    -7.771  4 54680.09767724 23.142
   6 124.165917  66.002839    40.312    40.312  2 54709.84460649 24.090
   7 124.162443  66.001181    -3.799    -3.701  4 54719.76025759 13.435
   8 124.166402  65.999205    41.061    41.062  5 54729.67590675 56.591
   9 124.170158  65.998532    38.654    38.639  5 54739.59155426 55.312
  10 124.166320  65.999178    37.600    37.646  5 54749.50720102 34.159
  11 124.167571  65.999771    36.602    36.607  5 54759.42284803 45.439
  12 124.165457  65.999860    35.914    36.024  5 54769.33849242 38.920
  13 124.167403  65.998982    36.499    36.521  6 54779.25413384 29.061
  14 124.168185  65.997972    36.328    36.328  6 54789.16977267 22.097
  15 124.171188  65.997834    36.505    36.511  6 54799.08541065 18.674
  17 124.162550  66.000956    38.136    37.950  5 54818.91668494 15.324
  18 124.160611  66.001735    37.912    37.908  5 54828.83233691 14.810
  19 124.161522  66.001740    38.110    38.284  5 54838.74797587 14.068
  20 124.159917  66.001997    38.225    38.152  4 54848.66362489 14.107
  21 124.158279  66.002670    39.065    38.931  4 54858.57927337 12.897
  22 124.169073  66.002849    38.608    38.608  2 54868.49492311 12.535
  23 124.161923  66.002778    38.448    38.225  3 54878.41057038 13.051
  24 124.161568  66.001341    39.319    39.320  4 54888.32621521 12.278
  25 124.166805  65.999262    38.974    38.773  5 54898.24185727 11.864
  26 124.169393  65.998402    39.504    39.517  6 54908.15749656 11.552
  27 124.168836  65.998966    39.313    39.375  5 54918.07313428 11.791
  28 124.167658  65.999810    40.685    40.859  5 54927.98877180 11.162
  29 124.164268  65.999945    38.825    38.912  5 54937.90440845 10.875
  30 124.168920  65.999078    37.100    37.856  6 54947.82004412 33.319
  31 124.169924  65.998283    39.035    39.267  5 54957.73567950 29.595
  32 124.169614  65.998199    38.609    38.619  6 54967.65132799 35.894
  33 124.167716  65.999056    43.495    43.562  6 54977.56697528 42.191
  34 124.165303  66.000123    41.974    42.116  4 54987.48262254 24.361
  35 124.165436  66.000651    42.229    42.247  5 54997.39827020 31.951
  36 124.163795  66.000999    41.184    40.964  5 55007.31391596 23.560
  37 124.159979  66.001536    40.570    40.054  4 55017.22955944 24.893
  38 124.159922  66.002289    39.448    38.462  4 55027.14520184 28.363
  39 124.168428  66.002966    38.806    38.806  2 55037.06084458 55.185
  41 124.163485  66.002566    38.067    38.094  4 55056.89212425 29.085
  42 124.164181  66.000482    38.046    38.111  4 55066.80776110 28.259
  43 124.168780  65.998558    38.141    38.161  5 55076.72341185 29.196
  44 124.170762  65.998250    38.107    38.036  6 55086.63905982 31.244
  45 124.168343  65.999317    38.213    38.220  6 55096.55470571 30.934
  46 124.165120  66.000237    38.124    38.086  5 55106.47035117 43.050
  47 124.168970  65.999635    37.873    37.861  5 55116.38599689 56.005
  48 124.168135  65.998314    37.056    37.039  6 55126.30163987 49.219
  49 124.171452  65.997200    35.909    35.865  6 55136.21728079 41.752
  50 124.171364  65.997478    35.606    35.654  6 55146.13291934 36.146
  51 124.168428  65.999198    35.912    35.973  6 55156.04855688 27.365
  52 124.162370  66.000864    36.424    36.460  4 55165.96419428 24.669
  53 124.161987  66.001635    37.200    37.305  5 55175.87983196 22.940
  54 124.161127  66.001347    37.741    37.663  5 55185.79547349 20.708
  55 124.163959  66.001099    37.477    37.269  4 55195.71112483 20.533
  56 124.162846  66.001905    37.961    38.089  4 55205.62677452 19.226
  57 124.166468  66.003043    37.813    37.813  2 55215.54242398 18.592
  59 124.158733  66.002074    37.868    37.809  4 55235.37371839 17.011
  60 124.166954  65.999040    38.232    38.236  6 55245.28936238 16.075
  61 124.173269  65.996841    38.174    38.275  7 55255.20500337 15.016
  62 124.172808  65.997295    38.492    38.280  6 55265.12064215 14.316
  63 124.166540  65.999635    38.680    38.653  6 55275.03627951 14.382
  64 124.162635  66.001103    38.968    38.907  4 55284.95191638 13.671
  65 124.165505  66.000204    38.904    39.244  5 55294.86755217 14.016
  66 124.172979  65.997812    38.299    38.284  6 55304.78319142 13.327
  67 124.173339  65.996444    38.139    38.154  6 55314.69883877 26.184
  68 124.171236  65.997423    37.391    37.917  6 55324.61448404 39.395
  69 124.163524  65.999922    36.297    36.257  5 55334.53012747 43.658
  70 124.159712  66.001729    43.326    43.324  4 55344.44577099 46.769
  71 124.161063  66.001745    40.937    40.934  4 55354.36141432 53.047
  72 124.163916  66.001108    42.079    42.073  5 55364.27705573 21.917
  73 124.162610  66.001047    39.180    39.173  4 55374.19269508 29.598
  74 124.162388  66.002007    38.687    38.685  4 55384.10833332 44.083
  75 124.165132  66.003028    39.816    39.816  2 55394.02397101 23.065
  77 124.159214  66.002096    37.120    37.118  4 55413.85525987 51.699
  78 124.166851  65.999107    38.338    38.359  6 55423.77090941 30.760
  79 124.173201  65.996825    37.887    38.045  6 55433.68655620 32.864
  80 124.171491  65.997245    38.085    38.122  6 55443.60220053 29.114
  81 124.166783  65.999201    38.040    38.099  6 55453.51784321 53.773
  82 124.164194  66.000979    37.186    37.197  5 55463.43348527 55.454
  83 124.163850  66.000526    39.800    39.237  5 55473.34912536 24.463
  84 124.171148  65.998275    35.902    35.902  6 55483.26476336 47.205
  85 124.176592  65.996365    35.420    35.461  6 55493.18039905 39.240
  86 124.173966  65.997248    35.557    35.601  6 55503.09603255 29.013
  87 124.166080  65.999928    35.541    35.535  5 55513.01167872 20.687
  88 124.161917  66.002195    35.534    35.524  4 55522.92732787 17.570
  89 124.159024  66.002770    35.580    35.560  4 55532.84297567 16.660
  90 124.162401  66.001653    36.309    36.063  4 55542.75862236 15.203
  91 124.163042  66.000895    38.050    38.223  5 55552.67426678 13.692
  92 124.162508  66.001444    38.797    38.797  4 55562.58990978 12.766
  93 124.160369  66.002686    39.240    39.342  4 55572.50555194 11.800
  94 124.163836  66.002703    39.037    39.157  3 55582.42119338 11.314
  95 124.163702  66.001149    39.515    39.438  5 55592.33683122 11.019
  96 124.169625  65.998557    39.217    39.326  6 55602.25246634 10.489
  97 124.173166  65.997057    39.199    39.096  6 55612.16809912 10.323
  98 124.173020  65.997747    40.596    39.570  6 55622.08373333 10.311
  99 124.166027  65.999772    40.469    39.700  6 55631.99938557 10.054
 100 124.162441  66.000923    41.211    41.072  4 55641.91503594  9.317
 101 124.167182  66.000100    40.158    39.858  5 55651.83068432  9.599
 102 124.172067  65.997929    42.303    42.465  6 55661.74632876  9.269
 103 124.175283  65.996743    41.555    42.143  6 55671.66196986 12.720
 104 124.168945  65.997800    38.762    38.664  6 55681.57760846 27.236
 105 124.167829  66.000118    35.381    35.377  5 55691.49324580 35.627
 106 124.161007  66.002375    43.042    43.038  4 55701.40888101 37.561
 107 124.164900  66.002756    43.103    43.098  3 55711.32452264 25.783
 108 124.160834  66.002237    43.137    43.184  5 55721.24017206 21.646
 109 124.161973  66.001666    40.176    40.184  4 55731.15581987 38.040
 110 124.161398  66.001716    38.714    38.700  4 55741.07146625 36.405
 111 124.159904  66.002081    37.675    37.689  4 55750.98711129 55.066
 112 124.159320  66.001866    37.827    37.825  4 55760.90275409 54.003
 113 124.163945  66.000636    38.305    38.314  5 55770.81839452 29.017
 114 124.167662  65.998746    37.364    37.281  6 55780.73403145 54.831
 115 124.168478  65.997797    38.526    38.541  6 55790.64966548 30.387
 116 124.172492  65.998092    38.251    38.329  6 55800.56529858 32.650
 117 124.163739  65.999699    36.899    36.946  4 55810.48094642 54.199
 118 124.164583  66.000587    40.015    39.954  4 55820.39659527 25.942
 119 124.167018  66.000196    38.011    38.117  5 55830.31223965 28.014
 120 124.167599  65.998841    38.536    38.107  6 55840.22787935 28.736
 121 124.169957  65.997848    36.285    36.319  6 55850.14351615 49.843
 122 124.167382  65.998884    35.196    35.214  6 55860.05915048 28.618
 123 124.163836  66.000869    36.335    36.331  4 55869.97480081 34.351
 133 124.169484  65.998122    39.948    40.020  6 55969.13124289  9.599
 134 124.165854  65.999302    40.894    40.104  5 55979.04687904  9.787
 135 124.166538  65.999987    41.061    40.151  5 55988.96251488  9.386
 136 124.162796  66.000081    40.041    40.044  5 55998.87815639  8.916
 137 124.167354  65.999085    39.992    40.094  5 56008.79380784  8.449
 138 124.170713  65.998335    40.143    40.077  6 56018.70945498  8.955
 139 124.170514  65.998631    40.255    40.230  6 56028.62509883  8.757
 141 124.160491  66.001444    43.077    43.357  4 56048.45638012  8.114
 142 124.162466  66.002320    36.720    36.733  4 56058.37201770 37.584
 143 124.159990  66.002662    45.023    45.022  4 56068.28765050 33.546
 144 124.162552  66.002283    42.959    42.923  4 56078.20330189 55.198
 145 124.160651  66.002310    41.310    41.263  4 56088.11895033 52.881
 146 124.159604  66.002520    42.992    42.781  5 56098.03459637 21.781
 147 124.162788  66.001846    41.036    40.819  4 56107.95024056 28.534
 148 124.162899  66.000459    39.915    39.911  5 56117.86587011 24.024
 149 124.167865  65.998790    38.787    38.721  5 56127.78150800 54.481
 150 124.172542  65.997909    38.958    38.951  6 56137.69714217 55.289
 151 124.168388  65.998751    39.922    39.901  5 56147.61278783 21.195
 152 124.164684  66.000082    37.532    37.549  5 56157.52843665 55.217
 153 124.166079  66.000547    38.849    38.896  5 56167.44408498 56.437
 154 124.167152  65.999771    40.039    39.148  5 56177.35973069 29.476
 155 124.169881  65.998611    38.264    38.267  5 56187.27537186 33.033
 156 124.170142  65.998227    38.472    38.465  5 56197.19100916 30.771
 157 124.169071  65.999435    37.998    37.805  5 56207.10664335 31.663
 158 124.160565  66.001786    36.904    36.850  5 56217.02227530 47.822
 159 124.164794  66.002939    36.409    36.409  2 56226.93791801 40.240
 160 124.162397  66.002836    36.579    36.613  3 56236.85357260 30.542
 161 124.159508  66.002126    35.836    35.846  4 56246.76922329 31.863
 162 124.161755  66.001595    36.241    36.243  5 56256.68486937 30.286
 163 124.160779  66.002252    36.354    36.372  5 56266.60051150 29.423
 164 124.161030  66.002842    36.311    36.251  3 56276.51615207 26.996
 165 124.161145  66.002278    36.810    36.465  4 56286.43179908 20.642
 166 124.164945  66.000032    36.656    36.366  5 56296.34744937 19.624
 167 124.172547  65.997501    36.275    36.262  6 56306.26309597 18.374
 168 124.172008  65.996992    37.507    37.347  6 56316.17873863 16.240
 169 124.168406  65.998744    36.515    36.434  5 56326.09437924 16.392
 170 124.164039  66.000843    36.909    37.234  5 56336.01001884 15.450
 171 124.161286  66.001442    38.765    38.908  5 56345.92565735 13.722
 172 124.167846  65.999968    38.512    38.554  5 56355.84129435 12.836
 173 124.168220  65.998344    38.689    38.675  6 56365.75694101 12.611
 174 124.172494  65.997947    38.520    38.532  6 56375.67259015 12.272
 176 124.159602  66.002437    39.161    39.143  4 56395.50387831 11.132
 178 124.166082  66.002978    36.887    36.887  2 56415.33515885 44.232
 179 124.160892  66.002074    35.556    35.536  5 56425.25079195 40.290
 180 124.160121  66.001438    43.377    43.402  4 56435.16643983 38.209
 181 124.159704  66.001694    41.325    41.324  4 56445.08209176 56.340
 182 124.160240  66.002598    42.809    42.453  5 56454.99774133 21.388
 183 124.160125  66.002284    42.194    42.226  5 56464.91338791 21.080
 184 124.167110  66.000145    38.447    38.408  5 56474.82903156 54.121
 185 124.170201  65.997751    38.107    38.067  6 56484.74467140 55.540
 187 124.167948  65.998856    40.741    40.732  5 56504.57594205 23.057
 188 124.163438  66.001497    40.587    40.586  4 56514.49157445 57.037
 189 124.161513  66.002258    39.597    39.596  4 56524.40722615 30.554
 190 124.162997  66.000822    39.249    39.147  5 56534.32287765 28.796
 192 124.171862  65.998169    37.843    37.833  6 56554.15417063 55.222
 193 124.166728  66.000260    38.626    38.303  5 56564.06981289 29.340
 194 124.166719  66.002810    37.131    37.131  2 56573.98545431 40.125
 197 124.158848  66.002128    34.868    34.841  4 56603.73238014 19.770
 198 124.162970  66.000835    35.579    35.629  4 56613.64802922 29.883
 199 124.161171  66.001400    35.764    35.857  5 56623.56367366 16.911
 200 124.160976  66.002171    36.248    36.176  4 56633.47931539 15.513
 201 124.159808  66.002327    36.561    36.194  4 56643.39495236 15.043
 202 124.165959  66.000309    37.874    37.702  5 56653.31060440 13.552
 203 124.170498  65.998055    38.216    38.052  6 56663.22625400 13.077
 204 124.173811  65.997058    38.606    38.795  6 56673.14190071 12.624
 205 124.169327  65.998695    38.999    39.015  6 56683.05754526 12.469
 206 124.162958  66.000893    38.812    38.827  5 56692.97318754 11.803
 207 124.160260  66.002085    38.900    38.865  4 56702.88882600 10.946
 208 124.164085  66.001046    39.661    39.698  4 56712.80445995  9.831
 209 124.166276  65.999480    39.165    39.263  5 56722.72010760 10.765
 210 124.169548  65.998894    39.479    39.436  5 56732.63575896  9.490
 211 124.163965  66.000844    41.547    42.040  5 56742.55140589  9.991
 215 124.159677  66.002134    38.771    38.842  4 56782.21397520 26.979
 216 124.163097  66.000786    40.655    40.658  4 56792.12962982 45.289
 217 124.162609  66.000802    42.005    42.005  4 56802.04528118 56.527
 218 124.161223  66.001508    42.779    42.711  4 56811.96092496 23.754
 219 124.161044  66.001507    40.173    40.175  5 56821.87656480 55.987
 220 124.163826  66.000283    39.552    39.607  5 56831.79220075 25.578
 221 124.169535  65.998674    38.773    38.718  6 56841.70783361 31.896
 222 124.172061  65.998229    38.239    38.218  6 56851.62347181 40.735
 223 124.168679  65.999244    38.611    38.600  5 56861.53912579 29.715
 224 124.162435  66.000972    37.643    37.668  4 56871.45477885 55.244
 225 124.160259  66.001633    38.638    38.656  4 56881.37042938 26.141
 226 124.163422  66.000965    38.340    38.540  4 56891.28607674 26.562
 227 124.164201  65.999928    38.427    38.483  5 56901.20172095 27.234
 228 124.162427  66.000297    38.831    38.773  5 56911.11736292 25.845
 229 124.159852  66.001741    38.283    38.253  4 56921.03300321 29.540
 233 124.162337  66.001993    34.538    34.522  4 56960.69556665 29.446
 234 124.161672  66.001209    34.548    34.639  5 56970.61121325 21.248
 235 124.161413  66.001176    35.410    35.397  5 56980.52685589 25.544
 236 124.163493  66.001295    35.842    35.834  4 56990.44249432 17.996
 237 124.162872  66.001086    35.566    35.588  5 57000.35812618 21.667
 238 124.164671  66.000023    35.622    35.592  5 57010.27378152 16.839
 239 124.170228  65.998744    37.718    38.204  6 57020.18943415 14.002
 240 124.167189  65.998880    38.957    38.873  6 57030.10508300 13.031
 241 124.166219  65.999680    38.800    39.122  6 57040.02073030 12.749
 242 124.164718  66.000761    39.069    38.956  5 57049.93637535 11.692
 243 124.162694  66.001218    38.918    38.873  4 57059.85201634 11.224
 244 124.163833  66.001031    39.283    39.265  4 57069.76765195 11.032
 245 124.161274  66.001150    39.744    39.714  4 57079.68328289  9.738
 246 124.161251  66.001904    39.515    39.454  4 57089.59892113 10.158
 247 124.163980  66.002857    42.118    41.533  3 57099.51457939  9.647
 250 124.160094  66.002340    39.948    39.943  4 57129.26152736 11.307
