# NaN NaN NaN ;Mean Elev.(m), Avg Gradient(m/km), RMS Gradient(m/km) - SRTM1     
#   54.217  -3.915  16.248 ;Mean Elev.(m), Avg Gradient(m/km), RMS Gradient(m/km) - ASTER GDEM
#   57.065  -3.928  17.103 ;Mean Elev.(m), Avg Gradient(m/km), RMS Gradient(m/km) - GMTED2010 
   1 129.756273  62.916791    80.120    80.219 11 54662.29864850 28.669
   2 129.731031  62.922951   149.356   150.872 16 54672.21429065  6.512
   3 129.735355  62.922739    -4.819    -5.089 20 54682.12993475  6.415
   4 129.751699  62.919819   145.835   145.523 13 54692.04557903 19.806
   5 129.755665  62.919315    -1.781    -0.473 10 54701.96121957  9.403
   6 129.752516  62.918396   123.959   123.909 12 54711.87686728 25.747
   7 129.736339  62.919979     6.911     6.672 20 54721.79251675  4.871
   8 129.749887  62.914569   110.515   107.046 17 54731.70816704 20.275
   9 129.765471  62.910306   141.794   148.403  6 54741.62381571  6.561
  10 129.742795  62.916198   150.371   152.310 21 54751.53945971  7.164
  11 129.744449  62.915940   144.303   143.211 19 54761.45510634 23.912
  12 129.741879  62.915900   143.894   143.507 21 54771.37075015 25.421
  13 129.743996  62.914773   144.876   144.994 20 54781.28639141 12.901
  14 129.724183  62.919611   140.409   144.570  6 54791.20202754  6.804
  17 129.757443  62.915867    78.025    78.051 11 54820.94894630 21.364
  18 129.758834  62.915054    79.239    78.109 12 54830.86459881 19.413
  19 129.757733  62.914825    78.111    77.929 11 54840.78023752 19.488
  20 129.758939  62.914644    78.877    77.806 12 54850.69588664 19.104
  21 129.757637  62.915839    79.351    77.771 12 54860.61153492 19.084
  22 129.754182  62.917239    77.978    77.602 12 54870.52718305 19.090
  23 129.752072  62.916773    78.704    77.401 13 54880.44283013 18.552
  24 129.757147  62.913339    78.672    77.405 15 54890.35847498 18.493
  25 129.756791  62.911162    80.628    77.388 16 54900.27411619 18.297
  26 129.754782  62.911404    81.729    82.784 17 54910.18975500 18.124
  27 129.747799  62.914627    82.313    83.645 19 54920.10539188 17.642
  28 129.741488  62.917792    82.031    80.568 20 54930.02102844 16.916
  29 129.738359  62.918726    80.892    79.546 19 54939.93666444 17.290
  30 129.741957  62.917033   142.994   141.197 20 54949.85229969 11.884
  31 129.742909  62.915936   122.211   121.257 21 54959.76793874 19.861
  32 129.741021  62.916551   146.991   146.996 20 54969.68358711 25.173
  33 129.740302  62.918077   150.120   149.127 20 54979.59923425  7.517
  34 129.738408  62.919660    82.530    82.528 20 54989.51488108 52.936
  35 129.738693  62.919490   145.975   146.101 20 54999.43052829 21.270
  36 129.750820  62.916180    82.055    82.041 14 55009.34617513 38.587
  37 129.765453  62.912567    89.405    83.203  8 55019.26182052 27.959
  38 129.738190  62.920325   146.140   146.056 20 55029.17745966 25.109
  39 129.734084  62.922734   145.636   146.522 20 55039.09310093 23.891
  40 129.745047  62.921140    80.237    80.334 16 55049.00874275 31.797
  41 129.735300  62.922829    80.560    80.682 20 55058.92438028 27.455
  42 129.767072  62.912680    81.162    81.265  9 55068.84002351 27.076
  43 129.768551  62.909333    86.777    89.108 11 55078.75567385 24.062
  44 129.764289  62.909452    80.120    80.051 12 55088.67132108 40.355
  45 129.741012  62.916268   145.829   147.271 20 55098.58696440 24.764
  46 129.765283  62.911834    80.521    80.669 10 55108.50261267 28.116
  47 129.739712  62.917933   144.909   144.985 20 55118.41825429 12.408
  48 129.740894  62.915710   147.338   147.145 20 55128.33389684 13.565
  49 129.750579  62.911565   141.467   141.289 19 55138.24953827 15.795
  50 129.749766  62.912319   119.697   117.069 18 55148.16517674 16.086
  51 129.741032  62.917313   121.434   119.610 20 55158.08081357 14.135
  52 129.737729  62.920844   123.838   122.357 20 55167.99645087 10.894
  53 129.735624  62.922505   122.372   122.278 20 55177.91208782  9.371
  54 129.737908  62.920821   120.767   122.850 20 55187.82773277  9.889
  55 129.737075  62.919755   123.006   124.785 19 55197.74338366  8.274
  56 129.738088  62.919764   122.700   121.902 20 55207.65903352 11.116
  57 129.774239  62.912231    77.791    77.768  4 55217.57468676 23.711
  58 129.760447  62.915850    82.042    83.584 10 55227.49033359 20.429
  59 129.763985  62.913293    84.117    85.536 10 55237.40597982 19.871
  60 129.759122  62.911566    83.879    85.549 13 55247.32162172 20.288
  61 129.762488  62.908482    82.809    86.472 13 55257.23726205 20.258
  62 129.761984  62.908880    84.504    88.234 13 55267.15290082 19.479
  63 129.751056  62.913936    83.933    85.479 16 55277.06853765 18.785
  64 129.737779  62.919328    81.909    80.120 20 55286.98417313 18.358
  65 129.738121  62.919709    82.003    80.380 20 55296.89980808 17.994
  66 129.741809  62.916777    81.725    80.580 20 55306.81544979 16.597
  67 129.750816  62.912354   141.620   142.022 18 55316.73109781 16.840
  68 129.748290  62.913122   151.858   152.752 19 55326.64674293 11.865
  69 129.739063  62.917671   148.061   144.404 19 55336.56238597 26.202
  70 129.768518  62.912743    81.859    81.854  8 55346.47803304 29.872
  71 129.736685  62.921251   150.497   154.828 17 55356.39367178  3.804
  72 129.764458  62.913965    89.279    82.699  8 55366.30931560 28.306
  73 129.765443  62.913286    88.802    82.319  8 55376.22495484 26.777
  74 129.749404  62.918044   134.510   134.686 14 55386.14059108 27.153
  75 129.734966  62.923032   146.911   146.260 19 55396.05622658 20.691
  76 129.761325  62.917421    78.553    78.556  8 55405.97187070 54.161
  77 129.736186  62.921728    79.311    79.321 19 55415.88751936 41.917
  78 129.741962  62.917092    79.320    79.288 20 55425.80316847 56.187
  79 129.745836  62.913640    79.143    79.153 19 55435.71881456 52.320
  80 129.731374  62.916883   145.023   147.462  6 55445.63445688  8.594
  81 129.742902  62.915635    79.830    79.437 21 55455.55010120 41.936
  82 129.738643  62.918637    78.739    78.741 20 55465.46574292 42.281
  83 129.755570  62.914862    82.947    82.476 12 55475.38138432 22.174
  84 129.741817  62.916913   126.507   127.617 21 55485.29701927 24.770
  85 129.743240  62.915118   116.503   121.791 21 55495.21265392 26.097
  86 129.743341  62.916019   119.794   118.845 20 55505.12828753 16.132
  87 129.738087  62.918953   120.297   119.119 19 55515.04393734 14.874
  88 129.739839  62.920547   114.736   115.752 18 55524.95958705 14.658
  89 129.741738  62.920555    99.118    93.080 18 55534.87523502 15.732
  90 129.739135  62.920203    97.358    91.327 18 55544.79088060 15.327
  91 129.736030  62.920055    87.866    84.597 20 55554.70652420 16.150
  92 129.740748  62.919093    94.970    92.044 18 55564.62216755 15.185
  93 129.737989  62.920629    88.022    84.615 20 55574.53780934 15.675
  94 129.737798  62.920664    88.682    86.694 20 55584.45344997 15.555
  95 129.749324  62.916805    96.479    92.956 15 55594.36908868 14.411
  96 129.770692  62.910214    90.849    90.863  9 55604.28472528 17.124
  97 129.761073  62.912195    87.340    87.584 12 55614.20035615 17.178
  98 129.759660  62.913197    87.338    87.273 12 55624.11599430 16.276
  99 129.756793  62.914266    87.117    86.969 12 55634.03164666 16.239
 100 129.758055  62.914118    88.176    87.714 11 55643.94729729 15.735
 101 129.751090  62.915290    85.917    85.817 16 55653.86294419 14.500
 102 129.754332  62.913213    87.413    87.419 16 55663.77858787 13.958
 103 129.742950  62.915280    81.484    80.792 20 55673.69422676 16.566
 104 129.770393  62.909199    83.212    79.961  9 55683.60986843 30.406
 105 129.735987  62.919843   145.296   146.603 18 55693.52550139 14.526
 106 129.734982  62.922552   150.812   151.133 20 55703.44113671 10.765
 107 129.742629  62.921411    79.794    79.731 16 55713.35678222 36.902
 108 129.765157  62.915043    85.506    82.342  8 55723.27243412 30.407
 109 129.751115  62.917705   134.814   135.478 14 55733.18807984 27.040
 110 129.753812  62.916782    79.857    79.762 12 55743.10372623 31.572
 111 129.740452  62.919890   143.696   143.526 19 55753.01936941 24.723
 112 129.736764  62.920152   142.139   144.634 20 55762.93501150 12.002
 113 129.739936  62.918239    78.364    78.335 20 55772.85065161 50.984
 114 129.767953  62.910115    81.328    81.299 10 55782.76629113 30.640
 115 129.741297  62.917011    80.388    80.381 21 55792.68192149 47.163
 116 129.765763  62.912513    79.731    79.685  8 55802.59755844 30.256
 117 129.766954  62.912684    79.790    79.791  8 55812.51320838 24.808
 118 129.738320  62.919467    79.702    79.720 20 55822.42885322 29.486
 119 129.706595  62.926468   141.344   147.422  8 55832.34449297 13.472
 120 129.741837  62.917159   143.178   144.783 20 55842.26013608 23.158
 121 129.740092  62.917944   143.258   143.718 21 55852.17577179 26.094
 122 129.738401  62.920239   143.887   143.318 20 55862.09140543 25.200
 123 129.763264  62.914673   100.518    86.343  9 55872.00706287 29.963
 133 129.760378  62.911465    84.061    84.582 13 55971.16350169 21.586
 134 129.765656  62.912375    87.970    88.982  9 55981.07913832 20.099
 135 129.769265  62.912872    90.712    90.194  7 55990.99477367 18.531
 136 129.757338  62.914966    87.408    87.442 12 56000.91041796 16.395
 137 129.760393  62.912082    88.855    88.909 13 56010.82606902 16.448
 138 129.757347  62.911915    87.998    88.044 14 56020.74171530 16.443
 139 129.755049  62.913155    86.830    86.995 16 56030.65735848 16.283
 141 129.735554  62.921598    78.085    78.616 19 56050.48863660 28.884
 142 129.709876  62.928976   146.260   146.376 10 56060.40427010 21.656
 143 129.733320  62.923258   148.453   147.989 20 56070.31990940  9.945
 144 129.767450  62.913799    90.029    83.821  8 56080.23556431 28.086
 145 129.737944  62.920834   150.839   155.629 20 56090.15120908 11.590
 146 129.764943  62.914820    90.089    83.971  8 56100.06685793 30.073
 147 129.712847  62.927254   149.227   147.744  9 56109.98248362  8.757
 148 129.731101  62.921166    81.584    81.577 18 56119.89812611 56.331
 149 129.769854  62.909830    83.373    81.425 10 56129.81376733 27.307
 150 129.741828  62.916245   134.917   134.450 21 56139.72939745 28.650
 151 129.742147  62.916737    80.479    80.475 21 56149.64504745 41.821
 152 129.737968  62.919523    79.782    79.768 20 56159.56069576 37.248
 153 129.736639  62.920611    79.227    79.196 19 56169.47634311 47.641
 154 129.739933  62.918555    79.429    79.439 20 56179.39198775 44.523
 155 129.769301  62.909571    79.560    79.431  9 56189.30763130 25.726
 156 129.768947  62.909239    81.499    79.885  9 56199.22326815 23.498
 157 129.738114  62.919050   149.149   149.363 19 56209.13889857 15.489
 158 129.702689  62.931131   142.559   148.362  8 56219.05452664 15.424
 159 129.755663  62.919558   142.964   142.778  7 56228.97017986 18.407
 160 129.737173  62.922982   120.978   121.243  6 56238.88583169 21.210
 161 129.737029  62.921265    96.631    91.339 20 56248.80148182 19.933
 162 129.737849  62.920020   107.076   109.377 19 56258.71712705 16.600
 163 129.736557  62.920998    98.230    97.301 19 56268.63276884 18.606
 164 129.735012  62.922267    87.257    81.910 20 56278.54840883 20.024
 165 129.745068  62.919330   112.566   107.991 16 56288.46405945 14.094
 166 129.739011  62.918450    88.605    84.837 19 56298.37970770 19.534
 167 129.743948  62.914554   110.931   112.150 21 56308.29535335 15.427
 168 129.760429  62.909344   108.096   108.070 15 56318.21099768 15.674
 169 129.773385  62.907775    91.570    91.476  8 56328.12664015 19.161
 170 129.767131  62.912058    88.857    89.725  9 56338.04227934 19.393
 171 129.756462  62.916508    85.251    85.829 11 56347.95791625 19.935
 172 129.746397  62.918477    83.775    83.513 15 56357.87355071 20.124
 173 129.757927  62.912741    86.103    86.696 13 56367.78920194 20.204
 176 129.734879  62.921381    81.606    82.858 20 56397.53613609 18.405
 177 129.746841  62.920513    80.185    79.294 14 56407.45177831 24.173
 178 129.746350  62.920842   142.399   141.939 15 56417.36741538 17.120
 179 129.754995  62.917961    81.787    81.683 12 56427.28304894 49.528
 180 129.766832  62.913056    89.340    86.146  9 56437.19870282 30.635
 181 129.766222  62.912644    81.109    81.173  8 56447.11435439 31.779
 182 129.733905  62.921239   147.718   146.935 19 56457.02999991 18.795
 183 129.767398  62.912750    80.481    80.465  8 56466.94565000 27.044
 184 129.768353  62.911031    82.098    79.905  9 56476.86129241 25.799
 185 129.765836  62.909758   135.694   135.991 11 56486.77693077 25.964
 187 129.754586  62.914126    81.140    81.125 15 56506.60819927 56.373
 188 129.734254  62.922267    81.290    81.268 20 56516.52383136 38.642
 189 129.739262  62.921394   153.062   154.822 16 56526.43948630  2.320
 190 129.767278  62.913240    80.313    80.312  8 56536.35513994 24.688
 192 129.766172  62.910314    78.992    78.981 10 56556.18643044 28.167
 193 129.765904  62.911807    87.947    88.555  9 56566.10207301 23.863
 194 129.721970  62.925422   137.612   149.482  4 56576.01770903 17.023
 195 129.758921  62.918624   128.772   127.269  9 56585.93335130 24.263
 196 129.761046  62.918365   143.461   142.492  8 56595.84898959 18.086
 197 129.757195  62.916871    86.043    86.054 11 56605.76464183 21.949
 198 129.759731  62.914450    80.684    77.798 10 56615.68028985 19.775
 199 129.769832  62.911836    84.348    83.773  7 56625.59593490 18.990
 200 129.746722  62.918149    96.904    92.994 16 56635.51157323 15.453
 201 129.744522  62.919274    95.827    91.938 16 56645.42721160 14.738
 202 129.749510  62.916222   104.566   106.996 16 56655.34286486 13.999
 203 129.747455  62.914589    97.885    94.951 19 56665.25851306 15.248
 205 129.746817  62.914791    99.032   105.749 19 56685.08980321 15.151
 206 129.742472  62.917790    92.295    86.183 19 56695.00544513 15.738
 207 129.746966  62.918353    98.880    95.104 16 56704.92108363 13.755
 208 129.762616  62.914873    88.332    88.178  9 56714.83671812 17.308
 209 129.739650  62.918419    83.588    83.667 20 56724.75236741 18.341
 211 129.759893  62.913664    87.466    87.730 12 56744.58366633 16.499
 212 129.755820  62.916949    85.665    86.021 11 56754.49930790 15.766
 213 129.750828  62.919965    81.762    81.640 13 56764.41494389 15.207
 214 129.748971  62.920439    79.232    78.501 14 56774.33057973 30.711
 215 129.707726  62.928178   148.304   148.093  8 56784.24623223 13.486
 216 129.740040  62.918507   145.851   145.992 20 56794.16188963 27.201
 217 129.768366  62.910824    82.022    80.182 10 56804.07754315 30.140
 218 129.741417  62.917599   131.195   129.338 21 56813.99318280 23.866
 219 129.768523  62.910748    84.090    79.869 10 56823.90882528 26.973
 220 129.741755  62.917051    81.042    81.111 21 56833.82445745 24.161
 221 129.766728  62.911272    79.963    79.964 10 56843.74009210 30.728
 222 129.738756  62.918525    79.739    79.752 20 56853.65573141 54.457
 223 129.738649  62.918590    78.737    78.323 19 56863.57138520 39.549
 224 129.765331  62.912176    80.620    78.525  9 56873.48704151 23.716
 225 129.740853  62.917954    79.309    79.426 20 56883.40268873 36.623
 226 129.772325  62.909804    84.242    79.625  9 56893.31833911 26.356
 227 129.767303  62.910647    79.313    79.135 10 56903.23398211 23.290
 228 129.767490  62.911217    81.156    79.203 10 56913.14962370 22.539
 229 129.737944  62.919952    80.621    80.610 20 56923.06526012 48.456
 230 129.751950  62.918387    82.981    79.487 14 56932.98089919 25.419
 231 129.748439  62.920520   129.754   127.748 14 56942.89653102 25.044
 232 129.729327  62.924452   141.444   144.425 14 56952.81217387 20.793
 233 129.737054  62.920817   126.349   126.367 20 56962.72782561 17.277
 234 129.742425  62.918787   116.248   115.990 17 56972.64347204 12.264
 235 129.736417  62.920559   127.933   130.647 19 56982.55911278  7.478
 236 129.738000  62.920587   119.663   118.757 20 56992.47474978 11.139
 237 129.736003  62.920854   125.582   124.606 20 57002.39038390  9.079
 238 129.740557  62.917434   124.533   121.412 20 57012.30604166 11.020
 239 129.740988  62.916220   125.068   130.235 20 57022.22169322 10.794
 240 129.742138  62.916734   123.475   122.414 20 57032.13734199 11.228
 241 129.738617  62.918834   125.978   127.717 19 57042.05298814  8.116
 242 129.736821  62.919960   124.715   121.397 20 57051.96863242  9.135
 243 129.751714  62.916045   104.483   106.695 15 57061.88427444 14.430
 244 129.753648  62.915565   101.181    95.480 14 57071.79990952 14.506
 245 129.770969  62.912546    90.322    90.295  7 57081.71554205 18.772
 246 129.764965  62.915483    88.434    88.485  7 57091.63118540 18.555
 247 129.764059  62.916374    84.936    85.182  8 57101.54684257 18.575
 248 129.750970  62.919447    84.337    85.924 13 57111.46249504 13.328
 249 129.746664  62.919296    84.223    84.444 16 57121.37814285 13.600
 250 129.737273  62.920036    81.495    81.097 20 57131.29378447 14.554
