# NaN NaN NaN ;Mean Elev.(m), Avg Gradient(m/km), RMS Gradient(m/km) - SRTM1     
#   30.310  -0.535   1.716 ;Mean Elev.(m), Avg Gradient(m/km), RMS Gradient(m/km) - ASTER GDEM
#   25.179  -1.549   7.477 ;Mean Elev.(m), Avg Gradient(m/km), RMS Gradient(m/km) - GMTED2010 
   1 124.870788  64.912359    49.516    49.462  7 54668.23128568 25.595
   2 124.872301  64.912843    49.420    49.617  7 54678.14693010 26.390
   3 124.881718  64.913346    -5.718    -5.725  4 54688.06257402 11.367
   4 124.879688  64.915073    49.852    49.920  3 54697.97821491 47.868
   5 124.882179  64.914099    -3.857    -3.904  4 54707.89385746 10.473
   6 124.870008  64.913093    50.229    50.157  7 54717.80950824 28.390
   7 124.862858  64.911224    12.409    12.405  5 54727.72515696 15.578
   8 124.863778  64.909986    49.207    48.966  5 54737.64080473 25.930
   9 124.863436  64.910899    48.248    48.175  4 54747.55645191 28.160
  10 124.867387  64.911662    47.392    47.387  6 54757.47209910 44.019
  11 124.871279  64.911394    46.860    46.891  7 54767.38774432 50.903
  12 124.862272  64.911292    46.360    46.378  4 54777.30338510 39.667
  13 124.862641  64.909678    47.138    47.143  5 54787.21902445 31.063
  14 124.863899  64.909378    47.078    47.051  5 54797.13466276 32.353
  17 124.874602  64.913146    47.528    47.584  6 54826.88158783 20.690
  18 124.869852  64.912963    47.466    47.475  7 54836.79722661 18.143
  19 124.871525  64.912157    47.379    47.400  7 54846.71287632 17.535
  20 124.873352  64.912111    47.296    47.312  7 54856.62852534 16.273
  21 124.872306  64.913302    47.154    47.115  6 54866.54417399 16.193
  22 124.874780  64.913212    47.151    47.143  6 54876.45982249 15.512
  23 124.876220  64.912170    47.127    47.150  6 54886.37546803 15.737
  24 124.866384  64.911427    47.448    47.416  6 54896.29110910 14.154
  25 124.862926  64.910124    47.712    47.788  4 54906.20674816 13.658
  26 124.862484  64.910006    47.802    47.892  4 54916.12238631 13.634
  27 124.862106  64.911171    48.255    48.345  4 54926.03802418 12.191
  28 124.869763  64.911367    47.775    47.687  6 54935.95366220 12.063
  29 124.871941  64.911571    47.696    47.726  7 54945.86929782 30.485
  30 124.867636  64.911554    47.682    47.082  6 54955.78493026 34.484
  31 124.864315  64.910575    49.068    49.056  4 54965.70057799 40.923
  32 124.863462  64.910444    51.313    51.336  5 54975.61622578 28.900
  33 124.867369  64.911106    50.960    50.966  5 54985.53187376 53.689
  34 124.871237  64.912070    51.255    51.266  7 54995.44752172 25.979
  35 124.872465  64.912697    51.071    51.175  7 55005.36316796 22.444
  36 124.874012  64.912477    49.853    49.859  7 55015.27881210 52.316
  37 124.870928  64.912781    48.839    48.818  7 55025.19445441 54.692
  38 124.874554  64.912943    49.551    49.557  6 55035.11009686 24.216
  39 124.878453  64.913171    48.093    48.127  5 55045.02573860 54.766
  40 124.875119  64.913712    48.601    48.487  5 55054.94137794 55.066
  41 124.872633  64.912750    48.327    48.320  7 55064.85701519 49.585
  42 124.865161  64.911830    49.136    49.138  6 55074.77266197 24.016
  43 124.864686  64.910560    48.093    48.046  5 55084.68830992 54.553
  44 124.864148  64.910666    48.522    48.534  5 55094.60395614 54.916
  45 124.863714  64.911197    49.520    49.592  5 55104.51960217 23.926
  46 124.865510  64.911171    48.611    48.679  5 55114.43524821 27.238
  47 124.864188  64.910879    47.750    47.748  4 55124.35089154 47.748
  48 124.864099  64.910277    47.053    47.052  4 55134.26653224 43.036
  49 124.863072  64.910087    45.938    45.936  4 55144.18217073 33.137
  50 124.862120  64.910961    47.226    47.138  5 55154.09780857 26.098
  51 124.868383  64.911375    47.014    46.956  6 55164.01344746 24.159
  52 124.870182  64.912650    47.070    47.044  7 55173.92908567 22.360
  53 124.871464  64.913296    46.958    46.951  7 55183.84472430 21.534
  54 124.870661  64.913225    47.101    47.081  7 55193.76037546 20.826
  55 124.876060  64.912476    47.002    46.985  6 55203.67602594 19.967
  56 124.874849  64.913127    47.011    47.039  6 55213.59167502 19.367
  57 124.874491  64.913211    46.966    46.969  6 55223.50732373 17.983
  58 124.873333  64.912157    47.021    47.043  7 55233.42297089 17.804
  59 124.865184  64.911313    47.371    47.342  5 55243.33861420 17.353
  60 124.863206  64.909917    47.486    47.531  4 55253.25425494 16.924
  61 124.863226  64.909700    47.823    47.812  4 55263.16989373 16.135
  62 124.862744  64.911158    47.831    47.826  4 55273.08553146 16.047
  63 124.870280  64.911276    47.566    47.577  6 55283.00116970 15.946
  64 124.866389  64.911749    47.556    47.546  6 55292.91680561 16.047
  66 124.864458  64.909790    46.626    46.601  4 55312.74808932 27.359
  67 124.864171  64.910169    46.689    46.744  5 55322.66373468 41.235
  68 124.864151  64.911555    47.372    47.363  5 55332.57937871 43.571
  69 124.870897  64.911921    52.599    52.554  8 55342.49502336 52.196
  70 124.872765  64.912004    50.507    50.480  7 55352.41066730 42.715
  71 124.872872  64.911975    50.532    50.480  7 55362.32630893 22.636
  72 124.872176  64.912359    49.770    49.961  7 55372.24194849 30.041
  74 124.877228  64.913954    49.979    49.972  5 55392.07322470 55.543
  75 124.879388  64.914086    48.670    48.713  4 55401.98886106 26.795
  76 124.872803  64.913114    48.267    47.885  6 55411.90451114 32.950
  77 124.861818  64.911810    49.452    49.199  5 55421.82015983 24.830
  78 124.863307  64.909669    48.422    48.009  5 55431.73580689 32.003
  79 124.862849  64.910045    48.264    48.259  4 55441.65145143 25.112
  80 124.863272  64.911488    48.564    48.563  5 55451.56709442 45.222
  81 124.873477  64.911292    47.847    47.904  7 55461.48273768 32.188
  82 124.867192  64.911546    47.787    47.705  6 55471.39837798 31.357
  83 124.862639  64.910701    47.791    47.852  4 55481.31401561 21.560
  84 124.861685  64.909869    46.871    46.813  5 55491.22965122 45.099
  85 124.864402  64.910610    46.914    46.885  4 55501.14528515 38.519
  86 124.871660  64.911593    46.462    46.441  7 55511.06092914 31.360
  87 124.876433  64.912320    46.695    46.647  6 55520.97657925 25.739
  88 124.876161  64.912532    46.971    46.949  6 55530.89222785 23.228
  89 124.872098  64.912281    46.968    46.933  7 55540.80787446 21.947
  90 124.872183  64.911767    46.742    46.735  7 55550.72351930 19.592
  91 124.872727  64.912277    46.676    46.629  7 55560.63916251 18.083
  93 124.876541  64.913451    46.753    46.769  5 55580.47044644 15.293
  94 124.869960  64.912765    46.791    46.792  7 55590.38608431 14.277
  95 124.864841  64.910976    46.582    46.582  5 55600.30171924 13.470
  96 124.863968  64.909696    46.601    46.600  5 55610.21735231 13.407
  97 124.864074  64.910810    47.249    47.318  4 55620.13298404 12.755
  98 124.871347  64.911736    46.996    47.149  8 55630.04863576 12.488
  99 124.872500  64.912632    47.239    47.212  7 55639.96428682 11.402
 100 124.871828  64.911585    47.320    47.328  8 55649.87993538 11.846
 101 124.862206  64.910361    47.299    47.337  5 55659.79557975 10.828
 102 124.864778  64.908636    48.870    49.020  5 55669.71122164  9.270
 103 124.862783  64.910136    47.219    46.831  5 55679.62686080 33.266
 104 124.872871  64.911636    46.909    46.848  7 55689.54249911 35.244
 105 124.876639  64.913419    51.650    51.638  6 55699.45813532 49.224
 106 124.877879  64.913641    50.259    49.790  5 55709.37377352 30.380
 107 124.870353  64.913319    50.354    50.317  7 55719.28942331 27.303
 108 124.872101  64.912282    50.197    50.201  7 55729.20507165 56.564
 109 124.871929  64.912635    49.140    49.161  8 55739.12071835 40.411
 110 124.876327  64.912829    48.137    48.140  6 55749.03636426 35.420
 111 124.874971  64.913051    48.440    48.424  6 55758.95200733 45.441
 112 124.871463  64.912253    47.185    47.186  8 55768.86764747 52.388
 113 124.862656  64.911294    47.714    47.722  4 55778.78328392 53.517
 114 124.863995  64.909803    49.150    48.801  5 55788.69891875 24.338
 115 124.862976  64.910869    48.179    48.161  5 55798.61455186 53.232
 116 124.869539  64.911669    47.446    47.467  7 55808.53019753 54.063
 117 124.871927  64.912729    48.451    48.110  7 55818.44584656 31.081
 118 124.870254  64.912479    48.183    48.200  7 55828.36149122 29.429
 119 124.864887  64.911421    47.991    47.952  6 55838.27713124 32.078
 120 124.863881  64.910062    47.298    47.307  5 55848.19276864 24.087
 121 124.862337  64.911349    46.783    46.820  5 55858.10840369 44.436
 122 124.871761  64.912333    46.826    46.833  8 55868.02405107 41.936
 123 124.871281  64.914323    46.858    46.854  6 55877.93970275 22.732
 133 124.863537  64.910640    47.817    47.868  4 55977.09613182 12.700
 134 124.869527  64.911723    47.610    47.614  7 55987.01176860 12.377
 135 124.872412  64.912519    47.705    47.786  7 55996.92740699 11.633
 136 124.870567  64.911818    47.736    47.768  7 56006.84305842 11.869
 137 124.864085  64.910949    47.751    47.777  5 56016.75870530 11.874
 139 124.863486  64.911152    48.058    48.057  5 56036.58999242 11.133
 141 124.877816  64.913136    46.402    46.388  5 56056.42127226 47.496
 142 124.876415  64.914195    53.004    52.982  5 56066.33690578 47.144
 143 124.875565  64.913461    52.242    52.249  6 56076.25255301 49.935
 144 124.874432  64.912776    51.151    51.259  7 56086.16820208 24.256
 145 124.870004  64.913048    50.637    50.623  7 56096.08384841 55.596
 146 124.867565  64.913280    49.645    49.696  6 56105.99949283 55.507
 147 124.868107  64.912530    49.980    49.928  4 56115.91512313 57.244
 148 124.869602  64.911546    49.041    49.039  7 56125.83076136 53.711
 149 124.866345  64.911161    49.460    49.001  5 56135.74639515 30.043
 150 124.862256  64.911384    50.523    50.489  5 56145.66203723 23.231
 151 124.865217  64.911204    48.973    48.540  5 56155.57768721 28.484
 152 124.868577  64.911484    49.260    49.040  6 56165.49333619 30.315
 153 124.870725  64.911522    49.106    49.031  7 56175.40898285 54.012
 154 124.870453  64.911340    49.054    48.800  7 56185.32462423 30.360
 155 124.865483  64.911312    49.042    48.804  5 56195.24026140 26.011
 156 124.866876  64.911239    48.110    48.061  5 56205.15589626 25.003
 157 124.870736  64.912161    47.599    47.514  7 56215.07152983 26.809
 158 124.875195  64.913622    47.104    47.063  5 56224.98716776 46.370
 159 124.875669  64.914100    46.566    46.567  5 56234.90282345 38.848
 160 124.871685  64.914207    46.848    46.607  6 56244.81847483 34.390
 161 124.871348  64.913404    46.976    46.948  7 56254.73412157 34.747
 162 124.871836  64.913157    47.080    47.097  7 56264.64976421 30.608
 165 124.868818  64.911793    47.180    47.168  7 56294.39670046 20.043
 166 124.862562  64.910740    47.155    47.184  5 56304.31234665 18.741
 167 124.863840  64.909825    46.961    46.961  4 56314.22798969 17.470
 168 124.864532  64.910620    47.121    46.932  4 56324.14363058 16.987
 169 124.868940  64.911559    46.939    46.903  6 56334.05927115 16.402
 170 124.871592  64.911830    47.086    47.119  8 56343.97491093 15.149
 171 124.869012  64.911880    47.193    47.256  7 56353.89054794 14.300
 172 124.866380  64.911225    47.146    47.211  5 56363.80619130 14.081
 173 124.862900  64.911259    47.526    47.508  4 56373.72184001 13.510
 175 124.871958  64.912434    47.388    47.425  8 56393.55313092 13.042
 176 124.872879  64.913374    48.220    48.278  6 56403.46877318 25.289
 177 124.876229  64.913319    46.433    46.394  6 56413.38441282 47.370
 178 124.872767  64.913663    46.845    46.841  6 56423.30004688 45.100
 179 124.875390  64.913008    52.629    52.598  6 56433.21569072 49.252
 180 124.872002  64.913058    51.168    51.158  7 56443.13134281 50.430
 181 124.873054  64.913025    50.076    50.144  6 56453.04699278 52.270
 182 124.871164  64.912527    50.543    50.485  7 56462.96263991 21.345
 184 124.864169  64.910227    49.393    48.808  5 56482.79392386 32.005
 185 124.864179  64.910057    50.548    50.736  5 56492.70956081 22.888
 187 124.872480  64.912778    50.124    50.086  7 56512.54082868 21.263
 188 124.871615  64.913292    49.760    49.679  7 56522.45647623 21.047
 189 124.872602  64.911787    49.707    49.563  7 56532.37212880 29.193
 191 124.862931  64.911129    49.520    49.573  5 56552.20342145 24.275
 192 124.872565  64.911395    48.556    48.287  7 56562.11906503 32.654
 193 124.875533  64.913234    47.560    47.549  6 56572.03470675 30.504
 194 124.879788  64.914110    46.761    46.690  4 56581.95034684 41.779
 195 124.872969  64.914901    46.642    46.715  4 56591.86598163 41.272
 196 124.871365  64.913396    46.369    46.447  7 56601.78163130 29.705
 197 124.871736  64.912169    47.059    47.080  8 56611.69728109 23.409
 198 124.869880  64.913024    46.962    47.002  7 56621.61292600 18.440
 199 124.873059  64.913461    46.877    46.854  6 56631.52856840 17.729
 200 124.872949  64.913412    46.973    46.907  6 56641.44420647 17.858
 201 124.870639  64.911530    47.213    47.242  6 56651.35985457 16.520
 202 124.865277  64.909776    47.232    47.280  5 56661.27550429 15.253
 203 124.865477  64.909057    47.159    47.203  5 56671.19115132 14.759
 205 124.873213  64.912013    47.162    47.216  7 56691.02244011 14.758
 206 124.871854  64.913075    47.405    47.417  7 56700.93807956 12.509
 207 124.871030  64.912118    47.456    47.442  7 56710.85371438 11.653
 208 124.862899  64.911675    47.983    48.114  5 56720.76935707 12.221
 209 124.862932  64.911154    47.837    47.956  5 56730.68500901 12.251
 211 124.878109  64.913303    47.972    48.044  5 56750.51630216 11.032
 212 124.881657  64.914105    46.629    46.697  4 56760.43194132 27.714
 213 124.879982  64.913986    46.796    46.880  4 56770.34757356 40.231
 214 124.870073  64.913177    48.437    48.550  7 56780.26322502 29.514
 215 124.868055  64.911936    50.676    50.679  7 56790.17888009 31.574
 216 124.869590  64.911643    51.266    51.365  7 56800.09453224 26.567
 217 124.870476  64.912504    50.643    50.677  7 56810.01017766 25.402
 219 124.871288  64.911362    50.146    50.325  7 56829.84145457 23.181
 220 124.863071  64.910808    49.377    49.390  5 56839.75708704 51.948
 221 124.863994  64.910469    48.604    48.591  5 56849.67272080 52.814
 222 124.864207  64.911446    49.543    48.857  5 56859.58837523 25.120
 223 124.869725  64.912641    48.198    48.227  7 56869.50402921 51.146
 224 124.870405  64.913224    48.859    48.549  7 56879.41968037 25.463
 225 124.872024  64.911794    48.873    48.632  7 56889.33532825 26.537
 226 124.862462  64.911241    49.860    49.730  4 56899.25097234 22.924
 227 124.863969  64.910861    48.624    48.620  4 56909.16661516 26.487
 228 124.871775  64.911746    47.858    47.870  7 56919.08225670 53.420
 229 124.877161  64.913731    48.879    48.882  5 56928.99789590 32.074
 230 124.882027  64.914496    47.565    47.588  4 56938.91353071 25.546
 231 124.880709  64.914124    46.563    46.477  3 56948.82916557 45.481
 232 124.874751  64.912502    46.265    46.198  7 56958.74481801 39.191
 233 124.872607  64.911351    46.050    46.019  7 56968.66046553 28.317
 234 124.870207  64.911981    46.608    46.644  7 56978.57610896 23.507
 235 124.876325  64.912256    46.776    46.796  6 56988.49174870 18.671
 236 124.871653  64.913459    46.697    46.651  6 56998.40738120 17.707
 237 124.873664  64.911706    47.028    46.894  7 57008.32303110 16.727
 238 124.862562  64.911109    47.004    46.752  4 57018.23868316 15.800
 239 124.864968  64.909947    47.209    47.229  5 57028.15433329 15.767
 240 124.863606  64.911228    47.561    47.732  4 57038.06998125 14.624
 241 124.872228  64.911776    47.653    47.444  7 57047.98562772 13.692
 242 124.874374  64.912617    47.288    47.089  7 57057.90126976 13.483
 243 124.874240  64.912334    47.805    47.848  7 57067.81690608 12.847
 244 124.869508  64.912566    47.744    47.683  7 57077.73253762 12.389
 245 124.876801  64.911987    47.711    47.683  6 57087.64817110 11.885
 246 124.872063  64.913463    47.789    47.918  6 57097.56382919 11.851
 247 124.882038  64.913295    48.191    48.150  4 57107.47948580 11.630
 248 124.875166  64.914618    48.115    48.228  5 57117.39513581 11.209
 249 124.876138  64.913451    49.449    49.557  5 57127.31078052 14.189
 250 124.869292  64.912980    49.428    49.436  7 57137.22641905 24.241
