# NaN NaN NaN ;Mean Elev.(m), Avg Gradient(m/km), RMS Gradient(m/km) - SRTM1     
#   21.107  -0.179   1.376 ;Mean Elev.(m), Avg Gradient(m/km), RMS Gradient(m/km) - ASTER GDEM
#   25.484  -3.221   7.721 ;Mean Elev.(m), Avg Gradient(m/km), RMS Gradient(m/km) - GMTED2010 
   1    39.277 54662.21724495 28.99 124.085200  66.065506 13.689 -100.00 -100.00 -100.00
   1    41.256 54662.21724554 27.34 124.091643  66.065724 10.680 -100.00 -100.00 -100.00
   2    37.302 54672.13288995 47.16 124.083441  66.065995   -100 -100.00 -100.00 -100.00
   2    37.274 54672.13289054 50.24 124.089885  66.066213   -100 -100.00 -100.00 -100.00
   3    13.166 54682.04853357 13.80 124.082633  66.067064  2.841 -100.00 -100.00 -100.00
   3    13.135 54682.04853416 13.85 124.089077  66.067283  2.968 -100.00 -100.00 -100.00
   4    38.957 54691.96417613 27.82 124.083545  66.067708 17.534 -100.00 -100.00 -100.00
   4    38.967 54691.96417672 31.66 124.089989  66.067926 26.886 -100.00 -100.00 -100.00
   5    12.473 54701.87981604 12.82 124.081873  66.067167  3.001 -100.00 -100.00 -100.00
   5    12.445 54701.87981663 12.94 124.088316  66.067385  2.718 -100.00 -100.00 -100.00
   6    40.371 54711.79546358 24.49 124.080296  66.065512 13.211 -100.00 -100.00 -100.00
   6    41.361 54711.79546417 26.40 124.086739  66.065731 17.333 -100.00 -100.00 -100.00
   6    42.003 54711.79546476 27.23 124.093181  66.065949 18.767 -100.00 -100.00 -100.00
   7    13.571 54721.71111462 13.47 124.080381  66.064068  2.417 -100.00 -100.00 -100.00
   7    13.567 54721.71111521 13.63 124.086823  66.064286  2.774 -100.00 -100.00 -100.00
   7    13.576 54721.71111580 13.71 124.093265  66.064505  2.374 -100.00 -100.00 -100.00
   8    41.539 54731.62676328 26.28 124.082225  66.063358  7.724 -100.00 -100.00 -100.00
   8    40.602 54731.62676387 30.48 124.088667  66.063576 14.459 -100.00 -100.00 -100.00
   8    40.840 54731.62676446 34.76 124.095109  66.063794 27.313 -100.00 -100.00 -100.00
   9    37.623 54741.54241012 46.20 124.081614  66.063835   -100 -100.00 -100.00 -100.00
   9    37.610 54741.54241071 49.28 124.088056  66.064053  7.257 -100.00 -100.00 -100.00
   9    37.643 54741.54241130 48.46 124.094499  66.064271  1.717 -100.00 -100.00 -100.00
  10    37.758 54751.45805682 30.94 124.080398  66.064354 15.285 -100.00 -100.00 -100.00
  10    37.785 54751.45805741 31.64 124.086841  66.064572 18.187 -100.00 -100.00 -100.00
  10    36.959 54751.45805800 38.52 124.093284  66.064790   -100 -100.00 -100.00 -100.00
  11    35.679 54761.37370335 40.71 124.079529  66.064336   -100 -100.00 -100.00 -100.00
  11    35.800 54761.37370394 41.80 124.085972  66.064554   -100 -100.00 -100.00 -100.00
  11    35.877 54761.37370453 42.74 124.092416  66.064772   -100 -100.00 -100.00 -100.00
  12    34.272 54771.28934761 35.26 124.080298  66.063423   -100 -100.00 -100.00 -100.00
  12    34.520 54771.28934820 36.48 124.086741  66.063642   -100 -100.00 -100.00 -100.00
  12    34.459 54771.28934879 37.83 124.093185  66.063860   -100 -100.00 -100.00 -100.00
  13    35.158 54781.20498875 23.19 124.081226  66.062560  9.771 -100.00 -100.00 -100.00
  13    35.180 54781.20498934 23.98 124.087669  66.062779 11.708 -100.00 -100.00 -100.00
  13    34.956 54781.20498993 24.96 124.094113  66.062997 13.382 -100.00 -100.00 -100.00
  14    37.266 54791.12062743 18.11 124.083465  66.062262  5.612 -100.00 -100.00 -100.00
  14    37.698 54791.12062802 17.95 124.089908  66.062481  5.155 -100.00 -100.00 -100.00
  14    37.950 54791.12062861 17.70 124.096351  66.062699  5.325 -100.00 -100.00 -100.00
  17    39.653 54820.86754214 14.98 124.079819  66.064699  4.233 -100.00 -100.00 -100.00
  17    41.291 54820.86754273 14.88 124.086262  66.064918  4.023 -100.00 -100.00 -100.00
  17    39.648 54820.86754332 14.79 124.092705  66.065136  3.898 -100.00 -100.00 -100.00
  18    38.802 54830.78319459 14.15 124.082593  66.064850  3.882 -100.00 -100.00 -100.00
  18    40.811 54830.78319518 13.70 124.089036  66.065068  4.042 -100.00 -100.00 -100.00
  18    41.446 54830.78319577 13.70 124.095479  66.065286  3.424 -100.00 -100.00 -100.00
  19    41.061 54840.69883323 13.32 124.081760  66.065131  3.460 -100.00 -100.00 -100.00
  19    39.061 54840.69883382 12.88 124.088203  66.065349  3.293 -100.00 -100.00 -100.00
  19    41.646 54840.69883441 13.02 124.094647  66.065567  3.020 -100.00 -100.00 -100.00
  20    39.940 54850.61448207 13.42 124.080102  66.066109  4.356 -100.00 -100.00 -100.00
  20    41.532 54850.61448266 12.82 124.086545  66.066327  3.334 -100.00 -100.00 -100.00
  20    40.317 54850.61448325 12.96 124.092989  66.066545  3.428 -100.00 -100.00 -100.00
  21    40.976 54860.53013110 12.24 124.084976  66.067686  2.989 -100.00 -100.00 -100.00
  21    40.170 54860.53013169 12.42 124.091419  66.067904  3.122 -100.00 -100.00 -100.00
  22    39.457 54870.44577948 11.94 124.081814  66.068305  3.315 -100.00 -100.00 -100.00
  22    39.896 54870.44578007 12.09 124.088258  66.068523  3.646 -100.00 -100.00 -100.00
  23    39.401 54880.36142708 12.24 124.084748  66.067309  3.477 -100.00 -100.00 -100.00
  23    41.565 54880.36142767 11.91 124.091192  66.067527  3.454 -100.00 -100.00 -100.00
  24    38.950 54890.27707098 11.57 124.082507  66.064868  3.023 -100.00 -100.00 -100.00
  24    39.125 54890.27707157 11.98 124.088951  66.065086  3.891 -100.00 -100.00 -100.00
  24    40.854 54890.27707216 11.49 124.095395  66.065304  3.276 -100.00 -100.00 -100.00
  25    38.803 54900.19271223 11.24 124.084610  66.062937  3.293 -100.00 -100.00 -100.00
  25    40.797 54900.19271282 10.94 124.091054  66.063155  2.818 -100.00 -100.00 -100.00
  25    41.861 54900.19271341 10.61 124.097497  66.063372  2.650 -100.00 -100.00 -100.00
  26    39.825 54910.10835076 12.00 124.079572  66.062846  2.908 -100.00 -100.00 -100.00
  26    39.737 54910.10835135 11.92 124.086015  66.063065  3.340 -100.00 -100.00 -100.00
  26    39.768 54910.10835194 11.86 124.092459  66.063282  2.997 -100.00 -100.00 -100.00
  27    39.319 54920.02398852 11.56 124.079414  66.064233  2.959 -100.00 -100.00 -100.00
  27    41.121 54920.02398911 11.46 124.085857  66.064451  3.354 -100.00 -100.00 -100.00
  27    41.804 54920.02398970 11.15 124.092300  66.064669  2.878 -100.00 -100.00 -100.00
  28    39.960 54929.93962599 11.21 124.080626  66.065117  2.986 -100.00 -100.00 -100.00
  28    40.066 54929.93962658 11.24 124.087069  66.065335  3.348 -100.00 -100.00 -100.00
  28    41.639 54929.93962717 10.77 124.093513  66.065553  2.516 -100.00 -100.00 -100.00
  29    39.652 54939.85526212 10.60 124.079235  66.064118  3.026 -100.00 -100.00 -100.00
  29    40.001 54939.85526271 10.62 124.085678  66.064336  3.143 -100.00 -100.00 -100.00
  29    41.712 54939.85526330 10.11 124.092121  66.064554  2.777 -100.00 -100.00 -100.00
  30    35.304 54949.77089708 40.68 124.083029  66.062422   -100 -100.00 -100.00 -100.00
  30    33.840 54949.77089767 41.62 124.089471  66.062640   -100 -100.00 -100.00 -100.00
  30    33.722 54949.77089826 43.41 124.095913  66.062859   -100 -100.00 -100.00 -100.00
  31    36.356 54959.68653593 30.10 124.085742  66.061362 18.657 -100.00 -100.00 -100.00
  31    42.157 54959.68653652 27.49 124.092183  66.061580 12.357 -100.00 -100.00 -100.00
  31    42.173 54959.68653711 28.06 124.098625  66.061798 10.260 -100.00 -100.00 -100.00
  32    39.539 54969.60218439 45.68 124.084332  66.062089   -100 -100.00 -100.00 -100.00
  32    39.257 54969.60218498 41.02 124.090773  66.062308   -100 -100.00 -100.00 -100.00
  32    39.314 54969.60218557 45.28 124.097215  66.062526   -100 -100.00 -100.00 -100.00
  33    42.299 54979.51783181 34.00 124.084055  66.063744 16.089 -100.00 -100.00 -100.00
  33    42.237 54979.51783240 40.83 124.090497  66.063962   -100 -100.00 -100.00 -100.00
  35    41.681 54999.34912649 29.29 124.085112  66.065182 15.121 -100.00 -100.00 -100.00
  35    41.981 54999.34912708 30.62 124.091555  66.065401 16.729 -100.00 -100.00 -100.00
  36    40.132 55009.26477196 50.57 124.084668  66.065048 17.318 -100.00 -100.00 -100.00
  36    40.160 55009.26477255 53.27 124.091111  66.065266 28.592 -100.00 -100.00 -100.00
  37    40.921 55019.18041539 24.80 124.081137  66.065015 14.527 -100.00 -100.00 -100.00
  37    41.939 55019.18041598 23.49 124.087580  66.065233  9.380 -100.00 -100.00 -100.00
  37    42.167 55019.18041657 24.66 124.094023  66.065451 12.868 -100.00 -100.00 -100.00
  38    37.797 55029.09605789 27.92 124.081600  66.066139 22.893 -100.00 -100.00 -100.00
  38    41.845 55029.09605848 24.53 124.088044  66.066357 12.053 -100.00 -100.00 -100.00
  38    42.118 55029.09605907 31.41 124.094488  66.066575   -100 -100.00 -100.00 -100.00
  39    39.861 55039.01169983 25.64 124.082298  66.067476 14.075 -100.00 -100.00 -100.00
  39    41.771 55039.01170042 25.35 124.088742  66.067695 10.376 -100.00 -100.00 -100.00
  40    37.593 55048.92734013 29.97 124.079000  66.067853 18.465 -100.00 -100.00 -100.00
  40    37.752 55048.92734072 28.62 124.085443  66.068072 15.387 -100.00 -100.00 -100.00
  40    38.050 55048.92734131 32.67 124.091887  66.068290 29.642 -100.00 -100.00 -100.00
  41    39.677 55058.84297879 25.44 124.080710  66.066459 13.400 -100.00 -100.00 -100.00
  41    39.756 55058.84297938 27.19 124.087153  66.066678 17.290 -100.00 -100.00 -100.00
  41    41.463 55058.84297997 33.26 124.093596  66.066896   -100 -100.00 -100.00 -100.00
  42    41.449 55068.75861812 23.42 124.083636  66.063962 11.590 -100.00 -100.00 -100.00
  42    41.854 55068.75861871 24.04 124.090078  66.064180 11.809 -100.00 -100.00 -100.00
  42    42.126 55068.75861931 28.54 124.096521  66.064399 17.673 -100.00 -100.00 -100.00
  43    39.266 55078.67426806 26.35 124.084937  66.062073 16.240 -100.00 -100.00 -100.00
  43    41.733 55078.67426865 25.85 124.091379  66.062291 12.018 -100.00 -100.00 -100.00
  43    42.083 55078.67426924 31.62 124.097821  66.062509 28.095 -100.00 -100.00 -100.00
  44    37.255 55088.58991532 48.01 124.080631  66.062092 29.779 -100.00 -100.00 -100.00
  44    37.172 55088.58991592 48.08 124.087073  66.062310   -100 -100.00 -100.00 -100.00
  44    36.746 55088.58991651 53.23 124.093515  66.062528 12.209 -100.00 -100.00 -100.00
  45    37.965 55098.50556190 28.78 124.084066  66.063922 15.366 -100.00 -100.00 -100.00
  45    37.893 55098.50556249 30.66 124.090508  66.064140 22.248 -100.00 -100.00 -100.00
  46    40.093 55108.42120728 29.26 124.079927  66.065265 21.811 -100.00 -100.00 -100.00
  46    38.746 55108.42120787 30.17 124.086370  66.065483 23.104 -100.00 -100.00 -100.00
  46    41.862 55108.42120846 28.94 124.092813  66.065701 18.450 -100.00 -100.00 -100.00
  47    37.300 55118.33685214 41.76 124.081367  66.064800   -100 -100.00 -100.00 -100.00
  47    37.858 55118.33685273 43.06 124.087810  66.065019 21.648 -100.00 -100.00 -100.00
  47    37.320 55118.33685332 48.35 124.094253  66.065237   -100 -100.00 -100.00 -100.00
  48    36.484 55128.25249477 43.17 124.084586  66.062805   -100 -100.00 -100.00 -100.00
  48    36.286 55128.25249536 45.26 124.091029  66.063023   -100 -100.00 -100.00 -100.00
  48    36.221 55128.25249595 47.45 124.097472  66.063241 13.321 -100.00 -100.00 -100.00
  49    37.172 55138.16813479 31.12 124.082566  66.061038 13.271 -100.00 -100.00 -100.00
  49    37.667 55138.16813538 31.52 124.089009  66.061256 13.784 -100.00 -100.00 -100.00
  49    37.659 55138.16813597 35.84 124.095451  66.061474 24.527 -100.00 -100.00 -100.00
  50    33.950 55148.08377357 32.74 124.084165  66.061502 22.235 -100.00 -100.00 -100.00
  50    37.184 55148.08377416 28.75 124.090608  66.061720 11.289 -100.00 -100.00 -100.00
  50    37.712 55148.08377475 28.87 124.097050  66.061938 12.600 -100.00 -100.00 -100.00
  51    39.007 55157.99941172 23.60 124.084769  66.063703  6.137 -100.00 -100.00 -100.00
  51    35.088 55157.99941231 25.13 124.091213  66.063921  8.254 -100.00 -100.00 -100.00
  52    38.695 55167.91504923 23.30 124.080496  66.065412  7.673 -100.00 -100.00 -100.00
  52    36.909 55167.91504982 22.92 124.086940  66.065631  6.818 -100.00 -100.00 -100.00
  52    35.096 55167.91505041 23.60 124.093383  66.065849  7.889 -100.00 -100.00 -100.00
  53    38.771 55177.83068665 20.83 124.082676  66.065885  5.804 -100.00 -100.00 -100.00
  53    39.028 55177.83068724 21.67 124.089119  66.066103  6.205 -100.00 -100.00 -100.00
  54    35.586 55187.74633073 21.18 124.079720  66.064878  6.045 -100.00 -100.00 -100.00
  54    38.832 55187.74633132 20.42 124.086163  66.065097  5.487 -100.00 -100.00 -100.00
  54    41.578 55187.74633191 19.91 124.092606  66.065315  5.295 -100.00 -100.00 -100.00
  55    41.000 55197.66198151 20.33 124.079448  66.064651  5.995 -100.00 -100.00 -100.00
  55    41.524 55197.66198210 19.43 124.085891  66.064870  4.811 -100.00 -100.00 -100.00
  55    38.986 55197.66198269 20.07 124.092334  66.065088  5.723 -100.00 -100.00 -100.00
  56    38.576 55207.57763127 18.57 124.079121  66.065716  4.874 -100.00 -100.00 -100.00
  56    38.991 55207.57763186 18.77 124.085564  66.065934  5.783 -100.00 -100.00 -100.00
  56    39.576 55207.57763245 18.26 124.092008  66.066153  5.179 -100.00 -100.00 -100.00
  57    38.901 55217.49328070 18.29 124.081062  66.067395  5.861 -100.00 -100.00 -100.00
  57    38.556 55217.49328129 17.86 124.087506  66.067613  4.862 -100.00 -100.00 -100.00
  58    38.189 55227.40892953 16.88 124.084104  66.067883  4.597 -100.00 -100.00 -100.00
  58    36.138 55227.40893012 16.61 124.090548  66.068101  4.967 -100.00 -100.00 -100.00
  59    41.083 55237.32457493 15.94 124.080472  66.066192  4.373 -100.00 -100.00 -100.00
  59    38.524 55237.32457552 15.75 124.086915  66.066410  4.080 -100.00 -100.00 -100.00
  59    39.320 55237.32457611 15.19 124.093359  66.066628  3.820 -100.00 -100.00 -100.00
  60    37.463 55247.24021758 16.35 124.085078  66.063593  5.416 -100.00 -100.00 -100.00
  60    41.461 55247.24021817 15.50 124.091521  66.063811  4.438 -100.00 -100.00 -100.00
  61    41.194 55257.15585723 14.60 124.084365  66.061665  3.680 -100.00 -100.00 -100.00
  61    38.975 55257.15585782 14.07 124.090808  66.061883  3.370 -100.00 -100.00 -100.00
  61    41.710 55257.15585842 13.90 124.097251  66.062101  3.963 -100.00 -100.00 -100.00
  62    38.755 55267.07149597 13.73 124.083552  66.062012  3.338 -100.00 -100.00 -100.00
  62    38.683 55267.07149656 13.84 124.089995  66.062231  3.914 -100.00 -100.00 -100.00
  62    39.465 55267.07149715 13.25 124.096438  66.062448  3.004 -100.00 -100.00 -100.00
  63    39.002 55276.98713430 13.14 124.084401  66.064001  3.841 -100.00 -100.00 -100.00
  63    38.981 55276.98713489 13.64 124.090844  66.064219  4.864 -100.00 -100.00 -100.00
  64    39.168 55286.90277110 13.22 124.080832  66.065056  3.539 -100.00 -100.00 -100.00
  64    39.342 55286.90277169 13.66 124.087275  66.065275  4.637 -100.00 -100.00 -100.00
  64    39.532 55286.90277228 13.39 124.093718  66.065493  4.205 -100.00 -100.00 -100.00
  65    38.975 55296.81840610 12.96 124.082721  66.064386  3.830 -100.00 -100.00 -100.00
  65    39.324 55296.81840669 12.70 124.089163  66.064604  3.501 -100.00 -100.00 -100.00
  65    39.192 55296.81840728 12.57 124.095606  66.064823  3.681 -100.00 -100.00 -100.00
  66    38.174 55306.73404703 15.93 124.084012  66.062278  8.105 -100.00 -100.00 -100.00
  66    39.048 55306.73404762 13.09 124.090454  66.062497  4.842 -100.00 -100.00 -100.00
  66    39.283 55306.73404821 12.81 124.096895  66.062715  4.177 -100.00 -100.00 -100.00
  67    39.120 55316.64969335 20.54 124.080052  66.060778  9.057 -100.00 -100.00 -100.00
  67    37.599 55316.64969394 21.12 124.086493  66.060997 10.291 -100.00 -100.00 -100.00
  67    39.166 55316.64969453 19.50 124.092934  66.061215  7.887 -100.00 -100.00 -100.00
  67    38.753 55316.64969512 18.55 124.099376  66.061433  6.422 -100.00 -100.00 -100.00
  68    34.829 55326.56533890 38.83 124.081116  66.061503 32.305 -100.00 -100.00 -100.00
  68    33.130 55326.56533949 41.21 124.087558  66.061721   -100 -100.00 -100.00 -100.00
  68    41.917 55326.56534008 35.73 124.093999  66.061939 22.519 -100.00 -100.00 -100.00
  69    35.626 55336.48098363 42.38 124.084069  66.063796  4.029 -100.00 -100.00 -100.00
  69    35.809 55336.48098422 39.05 124.090511  66.064014   -100 -100.00 -100.00 -100.00
  70    42.625 55346.39662734 56.42 124.080906  66.065614   -100 -100.00 -100.00 -100.00
  70    42.649 55346.39662793 56.72 124.087349  66.065832   -100 -100.00 -100.00 -100.00
  70    42.681 55346.39662852 53.28 124.093792  66.066051 26.304 -100.00 -100.00 -100.00
  71    41.310 55356.31226999 26.93 124.080906  66.066068 10.589 -100.00 -100.00 -100.00
  71    41.999 55356.31227058 26.98 124.087349  66.066286 10.938 -100.00 -100.00 -100.00
  71    42.065 55356.31227117 32.16 124.093792  66.066504 20.522 -100.00 -100.00 -100.00
  72    39.443 55366.22791047 47.65 124.079380  66.065569 21.091 -100.00 -100.00 -100.00
  72    39.597 55366.22791106 49.62 124.085823  66.065787 16.138 -100.00 -100.00 -100.00
  72    39.717 55366.22791165 45.40 124.092266  66.066005   -100 -100.00 -100.00 -100.00
  73    39.095 55376.14354966 55.83 124.079954  66.065118   -100 -100.00 -100.00 -100.00
  73    39.053 55376.14355025 56.20 124.086397  66.065337  3.919 -100.00 -100.00 -100.00
  73    38.912 55376.14355084 53.24 124.092840  66.065555 15.603 -100.00 -100.00 -100.00
  74    40.809 55386.05918811 22.72 124.082811  66.065624  9.481 -100.00 -100.00 -100.00
  74    41.694 55386.05918870 25.96 124.089254  66.065842 17.556 -100.00 -100.00 -100.00
  75    39.574 55395.97482517 25.38 124.080338  66.066287 13.542 -100.00 -100.00 -100.00
  75    39.155 55395.97482576 30.16 124.086781  66.066506 27.156 -100.00 -100.00 -100.00
  75    41.687 55395.97482635 33.01 124.093225  66.066724   -100 -100.00 -100.00 -100.00
  76    37.035 55405.89046598 37.68 124.078962  66.066467   -100 -100.00 -100.00 -100.00
  76    37.941 55405.89046657 30.91 124.085405  66.066686 12.725 -100.00 -100.00 -100.00
  76    38.422 55405.89046716 29.90 124.091848  66.066905 12.595 -100.00 -100.00 -100.00
  77    37.662 55415.80611779 44.25 124.084548  66.065552 19.868 -100.00 -100.00 -100.00
  77    36.747 55415.80611838 49.28 124.090990  66.065770   -100 -100.00 -100.00 -100.00
  78    37.530 55425.72176580 47.53 124.084416  66.063344 10.365 -100.00 -100.00 -100.00
  78    37.596 55425.72176639 50.51 124.090858  66.063562 10.546 -100.00 -100.00 -100.00
  79    37.941 55435.63741085 28.39 124.080933  66.061586  8.274 -100.00 -100.00 -100.00
  79    39.209 55435.63741144 27.58 124.087374  66.061805  7.345 -100.00 -100.00 -100.00
  79    38.054 55435.63741203 30.62 124.093816  66.062023 12.270 -100.00 -100.00 -100.00
  80    39.298 55445.55305501 27.32 124.081951  66.061820  9.300 -100.00 -100.00 -100.00
  80    37.977 55445.55305560 30.61 124.088393  66.062038 16.579 -100.00 -100.00 -100.00
  80    37.535 55445.55305619 36.77 124.094835  66.062256 27.749 -100.00 -100.00 -100.00
  81    37.323 55455.46869852 45.27 124.084341  66.063462   -100 -100.00 -100.00 -100.00
  81    37.246 55455.46869911 50.72 124.090783  66.063680 25.684 -100.00 -100.00 -100.00
  82    36.626 55465.38434097 41.35 124.082924  66.064874   -100 -100.00 -100.00 -100.00
  82    37.841 55465.38434156 40.75 124.089367  66.065092   -100 -100.00 -100.00 -100.00
  82    36.661 55465.38434215 46.44 124.095810  66.065310   -100 -100.00 -100.00 -100.00
  83    36.287 55475.29998038 45.42 124.080570  66.064451 31.664 -100.00 -100.00 -100.00
  83    36.710 55475.29998097 44.39 124.087013  66.064669 19.569 -100.00 -100.00 -100.00
  83    36.052 55475.29998156 50.60 124.093457  66.064887   -100 -100.00 -100.00 -100.00
  84    34.620 55485.21561725 39.94 124.084420  66.062757   -100 -100.00 -100.00 -100.00
  84    34.671 55485.21561784 40.12 124.090863  66.062976   -100 -100.00 -100.00 -100.00
  84    34.777 55485.21561844 39.92 124.097306  66.063194   -100 -100.00 -100.00 -100.00
  85    33.912 55495.13125160 32.98 124.083729  66.061099 24.997 -100.00 -100.00 -100.00
  85    34.148 55495.13125219 35.31 124.090171  66.061318 28.965 -100.00 -100.00 -100.00
  85    34.059 55495.13125278 37.17 124.096614  66.061536   -100 -100.00 -100.00 -100.00
  86    34.392 55505.04688490 29.30 124.080869  66.061497 25.257 -100.00 -100.00 -100.00
  86    34.718 55505.04688549 26.51 124.087312  66.061715 15.968 -100.00 -100.00 -100.00
  86    34.598 55505.04688608 26.15 124.093754  66.061934 14.275 -100.00 -100.00 -100.00
  87    37.705 55514.96253536 18.52 124.079953  66.063627  4.856 -100.00 -100.00 -100.00
  87    34.934 55514.96253595 18.48 124.086396  66.063846  4.739 -100.00 -100.00 -100.00
  87    34.473 55514.96253654 18.65 124.092839  66.064064  6.054 -100.00 -100.00 -100.00
  88    37.971 55524.87818545 15.52 124.084734  66.065846  3.662 -100.00 -100.00 -100.00
  88    38.482 55524.87818604 15.24 124.091178  66.066065  3.703 -100.00 -100.00 -100.00
  89    39.566 55534.79383318 14.65 124.084899  66.066542  3.866 -100.00 -100.00 -100.00
  89    39.312 55534.79383377 14.75 124.091342  66.066760  4.142 -100.00 -100.00 -100.00
  90    39.422 55544.70947872 14.32 124.082819  66.065995  4.102 -100.00 -100.00 -100.00
  90    38.433 55544.70947931 14.43 124.089262  66.066213  3.793 -100.00 -100.00 -100.00
  91    39.793 55554.62512254 12.79 124.082544  66.065645  2.933 -100.00 -100.00 -100.00
  91    40.107 55554.62512313 12.92 124.088987  66.065863  3.252 -100.00 -100.00 -100.00
  92    39.907 55564.54076560 12.55 124.084534  66.066114  3.185 -100.00 -100.00 -100.00
  92    41.604 55564.54076619 12.37 124.090977  66.066332  3.113 -100.00 -100.00 -100.00
  93    40.132 55574.45640794 11.68 124.085070  66.066521  3.006 -100.00 -100.00 -100.00
  93    41.753 55574.45640853 11.71 124.091513  66.066740  2.806 -100.00 -100.00 -100.00
  94    39.882 55584.37204814 11.52 124.079046  66.065689  2.923 -100.00 -100.00 -100.00
  94    40.266 55584.37204873 11.56 124.085490  66.065907  3.347 -100.00 -100.00 -100.00
  94    41.756 55584.37204932 11.27 124.091933  66.066126  2.584 -100.00 -100.00 -100.00
  95    40.484 55594.28768573 10.69 124.081763  66.064226  2.473 -100.00 -100.00 -100.00
  95    40.159 55594.28768632 10.93 124.088207  66.064444  3.472 -100.00 -100.00 -100.00
  95    41.788 55594.28768691 10.55 124.094650  66.064663  2.603 -100.00 -100.00 -100.00
  96    40.384 55604.20331973 10.59 124.081456  66.062556  2.570 -100.00 -100.00 -100.00
  96    41.513 55604.20332032 10.36 124.087899  66.062774  2.274 -100.00 -100.00 -100.00
  96    41.640 55604.20332091 10.46 124.094342  66.062993  2.655 -100.00 -100.00 -100.00
  97    41.254 55614.11895180 10.34 124.082847  66.061857  2.582 -100.00 -100.00 -100.00
  97    40.828 55614.11895239 10.28 124.089290  66.062076  2.299 -100.00 -100.00 -100.00
  97    41.603 55614.11895298 10.20 124.095732  66.062294  2.481 -100.00 -100.00 -100.00
  98    41.019 55624.03459001 10.11 124.083681  66.062345  2.360 -100.00 -100.00 -100.00
  98    41.060 55624.03459061  9.96 124.090123  66.062563  2.305 -100.00 -100.00 -100.00
  98    42.060 55624.03459120 10.19 124.096566  66.062782  2.716 -100.00 -100.00 -100.00
  99    40.244 55633.95024233  9.90 124.080083  66.063285  2.300 -100.00 -100.00 -100.00
  99    40.334 55633.95024292 10.15 124.086526  66.063504  2.309 -100.00 -100.00 -100.00
  99    41.770 55633.95024351  9.73 124.092969  66.063722  2.263 -100.00 -100.00 -100.00
 100    40.892 55643.86589321  9.40 124.085493  66.063927  2.486 -100.00 -100.00 -100.00
 100    41.659 55643.86589380  9.37 124.091936  66.064145  2.346 -100.00 -100.00 -100.00
 101    40.994 55653.78154040  9.71 124.081882  66.063462  2.473 -100.00 -100.00 -100.00
 101    40.512 55653.78154099  9.80 124.088325  66.063681  2.361 -100.00 -100.00 -100.00
 101    41.400 55653.78154158  9.49 124.094767  66.063899  2.241 -100.00 -100.00 -100.00
 102    40.612 55663.69718331  9.49 124.080078  66.062377  2.466 -100.00 -100.00 -100.00
 102    40.713 55663.69718390  9.38 124.086520  66.062595  2.195 -100.00 -100.00 -100.00
 102    40.931 55663.69718449  9.67 124.092962  66.062814  2.860 -100.00 -100.00 -100.00
 103    39.802 55673.61282361 23.34 124.082107  66.062042 12.008 -100.00 -100.00 -100.00
 103    39.468 55673.61282420 23.79 124.088549  66.062260 12.558 -100.00 -100.00 -100.00
 103    41.486 55673.61282479 20.84 124.094990  66.062478  7.790 -100.00 -100.00 -100.00
 104    39.704 55683.52846202 23.96 124.079792  66.062596  7.873 -100.00 -100.00 -100.00
 104    40.747 55683.52846261 24.91 124.086234  66.062814 12.036 -100.00 -100.00 -100.00
 104    41.120 55683.52846320 26.18 124.092676  66.063033 11.646 -100.00 -100.00 -100.00
 105    35.055 55693.44409955 38.39 124.082071  66.064107   -100 -100.00 -100.00 -100.00
 105    35.214 55693.44410014 33.85 124.088513  66.064325 23.467 -100.00 -100.00 -100.00
 105    41.309 55693.44410073 33.22 124.094956  66.064544 23.905 -100.00 -100.00 -100.00
 106    42.818 55703.35973516 40.33 124.079822  66.065293   -100 -100.00 -100.00 -100.00
 106    42.799 55703.35973575 41.03 124.086265  66.065512   -100 -100.00 -100.00 -100.00
 106    42.760 55703.35973634 44.56 124.092708  66.065730   -100 -100.00 -100.00 -100.00
 107    41.481 55713.27537986 28.51 124.080304  66.065836  9.916 -100.00 -100.00 -100.00
 107    42.060 55713.27538045 27.30 124.086747  66.066055  7.681 -100.00 -100.00 -100.00
 107    42.147 55713.27538104 29.89 124.093190  66.066274 11.012 -100.00 -100.00 -100.00
 108    41.873 55723.19102945 25.44 124.083644  66.065971  9.208 -100.00 -100.00 -100.00
 108    41.998 55723.19103004 25.68 124.090087  66.066190  9.692 -100.00 -100.00 -100.00
 109    39.757 55733.10667682 55.53 124.084433  66.066092   -100 -100.00 -100.00 -100.00
 109    39.633 55733.10667741 54.14 124.090877  66.066310 10.094 -100.00 -100.00 -100.00
 110    40.194 55743.02232253 26.28 124.081000  66.066165 14.877 -100.00 -100.00 -100.00
 110    41.743 55743.02232312 26.15 124.087444  66.066383 13.927 -100.00 -100.00 -100.00
 110    42.216 55743.02232371 28.29 124.093887  66.066602 17.704 -100.00 -100.00 -100.00
 111    38.908 55752.93796718 28.47 124.080837  66.065994 15.418 -100.00 -100.00 -100.00
 111    41.390 55752.93796777 27.11 124.087280  66.066212 11.624 -100.00 -100.00 -100.00
 111    42.147 55752.93796836 30.17 124.093723  66.066430 15.695 -100.00 -100.00 -100.00
 112    37.159 55762.85360983 45.68 124.084073  66.065044   -100 -100.00 -100.00 -100.00
 112    37.614 55762.85361042 43.28 124.090516  66.065262 26.438 -100.00 -100.00 -100.00
 113    35.942 55772.76924901 41.23 124.080148  66.063445   -100 -100.00 -100.00 -100.00
 113    35.853 55772.76924960 42.22 124.086590  66.063663   -100 -100.00 -100.00 -100.00
 113    35.749 55772.76925019 49.55 124.093032  66.063882   -100 -100.00 -100.00 -100.00
 114    37.463 55782.68488538 37.72 124.083464  66.062235   -100 -100.00 -100.00 -100.00
 114    37.726 55782.68488597 40.35 124.089905  66.062454   -100 -100.00 -100.00 -100.00
 114    40.847 55782.68488656 41.37 124.096347  66.062672 32.395 -100.00 -100.00 -100.00
 115    38.102 55792.60051909 44.30 124.085456  66.062321   -100 -100.00 -100.00 -100.00
 115    38.068 55792.60051968 43.40 124.091898  66.062539   -100 -100.00 -100.00 -100.00
 116    39.976 55802.51615314 26.90 124.083259  66.063030 12.590 -100.00 -100.00 -100.00
 116    40.750 55802.51615373 32.69 124.089701  66.063248 26.183 -100.00 -100.00 -100.00
 116    40.754 55802.51615432 36.58 124.096143  66.063467   -100 -100.00 -100.00 -100.00
 117    37.885 55812.43180296 27.79 124.081329  66.063788 14.749 -100.00 -100.00 -100.00
 117    37.929 55812.43180356 26.58 124.087771  66.064006 12.119 -100.00 -100.00 -100.00
 117    41.824 55812.43180415 26.28 124.094214  66.064225 12.161 -100.00 -100.00 -100.00
 118    40.106 55822.34745136 24.09 124.082185  66.063686 13.313 -100.00 -100.00 -100.00
 118    41.968 55822.34745195 23.41 124.088628  66.063905 10.503 -100.00 -100.00 -100.00
 118    42.079 55822.34745254 24.80 124.095071  66.064123 11.362 -100.00 -100.00 -100.00
 119    41.232 55832.26309470 26.65 124.080381  66.062780 11.574 -100.00 -100.00 -100.00
 119    38.009 55832.26309529 32.96 124.086824  66.062998 32.188 -100.00 -100.00 -100.00
 119    38.138 55832.26309588 35.75 124.093267  66.063217   -100 -100.00 -100.00 -100.00
 120    41.315 55842.17873417 29.07 124.084954  66.062178 15.321 -100.00 -100.00 -100.00
 120    41.875 55842.17873477 28.73 124.091397  66.062396 14.862 -100.00 -100.00 -100.00
 120    40.208 55842.17873536 34.02 124.097840  66.062615 30.152 -100.00 -100.00 -100.00
 121    35.411 55852.09437024 42.34 124.085756  66.062422   -100 -100.00 -100.00 -100.00
 121    35.144 55852.09437083 43.93 124.092199  66.062640 10.206 -100.00 -100.00 -100.00
 122    34.703 55862.01000353 25.83 124.079658  66.063578 14.127 -100.00 -100.00 -100.00
 122    34.646 55862.01000412 28.10 124.086101  66.063797 20.441 -100.00 -100.00 -100.00
 122    34.836 55862.01000471 27.11 124.092545  66.064015 17.430 -100.00 -100.00 -100.00
 123    35.633 55871.92565855 24.16 124.084417  66.065223 13.662 -100.00 -100.00 -100.00
 123    35.531 55871.92565914 22.97 124.090860  66.065441 11.501 -100.00 -100.00 -100.00
 133    41.506 55971.08209715 10.10 124.081502  66.062636  2.500 -100.00 -100.00 -100.00
 133    41.775 55971.08209774  9.87 124.087945  66.062855  2.977 -100.00 -100.00 -100.00
 133    41.893 55971.08209833  9.91 124.094389  66.063073  2.735 -100.00 -100.00 -100.00
 134    41.647 55980.99773357 10.40 124.084338  66.064200  3.286 -100.00 -100.00 -100.00
 134    41.799 55980.99773416 10.24 124.090781  66.064418  3.051 -100.00 -100.00 -100.00
 135    41.084 55990.91336816  9.65 124.080272  66.064250  2.582 -100.00 -100.00 -100.00
 135    41.417 55990.91336875  9.68 124.086715  66.064468  2.866 -100.00 -100.00 -100.00
 135    41.998 55990.91336934  9.59 124.093158  66.064687  2.782 -100.00 -100.00 -100.00
 136    40.935 56000.82901392  9.22 124.085225  66.063534  3.011 -100.00 -100.00 -100.00
 136    41.843 56000.82901451  9.00 124.091667  66.063752  2.972 -100.00 -100.00 -100.00
 137    41.362 56010.74466413  9.42 124.083629  66.062186  2.228 -100.00 -100.00 -100.00
 137    41.735 56010.74466472  9.54 124.090071  66.062405  2.347 -100.00 -100.00 -100.00
 137    41.772 56010.74466531  9.75 124.096513  66.062623  2.911 -100.00 -100.00 -100.00
 138    41.114 56020.66031074  9.56 124.085207  66.062054  2.857 -100.00 -100.00 -100.00
 138    41.921 56020.66031133  9.49 124.091649  66.062272  2.488 -100.00 -100.00 -100.00
 138    41.978 56020.66031192  9.37 124.098091  66.062490  2.441 -100.00 -100.00 -100.00
 139    41.028 56030.57595405  8.90 124.082644  66.063129  2.527 -100.00 -100.00 -100.00
 139    41.570 56030.57595464  8.77 124.089086  66.063347  2.277 -100.00 -100.00 -100.00
 139    42.135 56030.57595523  8.74 124.095528  66.063565  2.434 -100.00 -100.00 -100.00
 141    37.789 56050.40723514  9.22 124.083622  66.066130  6.819 -100.00 -100.00 -100.00
 141    41.608 56050.40723573  6.56 124.090065  66.066348  3.773 -100.00 -100.00 -100.00
 142    35.249 56060.32287195 44.81 124.084416  66.066285  1.342 -100.00 -100.00 -100.00
 142    35.354 56060.32287254 45.61 124.090859  66.066504  6.200 -100.00 -100.00 -100.00
 143    43.802 56070.23850854 40.31 124.085432  66.065489 32.659 -100.00 -100.00 -100.00
 143    43.854 56070.23850913 41.06 124.091875  66.065708   -100 -100.00 -100.00 -100.00
 144    41.666 56080.15415923 29.36 124.083300  66.065288  8.202 -100.00 -100.00 -100.00
 144    42.032 56080.15415982 30.93 124.089743  66.065506 11.084 -100.00 -100.00 -100.00
 145    40.368 56090.06980709 51.17 124.079726  66.065792 31.024 -100.00 -100.00 -100.00
 145    40.587 56090.06980768 50.62 124.086169  66.066011  9.341 -100.00 -100.00 -100.00
 145    40.702 56090.06980827 48.58 124.092612  66.066229   -100 -100.00 -100.00 -100.00
 146    41.703 56099.98545329 25.48 124.084812  66.066864  9.894 -100.00 -100.00 -100.00
 146    42.150 56099.98545388 26.76 124.091256  66.067082 11.390 -100.00 -100.00 -100.00
 147    41.501 56109.90108472 25.10 124.082614  66.066361 14.052 -100.00 -100.00 -100.00
 147    41.960 56109.90108531 25.07 124.089057  66.066579 12.850 -100.00 -100.00 -100.00
 148    39.862 56119.81672457 52.06 124.079765  66.064271   -100 -100.00 -100.00 -100.00
 148    39.874 56119.81672516 55.12 124.086207  66.064490   -100 -100.00 -100.00 -100.00
 148    39.730 56119.81672575 54.51 124.092649  66.064708  9.743 -100.00 -100.00 -100.00
 149    41.260 56129.73236110 24.73 124.080672  66.061938  9.569 -100.00 -100.00 -100.00
 149    41.502 56129.73236169 26.70 124.087113  66.062156 15.155 -100.00 -100.00 -100.00
 149    42.013 56129.73236228 26.81 124.093555  66.062375 15.567 -100.00 -100.00 -100.00
 150    38.138 56139.64799488 27.69 124.085790  66.061159 14.198 -100.00 -100.00 -100.00
 150    38.496 56139.64799547 30.39 124.092231  66.061378 19.709 -100.00 -100.00 -100.00
 150    38.749 56139.64799606 37.79 124.098672  66.061596 32.441 -100.00 -100.00 -100.00
 151    39.421 56149.56364474 53.07 124.084848  66.062630   -100 -100.00 -100.00 -100.00
 151    39.185 56149.56364533 54.88 124.091290  66.062849 15.191 -100.00 -100.00 -100.00
 151    39.066 56149.56364592 57.13 124.097731  66.063067   -100 -100.00 -100.00 -100.00
 152    39.175 56159.47929374 26.39 124.083592  66.064687 11.136 -100.00 -100.00 -100.00
 152    37.965 56159.47929433 36.00 124.090034  66.064906   -100 -100.00 -100.00 -100.00
 153    38.647 56169.39494144 28.88 124.083023  66.065374 14.901 -100.00 -100.00 -100.00
 153    38.507 56169.39494203 35.78 124.089466  66.065592   -100 -100.00 -100.00 -100.00
 154    38.996 56179.31058574 51.89 124.083011  66.064030   -100 -100.00 -100.00 -100.00
 154    38.983 56179.31058633 51.70 124.089454  66.064249   -100 -100.00 -100.00 -100.00
 154    38.821 56179.31058693 54.09 124.095897  66.064467 10.750 -100.00 -100.00 -100.00
 155    41.011 56189.22622568 27.67 124.081473  66.062191 18.265 -100.00 -100.00 -100.00
 155    37.733 56189.22622627 29.23 124.087916  66.062410 22.867 -100.00 -100.00 -100.00
 155    40.830 56189.22622686 35.14 124.094358  66.062628   -100 -100.00 -100.00 -100.00
 156    39.639 56199.14186276 28.15 124.083190  66.061759 14.754 -100.00 -100.00 -100.00
 156    41.661 56199.14186335 25.97 124.089633  66.061977  9.765 -100.00 -100.00 -100.00
 156    40.418 56199.14186394 35.15 124.096075  66.062195   -100 -100.00 -100.00 -100.00
 157    37.338 56209.05749688 28.57 124.081624  66.063320 11.130 -100.00 -100.00 -100.00
 157    37.742 56209.05749747 33.66 124.088067  66.063539 24.296 -100.00 -100.00 -100.00
 157    36.260 56209.05749806 36.18 124.094510  66.063757 32.009 -100.00 -100.00 -100.00
 158    36.152 56218.97312952 40.27 124.082874  66.065662   -100 -100.00 -100.00 -100.00
 158    35.971 56218.97313011 38.19 124.089318  66.065881 31.477 -100.00 -100.00 -100.00
 159    34.684 56228.88877667 37.66 124.085010  66.067176   -100 -100.00 -100.00 -100.00
 159    34.721 56228.88877726 39.88 124.091454  66.067394   -100 -100.00 -100.00 -100.00
 160    35.221 56238.80443032 28.79 124.083327  66.066701 13.170 -100.00 -100.00 -100.00
 160    35.295 56238.80443091 33.64 124.089770  66.066920 29.341 -100.00 -100.00 -100.00
 161    40.435 56248.72008001 24.31 124.080806  66.065604  7.666 -100.00 -100.00 -100.00
 161    34.302 56248.72008060 28.91 124.087249  66.065823 17.009 -100.00 -100.00 -100.00
 161    41.206 56248.72008119 29.61 124.093692  66.066041 18.492 -100.00 -100.00 -100.00
 162    34.961 56258.63572503 25.61 124.080719  66.064961 11.040 -100.00 -100.00 -100.00
 162    34.930 56258.63572562 31.00 124.087162  66.065180 23.585 -100.00 -100.00 -100.00
 162    35.080 56258.63572621 32.64 124.093605  66.065398 29.086 -100.00 -100.00 -100.00
 163    35.120 56268.55136711 25.12 124.080969  66.065656 10.908 -100.00 -100.00 -100.00
 163    35.272 56268.55136771 26.04 124.087412  66.065875 12.800 -100.00 -100.00 -100.00
 163    34.992 56268.55136830 31.92 124.093856  66.066093 32.045 -100.00 -100.00 -100.00
 164    35.039 56278.46700766 27.29 124.083085  66.066411 20.032 -100.00 -100.00 -100.00
 164    35.165 56278.46700825 26.60 124.089528  66.066629 18.522 -100.00 -100.00 -100.00
 165    39.057 56288.38265694 19.32 124.081506  66.066302  6.029 -100.00 -100.00 -100.00
 165    37.924 56288.38265753 19.28 124.087949  66.066521  5.983 -100.00 -100.00 -100.00
 165    39.544 56288.38265812 18.76 124.094393  66.066739  5.423 -100.00 -100.00 -100.00
 166    36.359 56298.29830583 18.07 124.082432  66.064422  5.493 -100.00 -100.00 -100.00
 166    36.642 56298.29830642 17.80 124.088876  66.064641  5.350 -100.00 -100.00 -100.00
 166    37.960 56298.29830702 18.20 124.095319  66.064859  6.275 -100.00 -100.00 -100.00
 167    37.150 56308.21395077 16.92 124.083022  66.062183  4.890 -100.00 -100.00 -100.00
 167    36.544 56308.21395136 17.52 124.089465  66.062402  5.851 -100.00 -100.00 -100.00
 167    42.012 56308.21395195 17.32 124.095908  66.062620  5.911 -100.00 -100.00 -100.00
 168    38.366 56318.12959314 14.90 124.083841  66.061310  4.239 -100.00 -100.00 -100.00
 168    39.002 56318.12959373 14.73 124.090284  66.061528  3.891 -100.00 -100.00 -100.00
 168    37.316 56318.12959432 16.51 124.096727  66.061746  6.804 -100.00 -100.00 -100.00
 169    38.737 56328.04523436 15.44 124.085346  66.062864  6.016 -100.00 -100.00 -100.00
 169    39.041 56328.04523495 15.83 124.091789  66.063082  6.224 -100.00 -100.00 -100.00
 170    40.852 56337.96087391 13.72 124.079267  66.064701  4.034 -100.00 -100.00 -100.00
 170    37.742 56337.96087450 13.93 124.085711  66.064919  4.333 -100.00 -100.00 -100.00
 170    36.791 56337.96087509 14.87 124.092154  66.065137  5.762 -100.00 -100.00 -100.00
 171    40.146 56347.87651251 12.39 124.083387  66.065611  3.406 -100.00 -100.00 -100.00
 171    41.747 56347.87651310 11.87 124.089830  66.065829  3.179 -100.00 -100.00 -100.00
 172    40.187 56357.79214797 11.45 124.083396  66.064255  2.978 -100.00 -100.00 -100.00
 172    39.494 56357.79214856 11.21 124.089839  66.064474  3.217 -100.00 -100.00 -100.00
 172    41.046 56357.79214915 11.66 124.096281  66.064692  3.408 -100.00 -100.00 -100.00
 173    41.189 56367.70779711 11.28 124.081188  66.062403  3.191 -100.00 -100.00 -100.00
 173    40.437 56367.70779770 11.25 124.087630  66.062622  2.937 -100.00 -100.00 -100.00
 173    40.907 56367.70779829 11.37 124.094072  66.062840  3.570 -100.00 -100.00 -100.00
 176    39.836 56397.45473448 10.57 124.081862  66.066497  3.443 -100.00 -100.00 -100.00
 176    39.916 56397.45473507 10.90 124.088305  66.066716  3.737 -100.00 -100.00 -100.00
 177    37.243 56407.37037564 18.66 124.081804  66.067821  8.074 -100.00 -100.00 -100.00
 177    36.845 56407.37037623 18.02 124.088248  66.068039  7.076 -100.00 -100.00 -100.00
 178    33.325 56417.28601302 41.96 124.082855  66.067302   -100 -100.00 -100.00 -100.00
 178    33.273 56417.28601361 41.12 124.089298  66.067521   -100 -100.00 -100.00 -100.00
 179    35.154 56427.20164530 41.35 124.079897  66.065552   -100 -100.00 -100.00 -100.00
 179    34.803 56427.20164589 42.89 124.086340  66.065771   -100 -100.00 -100.00 -100.00
 179    34.896 56427.20164648 42.78 124.092784  66.065989   -100 -100.00 -100.00 -100.00
 180    42.162 56437.11729773 31.78 124.083279  66.064904 11.990 -100.00 -100.00 -100.00
 180    42.631 56437.11729832 31.53 124.089722  66.065123 11.341 -100.00 -100.00 -100.00
 181    40.837 56447.03294923 56.80 124.082597  66.065317  6.416 -100.00 -100.00 -100.00
 181    40.627 56447.03294982 56.67 124.089040  66.065535 23.243 -100.00 -100.00 -100.00
 181    40.618 56447.03295041 53.34 124.095484  66.065753   -100 -100.00 -100.00 -100.00
 182    41.654 56456.94859836 24.64 124.080763  66.066237 10.711 -100.00 -100.00 -100.00
 182    41.648 56456.94859895 27.73 124.087206  66.066456 18.315 -100.00 -100.00 -100.00
 182    39.900 56456.94859954 32.94 124.093650  66.066674   -100 -100.00 -100.00 -100.00
 183    39.836 56466.86424480 27.98 124.084695  66.066197 15.834 -100.00 -100.00 -100.00
 183    39.631 56466.86424539 35.23 124.091139  66.066415   -100 -100.00 -100.00 -100.00
 184    38.262 56476.77988637 27.74 124.079421  66.064450 16.294 -100.00 -100.00 -100.00
 184    38.642 56476.77988696 26.67 124.085863  66.064669 14.957 -100.00 -100.00 -100.00
 184    38.116 56476.77988755 35.91 124.092306  66.064887   -100 -100.00 -100.00 -100.00
 185    37.570 56486.69552527 40.66 124.084990  66.062509   -100 -100.00 -100.00 -100.00
 185    38.236 56486.69552586 40.92 124.091432  66.062727 23.721 -100.00 -100.00 -100.00
 185    38.093 56486.69552645 46.09 124.097874  66.062945 32.310 -100.00 -100.00 -100.00
 187    41.358 56506.52679537 24.03 124.084859  66.062767 10.686 -100.00 -100.00 -100.00
 187    40.874 56506.52679596 31.95 124.091301  66.062985   -100 -100.00 -100.00 -100.00
 188    40.444 56516.44243015 50.48 124.085217  66.064611  9.356 -100.00 -100.00 -100.00
 188    40.445 56516.44243074 53.14 124.091660  66.064830   -100 -100.00 -100.00 -100.00
 189    38.678 56526.35808433 27.90 124.080963  66.065342 20.811 -100.00 -100.00 -100.00
 189    38.575 56526.35808492 31.13 124.087406  66.065561   -100 -100.00 -100.00 -100.00
 189    41.954 56526.35808551 29.61 124.093850  66.065779 22.807 -100.00 -100.00 -100.00
 190    40.409 56536.27373456 25.03 124.079241  66.064559 11.588 -100.00 -100.00 -100.00
 190    41.673 56536.27373516 24.82 124.085684  66.064778 12.522 -100.00 -100.00 -100.00
 190    41.785 56536.27373575 27.70 124.092127  66.064996 17.818 -100.00 -100.00 -100.00
 192    40.097 56556.10502519 26.00 124.080781  66.063029 12.430 -100.00 -100.00 -100.00
 192    41.916 56556.10502578 24.17 124.087224  66.063247  7.886 -100.00 -100.00 -100.00
 192    41.678 56556.10502637 30.89 124.093667  66.063466 21.661 -100.00 -100.00 -100.00
 193    41.432 56566.02066802 25.97 124.081736  66.064504 10.446 -100.00 -100.00 -100.00
 193    41.781 56566.02066861 28.20 124.088179  66.064723 14.293 -100.00 -100.00 -100.00
 193    41.803 56566.02066920 34.99 124.094622  66.064941   -100 -100.00 -100.00 -100.00
 194    36.274 56575.93630945 41.99 124.082101  66.066675   -100 -100.00 -100.00 -100.00
 194    36.268 56575.93631004 43.02 124.088545  66.066893   -100 -100.00 -100.00 -100.00
 195    35.245 56585.85194782 39.96 124.084375  66.067878 31.189 -100.00 -100.00 -100.00
 195    34.758 56585.85194841 41.65 124.090818  66.068096  8.250 -100.00 -100.00 -100.00
 196    33.694 56595.76758540 24.24 124.081705  66.067245  8.420 -100.00 -100.00 -100.00
 196    33.885 56595.76758599 24.10 124.088148  66.067464  8.806 -100.00 -100.00 -100.00
 197    35.192 56605.68323767 16.80 124.080279  66.065995  4.522 -100.00 -100.00 -100.00
 197    35.256 56605.68323826 15.82 124.086722  66.066214  3.776 -100.00 -100.00 -100.00
 197    34.663 56605.68323885 16.19 124.093165  66.066432  4.330 -100.00 -100.00 -100.00
 198    35.038 56615.59888538 17.33 124.081864  66.065158  6.037 -100.00 -100.00 -100.00
 198    34.926 56615.59888597 17.64 124.088307  66.065376  5.632 -100.00 -100.00 -100.00
 198    34.851 56615.59888656 17.65 124.094750  66.065595  5.876 -100.00 -100.00 -100.00
 199    37.552 56625.51452948 13.72 124.083457  66.065221  3.082 -100.00 -100.00 -100.00
 199    38.041 56625.51453007 13.58 124.089900  66.065439  3.038 -100.00 -100.00 -100.00
 200    39.141 56635.43017057 12.72 124.082062  66.065435  2.731 -100.00 -100.00 -100.00
 200    39.103 56635.43017116 13.03 124.088505  66.065654  2.936 -100.00 -100.00 -100.00
 200    37.852 56635.43017175 12.79 124.094948  66.065872  3.019 -100.00 -100.00 -100.00
 201    37.865 56645.34580897 13.26 124.079260  66.065127  3.150 -100.00 -100.00 -100.00
 201    39.875 56645.34580956 13.18 124.085704  66.065346  3.376 -100.00 -100.00 -100.00
 201    39.572 56645.34581015 12.76 124.092147  66.065564  2.951 -100.00 -100.00 -100.00
 202    39.267 56655.26146163 11.90 124.080038  66.064171  2.954 -100.00 -100.00 -100.00
 202    40.036 56655.26146222 12.09 124.086481  66.064389  3.052 -100.00 -100.00 -100.00
 202    38.553 56655.26146281 11.98 124.092925  66.064608  2.890 -100.00 -100.00 -100.00
 203    39.383 56665.17711018 11.37 124.083032  66.062885  2.659 -100.00 -100.00 -100.00
 203    38.844 56665.17711077 11.39 124.089475  66.063103  2.893 -100.00 -100.00 -100.00
 203    40.057 56665.17711136 11.16 124.095918  66.063321  2.842 -100.00 -100.00 -100.00
 205    40.054 56685.00840042 11.83 124.083816  66.063357  2.895 -100.00 -100.00 -100.00
 205    39.585 56685.00840101 11.80 124.090259  66.063575  2.971 -100.00 -100.00 -100.00
 205    40.506 56685.00840160 11.54 124.096702  66.063793  2.671 -100.00 -100.00 -100.00
 206    39.525 56694.92404311 10.78 124.085568  66.064746  2.545 -100.00 -100.00 -100.00
 206    39.863 56694.92404370 11.08 124.092012  66.064964  3.222 -100.00 -100.00 -100.00
 207    39.486 56704.83968073 10.97 124.080888  66.065158  3.226 -100.00 -100.00 -100.00
 207    40.035 56704.83968132 10.59 124.087331  66.065377  2.602 -100.00 -100.00 -100.00
 207    41.296 56704.83968191 10.52 124.093774  66.065595  2.589 -100.00 -100.00 -100.00
 208    40.119 56714.75531351  9.84 124.082881  66.064533  2.419 -100.00 -100.00 -100.00
 208    40.530 56714.75531410  9.60 124.089323  66.064752  2.276 -100.00 -100.00 -100.00
 208    40.333 56714.75531469  9.50 124.095766  66.064970  2.366 -100.00 -100.00 -100.00
 209    41.393 56724.67096499  6.73 124.082887  66.063863 15.502 -100.00 -100.00 -100.00
 209    41.714 56724.67096558  6.97 124.089329  66.064082 12.568 -100.00 -100.00 -100.00
 209    42.234 56724.67096617  7.01 124.095771  66.064300 11.468 -100.00 -100.00 -100.00
 210    40.139 56734.58661525  9.45 124.085435  66.064213  2.547 -100.00 -100.00 -100.00
 210    40.622 56734.58661584  9.46 124.091877  66.064431  2.599 -100.00 -100.00 -100.00
 211    39.902 56744.50226139  9.89 124.079285  66.065583  2.560 -100.00 -100.00 -100.00
 211    40.658 56744.50226198  9.73 124.085728  66.065801  2.658 -100.00 -100.00 -100.00
 211    40.854 56744.50226257  9.92 124.092171  66.066019  2.846 -100.00 -100.00 -100.00
 212    39.924 56754.41790384  9.63 124.079533  66.067111  2.607 -100.00 -100.00 -100.00
 212    41.289 56754.41790443  9.57 124.085977  66.067329  2.726 -100.00 -100.00 -100.00
 212    41.672 56754.41790502  9.35 124.092420  66.067548  2.400 -100.00 -100.00 -100.00
 213    37.811 56764.33354117 26.37 124.084294  66.067672 11.483 -100.00 -100.00 -100.00
 213    38.927 56764.33354176 23.87 124.090738  66.067890  9.122 -100.00 -100.00 -100.00
 214    38.973 56774.24917698 25.53 124.083247  66.066823  8.967 -100.00 -100.00 -100.00
 214    39.094 56774.24917757 24.71 124.089690  66.067041 10.011 -100.00 -100.00 -100.00
 215    34.392 56784.16483403 42.92 124.082647  66.066107   -100 -100.00 -100.00 -100.00
 215    34.267 56784.16483462 43.21 124.089091  66.066325   -100 -100.00 -100.00 -100.00
 216    41.267 56794.08048734 36.44 124.080987  66.065771 22.830 -100.00 -100.00 -100.00
 216    42.039 56794.08048793 34.63 124.087431  66.065989 16.751 -100.00 -100.00 -100.00
 216    42.095 56794.08048852 37.74 124.093874  66.066207 26.182 -100.00 -100.00 -100.00
 217    40.876 56803.99613765 56.33 124.082778  66.065905 12.906 -100.00 -100.00 -100.00
 217    40.736 56803.99613824 56.51 124.089221  66.066123 25.480 -100.00 -100.00 -100.00
 218    40.292 56813.91178018 56.11 124.080812  66.065549  1.298 -100.00 -100.00 -100.00
 218    40.038 56813.91178077 57.18 124.087255  66.065767 25.323 -100.00 -100.00 -100.00
 218    40.032 56813.91178136 54.12 124.093699  66.065985 31.865 -100.00 -100.00 -100.00
 219    39.139 56823.82741949 31.21 124.081893  66.064679 26.769 -100.00 -100.00 -100.00
 219    39.447 56823.82742008 32.55 124.088336  66.064898 27.334 -100.00 -100.00 -100.00
 219    41.990 56823.82742068 36.17 124.094778  66.065116 29.181 -100.00 -100.00 -100.00
 220    38.798 56833.74305466 28.97 124.081937  66.063599   -100 -100.00 -100.00 -100.00
 220    41.829 56833.74305525 28.68 124.088379  66.063817 29.158 -100.00 -100.00 -100.00
 220    42.050 56833.74305584 30.53 124.094821  66.064035 25.041 -100.00 -100.00 -100.00
 221    38.096 56843.65868628 28.18 124.080642  66.062943 16.850 -100.00 -100.00 -100.00
 221    41.566 56843.65868687 28.17 124.087083  66.063162 18.286 -100.00 -100.00 -100.00
 221    41.952 56843.65868746 34.30 124.093525  66.063380 26.735 -100.00 -100.00 -100.00
 222    38.139 56853.57432883 48.21 124.081696  66.063357   -100 -100.00 -100.00 -100.00
 222    37.829 56853.57432942 53.15 124.088138  66.063575   -100 -100.00 -100.00 -100.00
 222    37.546 56853.57433001 55.47 124.094580  66.063794 25.116 -100.00 -100.00 -100.00
 223    41.410 56863.48998303 24.85 124.084460  66.064271 12.917 -100.00 -100.00 -100.00
 223    40.876 56863.48998362 29.02 124.090902  66.064489 18.689 -100.00 -100.00 -100.00
 224    40.276 56873.40563599 24.77 124.080003  66.064725 10.979 -100.00 -100.00 -100.00
 224    39.165 56873.40563658 25.94 124.086445  66.064944 11.081 -100.00 -100.00 -100.00
 224    38.446 56873.40563717 35.31 124.092888  66.065162   -100 -100.00 -100.00 -100.00
 225    40.279 56883.32128627 24.13 124.080876  66.064797  8.344 -100.00 -100.00 -100.00
 225    38.170 56883.32128686 32.04 124.087319  66.065015 32.313 -100.00 -100.00 -100.00
 225    38.282 56883.32128745 34.40 124.093762  66.065233   -100 -100.00 -100.00 -100.00
 226    36.843 56893.23693310 43.05 124.081232  66.064627   -100 -100.00 -100.00 -100.00
 226    36.767 56893.23693369 45.32 124.087675  66.064845   -100 -100.00 -100.00 -100.00
 226    36.698 56893.23693428 45.40 124.094118  66.065063  3.489 -100.00 -100.00 -100.00
 227    41.639 56903.15257693 22.33 124.083471  66.064762  8.039 -100.00 -100.00 -100.00
 227    41.992 56903.15257752 26.68 124.089914  66.064980 13.528 -100.00 -100.00 -100.00
 228    37.426 56913.06821859 51.05 124.083371  66.065740   -100 -100.00 -100.00 -100.00
 228    37.019 56913.06821918 54.45 124.089815  66.065958 18.409 -100.00 -100.00 -100.00
 229    37.591 56922.98385823 28.01 124.079494  66.066703 17.970 -100.00 -100.00 -100.00
 229    41.441 56922.98385882 24.08 124.085937  66.066921  9.149 -100.00 -100.00 -100.00
 229    42.214 56922.98385941 26.98 124.092381  66.067139 13.289 -100.00 -100.00 -100.00
 230    41.479 56932.89949614 29.08 124.082806  66.067505 19.421 -100.00 -100.00 -100.00
 230    41.654 56932.89949673 28.25 124.089249  66.067724 17.698 -100.00 -100.00 -100.00
 231    36.706 56942.81512863 46.28 124.084726  66.067193 23.898 -100.00 -100.00 -100.00
 231    36.226 56942.81512922 48.44 124.091170  66.067412   -100 -100.00 -100.00 -100.00
 232    34.479 56952.73077335 39.20 124.084831  66.066318   -100 -100.00 -100.00 -100.00
 232    34.688 56952.73077394 40.30 124.091274  66.066536   -100 -100.00 -100.00 -100.00
 233    39.207 56962.64642350 22.65 124.079393  66.065513  7.029 -100.00 -100.00 -100.00
 233    39.584 56962.64642409 23.45 124.085836  66.065732  8.357 -100.00 -100.00 -100.00
 233    33.235 56962.64642468 24.58 124.092279  66.065950 10.485 -100.00 -100.00 -100.00
 234    39.007 56972.56206947 17.54 124.081199  66.065651  5.077 -100.00 -100.00 -100.00
 234    39.706 56972.56207006 17.19 124.087642  66.065870  4.181 -100.00 -100.00 -100.00
 234    41.102 56972.56207065 17.27 124.094085  66.066088  4.483 -100.00 -100.00 -100.00
 235    34.696 56982.47771122 20.64 124.082812  66.065911  8.672 -100.00 -100.00 -100.00
 235    34.567 56982.47771181 19.52 124.089255  66.066130  6.728 -100.00 -100.00 -100.00
 236    39.594 56992.39334825 15.08 124.083022  66.065394  4.058 -100.00 -100.00 -100.00
 236    39.906 56992.39334884 15.10 124.089465  66.065612  3.714 -100.00 -100.00 -100.00
 237    37.240 57002.30898244 15.01 124.082736  66.063906  3.780 -100.00 -100.00 -100.00
 237    41.439 57002.30898303 15.01 124.089179  66.064124  3.420 -100.00 -100.00 -100.00
 237    37.966 57002.30898362 15.10 124.095622  66.064343  4.254 -100.00 -100.00 -100.00
 238    37.488 57012.22463968 14.60 124.084119  66.062903  4.093 -100.00 -100.00 -100.00
 238    38.703 57012.22464027 14.65 124.090562  66.063122  4.124 -100.00 -100.00 -100.00
 238    38.131 57012.22464086 14.10 124.097005  66.063340  4.078 -100.00 -100.00 -100.00
 239    37.533 57022.14029099 13.50 124.082584  66.062680  2.904 -100.00 -100.00 -100.00
 239    41.259 57022.14029158 12.94 124.089027  66.062899  2.951 -100.00 -100.00 -100.00
 239    41.962 57022.14029217 13.49 124.095471  66.063117  4.113 -100.00 -100.00 -100.00
 240    40.219 57032.05593971 12.38 124.082913  66.063931  2.767 -100.00 -100.00 -100.00
 240    40.952 57032.05594030 12.18 124.089356  66.064149  2.610 -100.00 -100.00 -100.00
 240    41.944 57032.05594089 12.03 124.095800  66.064367  2.702 -100.00 -100.00 -100.00
 241    39.272 57041.97158653 11.79 124.085125  66.065181  3.073 -100.00 -100.00 -100.00
 241    41.662 57041.97158712 11.54 124.091568  66.065399  2.545 -100.00 -100.00 -100.00
 242    40.431 57051.88723097 11.17 124.084818  66.065507  2.793 -100.00 -100.00 -100.00
 242    40.582 57051.88723156 10.98 124.091261  66.065725  2.589 -100.00 -100.00 -100.00
 243    40.000 57061.80287116 11.24 124.085060  66.064675  3.112 -100.00 -100.00 -100.00
 243    41.691 57061.80287175 10.92 124.091503  66.064893  2.643 -100.00 -100.00 -100.00
 244    40.592 57071.71850580 10.75 124.083790  66.063954  2.611 -100.00 -100.00 -100.00
 244    39.189 57071.71850639 10.61 124.090232  66.064172  2.655 -100.00 -100.00 -100.00
 244    41.941 57071.71850699 10.64 124.096675  66.064391  2.803 -100.00 -100.00 -100.00
 245    41.172 57081.63413650 10.19 124.084694  66.064419  2.448 -100.00 -100.00 -100.00
 245    40.478 57081.63413709  9.99 124.091136  66.064637  2.530 -100.00 -100.00 -100.00
 246    40.351 57091.54978045 10.11 124.083993  66.066127  2.382 -100.00 -100.00 -100.00
 246    40.386 57091.54978104 10.03 124.090436  66.066345  2.630 -100.00 -100.00 -100.00
 247    40.993 57101.46543786 10.81 124.083254  66.067906  3.495 -100.00 -100.00 -100.00
 247    40.915 57101.46543845 10.48 124.089697  66.068125  2.705 -100.00 -100.00 -100.00
 248    40.759 57111.38109200 10.74 124.083647  66.068221  2.674 -100.00 -100.00 -100.00
 248    41.604 57111.38109259 10.61 124.090091  66.068439  2.648 -100.00 -100.00 -100.00
 249    39.934 57121.29674013 10.54 124.081686  66.066854  2.638 -100.00 -100.00 -100.00
 249    40.907 57121.29674072 10.60 124.088129  66.067073  2.889 -100.00 -100.00 -100.00
 250    37.533 57131.21238269 18.21 124.080872  66.065264 12.509 -100.00 -100.00 -100.00
 250    38.423 57131.21238328 15.11 124.087315  66.065483  7.792 -100.00 -100.00 -100.00
 250    38.376 57131.21238387 13.26 124.093759  66.065701  5.270 -100.00 -100.00 -100.00
