# NaN NaN NaN ;Mean Elev.(m), Avg Gradient(m/km), RMS Gradient(m/km) - SRTM1     
#   18.704  -2.617  11.652 ;Mean Elev.(m), Avg Gradient(m/km), RMS Gradient(m/km) - ASTER GDEM
#   27.030  -1.484  10.372 ;Mean Elev.(m), Avg Gradient(m/km), RMS Gradient(m/km) - GMTED2010 
   1 124.434142  65.252057    47.381    48.238  3 54664.16810921 26.929
   2 124.432765  65.253162    47.898    47.898  2 54674.08375396 23.297
   3 124.438088  65.255347    -3.878    -5.835  4 54683.99939795 15.533
   5 124.432876  65.254134     4.576     4.576  2 54703.83067886 14.701
   6 124.435638  65.252292    47.097    47.816  3 54713.74632919 25.273
   7 124.435929  65.250575    12.043    12.026  3 54723.66197974 13.004
   8 124.436615  65.250542    45.957    46.002  3 54733.57762814 27.419
   9 124.434212  65.251925    47.386    48.021  3 54743.49327495 24.469
  10 124.433770  65.253171    43.900    43.900  2 54753.40892163 44.722
  11 124.433316  65.252719    43.155    43.155  2 54763.32456766 39.430
  12 124.437384  65.251122    42.532    42.520  3 54773.24021145 36.484
  13 124.438447  65.249585    45.348    45.426  3 54783.15585220 17.543
  14 124.437587  65.249533    45.696    45.784  3 54793.07149056 16.301
  17 124.435864  65.252650    45.639    45.475  3 54822.81840808 14.571
  18 124.433676  65.251897    45.405    45.380  3 54832.73404810 13.767
  19 124.433368  65.252141    45.498    45.498  2 54842.64969818 13.495
  20 124.434014  65.253783    45.523    45.401  3 54852.56534729 13.017
  21 124.440702  65.256612    45.956    45.698  5 54862.48099672 12.721
  22 124.440999  65.257515    45.959    45.783  4 54872.39664543 12.525
  23 124.441903  65.256256    46.045    46.030  4 54882.31229209 12.243
  24 124.436272  65.252708    45.398    45.398  2 54892.22793470 12.260
  25 124.436536  65.250489    45.892    45.892  2 54902.14357510 11.620
  26 124.435634  65.250552    45.898    45.898  2 54912.05921397 11.805
  27 124.434487  65.252115    45.804    45.804  2 54921.97485188 11.736
  28 124.434584  65.253180    45.914    45.914  2 54931.89048915 10.605
  29 124.436393  65.252235    43.949    43.949  2 54941.80612485 22.960
  30 124.434122  65.249460    44.334    45.467  3 54951.72175836 34.340
  31 124.436020  65.247997   107.675   115.013  4 54961.63740022  7.436
  32 124.436555  65.248930    48.260    48.207  3 54971.55304897 36.793
  33 124.434755  65.250848    95.546    95.546  2 54981.46869648 25.677
  34 124.434124  65.252724    48.173    48.173  2 54991.38434379 27.663
  35 124.436175  65.253411    48.008    48.008  2 55001.29999083 22.048
  37 124.434224  65.252572    47.053    47.504  3 55021.13127913 26.257
  39 124.439717  65.255431    46.098    45.482  3 55040.96256396 25.069
  40 124.441232  65.256100    45.274    44.884  4 55050.87820441 28.226
  41 124.434624  65.253813    46.224    45.387  3 55060.79384178 25.001
  42 124.435070  65.251204    47.165    47.969  3 55070.70948330 23.778
  43 124.434654  65.249220    46.200    45.786  3 55080.62513221 26.813
  44 124.435883  65.249570    91.157    90.997  3 55090.54077965 27.213
  45 124.437000  65.251646    45.014    44.983  3 55100.45642634 46.286
  46 124.434925  65.253227    46.338    46.338  2 55110.37207224 27.645
  47 124.434767  65.252844    45.608    45.608  2 55120.28771647 29.448
  48 124.437281  65.250912   104.175   103.677  3 55130.20335819 10.173
  49 124.436398  65.248794   108.847   104.736  3 55140.11899757  4.687
  50 124.437287  65.249154    45.650    45.451  3 55150.03463625 24.020
  51 124.435446  65.250978   109.149   109.138  3 55159.95027457  0.465
  53 124.433958  65.253033    45.829    45.614  3 55179.78154931 19.060
  54 124.434072  65.252498    45.626    45.531  3 55189.69719630 18.103
  55 124.434780  65.252772    45.594    45.594  2 55199.61284683 17.512
  56 124.434438  65.253731    45.632    45.632  2 55209.52849657 17.186
  57 124.439677  65.255576    45.698    45.629  3 55219.44414640 15.888
  58 124.440261  65.255625    45.879    45.545  3 55229.35979482 15.745
  59 124.433367  65.253506    45.838    45.838  2 55239.27543927 14.556
  60 124.435415  65.251555    45.623    45.623  2 55249.19108095 14.330
  61 124.434115  65.249987    45.657    45.684  3 55259.10671997 14.659
  62 124.437933  65.250491    45.424    45.381  3 55269.02235879 14.519
  63 124.434424  65.251242    46.004    46.004  2 55278.93799674 13.796
  64 124.433752  65.251777    45.584    45.624  3 55288.85363364 14.007
  65 124.435402  65.251318    45.292    45.292  2 55298.76926829 13.415
  66 124.435267  65.249773    44.973    44.973  3 55308.68491160 26.407
  67 124.436252  65.248923    45.406    45.406  3 55318.60055770 24.414
  68 124.437209  65.249546    83.883    83.833  3 55328.51620288 18.178
  69 124.436133  65.251267    45.810    45.739  3 55338.43184741 43.026
  70 124.433349  65.252670    94.803    94.803  2 55348.34749138 27.730
  72 124.432918  65.253207    47.349    47.349  2 55368.17877390 25.911
  74 124.436300  65.253477    46.498    46.498  2 55388.01005088 26.349
  75 124.434738  65.253421    46.669    46.669  2 55397.92568771 25.423
  76 124.433596  65.252791    47.110    47.110  2 55407.84133176 27.766
  77 124.435528  65.251875    46.361    45.878  3 55417.75698283 25.177
  78 124.437355  65.250601    44.245    44.204  3 55427.67263041 52.552
  81 124.435756  65.251460    45.960    45.960  2 55457.41956188 24.116
  82 124.435934  65.251914    47.051    47.580  3 55467.33520446 26.325
  83 124.436550  65.251164    44.646    44.908  3 55477.25084375 30.578
  84 124.434539  65.249612    42.539    42.540  3 55487.16647960 39.837
  85 124.434412  65.248734    42.449    42.438  3 55497.08211340 36.105
  87 124.435922  65.251425    43.355    43.355  2 55516.91340070 17.407
  88 124.433450  65.252582    44.683    44.683  2 55526.82905004 16.469
  89 124.435711  65.253449    43.938    43.938  2 55536.74469779 16.401
  90 124.435054  65.253548    44.974    45.091  3 55546.66034303 15.108
  91 124.434696  65.253936    45.076    45.242  3 55556.57598653 14.024
  92 124.434194  65.254447    45.381    45.187  3 55566.49162917 13.437
  93 124.432315  65.253901    45.389    45.389  2 55576.40727097 12.745
  94 124.435959  65.252714    45.420    45.420  2 55586.32291137 12.735
  95 124.436328  65.250623    45.474    45.472  3 55596.23854823 11.811
  96 124.435865  65.249293    45.901    45.359  3 55606.15418197 11.662
  97 124.435097  65.249112    46.019    45.844  3 55616.06981364 11.582
  98 124.436289  65.250373    45.919    45.919  2 55625.98545582 11.310
  99 124.436002  65.251078    45.492    45.634  3 55635.90110778 11.144
 100 124.434599  65.250716    45.804    45.804  2 55645.81675749 10.103
 101 124.435182  65.249903    46.275    46.319  3 55655.73240458 10.328
 102 124.436491  65.249527    45.504    45.588  3 55665.64804727 10.620
 103 124.437604  65.250069    45.378    45.268  3 55675.56368709 32.436
 104 124.435818  65.251077    44.184    44.184  2 55685.47932496 33.324
 105 124.435822  65.252131    45.654    44.255  3 55695.39496186 35.107
 106 124.435318  65.252340   111.909   111.909  2 55705.31059740 25.285
 107 124.435541  65.252401    46.550    46.550  2 55715.22624544 29.881
 108 124.434288  65.252635    46.546    46.546  2 55725.14189427 54.424
 109 124.434780  65.253600    46.454    45.766  3 55735.05754138 28.983
 110 124.434389  65.254410    46.656    47.850  3 55744.97318711 28.953
 111 124.433090  65.253933    46.491    46.491  2 55754.88883101 27.847
 112 124.435531  65.252226    46.093    45.237  3 55764.80447285 26.997
 113 124.436858  65.249964    43.255    43.284  3 55774.72011172 47.724
 114 124.435923  65.248579    44.807    44.688  4 55784.63574727 39.057
 115 124.436050  65.249444    95.295    96.226  3 55794.55138083 27.351
 116 124.435350  65.250925   111.914   118.341  3 55804.46701852 22.243
 117 124.435632  65.251778    44.527    44.527  2 55814.38266813 29.697
 118 124.434363  65.250560    44.572    44.516  3 55824.29831527 53.858
 119 124.436012  65.249129    43.916    43.837  3 55834.21395801 49.857
 120 124.436796  65.248542    44.701    44.664  4 55844.12959681 29.150
 121 124.435147  65.249426    42.685    42.646  3 55854.04523246 41.192
 122 124.434398  65.251351    42.912    42.912  2 55863.96087031 40.708
 123 124.433583  65.253023    42.727    42.727  2 55873.87652392 31.257
 133 124.437389  65.249983    46.070    45.970  3 55973.03296022 12.417
 134 124.435687  65.251768    46.060    45.763  3 55982.94859623 12.057
 135 124.433947  65.251872    46.091    46.091  2 55992.86423027 11.792
 136 124.436297  65.251021    46.161    46.092  3 56002.77987913 11.324
 137 124.437310  65.249275    46.196    46.418  3 56012.69552855 11.408
 139 124.435240  65.250431    46.112    45.882  3 56032.52681777 10.858
 141 124.431893  65.253958    44.042    44.042  2 56052.35809772 20.080
 142 124.432723  65.253531   107.832   107.832  2 56062.27373358 12.856
 143 124.434189  65.252230   115.413   115.413  2 56072.18937365  1.546
 144 124.436156  65.252263    48.121    48.287  3 56082.10502418 26.011
 145 124.433912  65.252885    46.955    46.969  3 56092.02067180 53.949
 146 124.434466  65.254123    47.051    47.051  2 56101.93631739 27.561
 147 124.433926  65.253743    47.063    47.899  3 56111.85194844 27.366
 148 124.434270  65.251736    46.348    46.348  2 56121.76758755 44.339
 149 124.438980  65.249501    44.729    44.762  3 56131.68322327 44.411
 150 124.434640  65.247781    98.321    98.225  3 56141.59885837 30.386
 151 124.434463  65.249417    45.070    45.001  3 56151.51450939 52.505
 152 124.436142  65.251997    45.382    45.382  2 56161.43015888 29.880
 153 124.433684  65.252741    46.858    46.858  2 56171.34580612 27.599
 154 124.434822  65.251680    46.240    45.671  3 56181.26144921 29.985
 155 124.437263  65.250024    45.242    45.230  3 56191.17708852 29.780
 156 124.435706  65.248995    45.897    45.947  3 56201.09272471 26.993
 157 124.435052  65.250210    45.119    45.670  3 56211.00835888 33.038
 158 124.436183  65.252432    43.382    43.382  2 56220.92399135 41.998
 159 124.433132  65.254056    42.548    42.548  2 56230.83964280 37.847
 160 124.433464  65.254133    45.762    45.711  3 56240.75529574 22.519
 161 124.434832  65.253425    45.884    45.767  3 56250.67094470 21.691
 162 124.435318  65.252578    45.670    45.670  2 56260.58658883 20.805
 163 124.435496  65.252805    46.051    45.956  3 56270.50223062 20.339
 164 124.433800  65.253029    45.398    45.398  2 56280.41787053 18.101
 165 124.433193  65.253291    45.622    45.622  2 56290.33352252 17.553
 166 124.433720  65.252007    45.304    45.304  2 56300.24917059 16.794
 167 124.437177  65.250425    45.487    45.463  3 56310.16481482 15.888
 168 124.434310  65.249120    45.652    45.668  3 56320.08045616 15.584
 169 124.434374  65.250167    45.625    45.563  3 56329.99609709 14.965
 170 124.435456  65.251939    46.160    46.426  3 56339.91173742 14.117
 171 124.435505  65.252570    45.916    45.636  3 56349.82737542 13.589
 172 124.436406  65.251452    45.633    45.633  2 56359.74301214 12.686
 173 124.436153  65.250255    46.439    46.439  2 56369.65866219 12.461
 175 124.435420  65.251996    46.201    46.302  3 56389.48995485 12.000
 176 124.432584  65.253744    45.292    45.292  2 56399.40559805 21.934
 177 124.439522  65.255565    44.919    44.755  5 56409.32123959 34.574
 178 124.433403  65.254198    85.498    85.498  2 56419.23687521 19.623
 179 124.433605  65.252827   108.300   108.300  2 56429.15250963 16.878
 180 124.433428  65.252713    48.069    48.069  2 56439.06816314 25.761
 181 124.435659  65.253308    47.670    47.670  2 56448.98381439 25.620
 183 124.434636  65.252796    45.719    45.603  3 56468.81510856 32.814
 184 124.433715  65.251537    47.314    47.770  3 56478.73074992 23.902
 185 124.434620  65.250279    46.728    47.614  3 56488.64638755 27.044
 187 124.436625  65.250331    46.295    46.295  2 56508.47765683 22.878
 188 124.436316  65.251103    46.956    46.535  3 56518.39329614 21.555
 189 124.436486  65.251823    45.503    45.503  2 56528.30895032 54.315
 190 124.434123  65.251448    45.930    45.930  2 56538.22459998 24.310
 191 124.436536  65.251254    44.119    44.119  2 56548.14024602 50.718
 192 124.435244  65.251542    46.144    45.447  3 56558.05588919 26.600
 194 124.434060  65.254017    43.431    43.431  2 56577.88717259 44.530
 195 124.430835  65.253962    90.406    90.406  2 56587.80280968 14.761
 197 124.434398  65.253320    42.375    42.322  3 56607.63410315 23.264
 198 124.433078  65.253051    42.961    42.961  2 56617.54974958 19.881
 199 124.435056  65.253272    43.021    43.022  3 56627.46539299 17.664
 200 124.433889  65.252725    42.907    42.941  3 56637.38103330 16.291
 201 124.435076  65.251698    43.111    43.093  3 56647.29667538 15.407
 202 124.436701  65.251004    43.659    43.203  3 56657.21232752 14.110
 203 124.433766  65.250139    44.860    44.637  3 56667.12797490 12.786
 205 124.434386  65.251885    45.187    45.215  3 56686.95926399 12.455
 206 124.435953  65.252467    44.695    44.695  2 56696.87490597 13.340
 207 124.435432  65.251717    45.648    45.679  3 56706.79054310 11.655
 208 124.436592  65.250833    45.105    45.105  2 56716.70617765 12.179
 209 124.434089  65.251121    44.977    44.845  3 56726.62183052 13.180
 211 124.432604  65.254355    45.472    45.472  2 56746.45312546 11.162
 212 124.440883  65.255846    46.956    46.977  4 56756.36876773 10.335
 213 124.433725  65.254130    45.647    45.576  3 56766.28440265 26.263
 214 124.433551  65.253011    45.214    45.246  3 56776.20004380 32.746
 215 124.435108  65.253482    88.302    88.302  2 56786.11570049 17.283
 216 124.434955  65.254300   111.060   111.060  2 56796.03135338  7.523
 217 124.439670  65.255322    46.492    46.398  3 56805.94700224 40.671
 219 124.435985  65.251948    93.466    93.292  3 56825.77828181 26.109
 220 124.433758  65.249965    46.882    46.603  3 56835.69391623 25.050
 222 124.433768  65.250970    45.718    45.671  3 56855.52519502 54.260
 223 124.434068  65.252495    45.562    45.562  2 56865.44084869 26.043
 224 124.435404  65.252895    44.298    44.322  3 56875.35650148 50.833
 225 124.435541  65.252439    44.847    44.463  3 56885.27215098 28.138
 226 124.433792  65.251652    44.738    44.913  3 56895.18779733 26.589
 227 124.434460  65.252343    44.674    45.092  3 56905.10344084 26.817
 228 124.435082  65.254110   105.836   105.836  2 56915.01908224 20.833
 229 124.441990  65.256418    44.378    44.363  4 56924.93472241 37.402
 230 124.441158  65.256440    45.573    45.936  5 56934.85035885 31.097
 232 124.433648  65.252540    42.114    42.116  3 56954.68163867 36.478
 233 124.433596  65.252180    38.799    38.799  2 56964.59728838 24.657
 234 124.434098  65.253179    42.078    42.078  2 56974.51293364 20.998
 235 124.433944  65.254026    42.250    42.250  2 56984.42857443 22.721
 236 124.432914  65.252993    41.935    41.935  2 56994.34420997 18.674
 237 124.436073  65.250932    42.140    42.140  2 57004.25984935 18.427
 238 124.435388  65.249322    41.402    42.278  3 57014.17550515 19.043
 239 124.435725  65.249635    42.175    42.175  2 57024.09115620 18.195
 240 124.435425  65.251839    42.756    42.756  2 57034.00680484 16.409
 241 124.434529  65.253579    43.161    42.829  3 57043.92245095 15.650
 242 124.432536  65.253363    42.861    42.861  2 57053.83809423 14.805
 243 124.435959  65.252006    42.879    42.846  3 57063.75373330 15.098
 244 124.437403  65.250851    43.399    43.472  3 57073.66936721 13.836
 245 124.436981  65.251139    43.396    42.907  3 57083.58499745 13.968
 246 124.433849  65.253383    43.165    42.687  3 57093.50064728 13.813
 247 124.440458  65.256612    45.708    45.867  5 57103.41630499 10.975
 248 124.442902  65.257233    45.921    45.898  5 57113.33195827 11.453
 249 124.433716  65.254411    45.175    45.243  3 57123.24760423 11.191
 250 124.435754  65.252728    46.385    46.385  2 57133.16324586 13.862
