# NaN NaN NaN ;Mean Elev.(m), Avg Gradient(m/km), RMS Gradient(m/km) - SRTM1     
#   30.780  -0.584   1.919 ;Mean Elev.(m), Avg Gradient(m/km), RMS Gradient(m/km) - ASTER GDEM
#   25.012  -2.433   7.406 ;Mean Elev.(m), Avg Gradient(m/km), RMS Gradient(m/km) - GMTED2010 
   1 124.878014  64.950541   112.810   117.881  4 54667.13475871  4.446
   2 124.882520  64.952312   109.808   116.265  4 54677.05040371  2.229
   3 124.879518  64.953700    -0.949    -0.537 11 54686.96604664 12.961
   4 124.882002  64.954885    96.976    97.374 11 54696.88168829 27.290
   5 124.880025  64.953391     7.429     7.245 12 54706.79732861 13.013
   6 124.882689  64.951552   101.179   100.603 12 54716.71298080 23.477
   7 124.885471  64.949772    12.347    12.345 13 54726.62863053 14.926
   8 124.884280  64.949467    96.170    96.361 13 54736.54427830 27.912
   9 124.883190  64.951161    95.502    95.539 12 54746.45992564 27.475
  10 124.880208  64.952537    47.201    47.183 11 54756.37557238 36.965
  11 124.880985  64.952462    46.556    46.547 11 54766.29121767 49.320
  12 124.884242  64.950654    46.110    46.106 13 54776.20685998 41.877
  13 124.887234  64.948941    46.911    46.950 13 54786.12249982 25.548
  14 124.886208  64.948630    46.871    46.921 12 54796.03813806 24.925
  17 124.882325  64.952284    47.181    47.219 12 54825.78506016 18.236
  18 124.884329  64.952272    47.150    47.155 12 54835.70069973 16.966
  19 124.881951  64.952339    47.051    47.012 11 54845.61634915 16.333
  20 124.879725  64.953079    46.880    46.849 12 54855.53199795 15.759
  21 124.878320  64.954487    46.798    46.652 11 54865.44764681 15.435
  22 124.880520  64.955250    46.612    46.554 11 54875.36329556 14.878
  23 124.880154  64.954139    46.572    46.531 12 54885.27894115 14.727
  24 124.881503  64.952022    46.548    46.472 12 54895.19458339 14.311
  25 124.884634  64.950554    46.700    46.640 12 54905.11022315 14.304
  26 124.885049  64.950267    46.749    46.628 13 54915.02586156 13.342
  27 124.884216  64.951100    46.974    46.901 12 54924.94149952 11.692
  28 124.881087  64.951499    46.794    46.760 12 54934.85713650 11.996
  29 124.881947  64.951080    46.986    46.992 12 54944.77277183 23.878
  30 124.885037  64.949414    47.113    47.033 13 54954.68840493 32.832
  31 124.889108  64.948598    97.300    96.437 13 54964.60405146 19.770
  32 124.888825  64.948922   123.485   126.038 10 54974.51969964  5.088
  34 124.881939  64.951758    51.276    51.278 12 54994.35099462 40.903
  35 124.880429  64.952513    50.614    50.580 12 55004.26664090 23.594
  36 124.882447  64.952861    49.812    49.902 12 55014.18228537 24.251
  37 124.883252  64.952835    49.007    49.200 12 55024.09792829 27.537
  38 124.880169  64.953115    49.137    49.182 12 55034.01357024 24.757
  39 124.879236  64.953634    48.081    48.145 12 55043.92921167 30.972
  40 124.880820  64.953398    48.276    48.295 12 55053.84485163 28.194
  41 124.880615  64.951498    97.379    95.395 12 55063.76048908 25.627
  42 124.883069  64.950225   104.232   104.865 12 55073.67613493 11.557
  43 124.884113  64.949632    47.793    47.566 13 55083.59178307 29.287
  44 124.882671  64.949990    47.827    47.913 12 55093.50742951 30.630
  45 124.883248  64.950994    48.214    48.195 12 55103.42307606 29.251
  46 124.884682  64.951853    48.088    47.964 12 55113.33872244 28.413
  47 124.883218  64.951143    47.595    47.614 13 55123.25436602 32.971
  48 124.885163  64.950260    46.450    46.348 12 55133.17000699 45.885
  49 124.884057  64.949125    45.627    45.571 13 55143.08564556 37.489
  50 124.885710  64.949657    46.667    46.524 13 55153.00128387 27.764
  51 124.884763  64.950570    46.663    46.563 12 55162.91692228 25.723
  52 124.880681  64.951085    46.793    46.731 12 55172.83256005 22.634
  53 124.883644  64.951753    46.783    46.730 12 55182.74819702 22.085
  54 124.881650  64.952088    46.723    46.766 11 55192.66384810 21.950
  55 124.880285  64.952855    46.705    46.588 11 55202.57949805 20.771
  56 124.879402  64.953746    46.533    46.461 12 55212.49514743 20.449
  57 124.880686  64.954244    46.376    46.401 11 55222.41079655 19.468
  58 124.881977  64.953443    46.309    46.279 11 55232.32644427 19.609
  59 124.879868  64.951307    46.451    46.525 12 55242.24208839 19.767
  60 124.885728  64.950680    46.574    46.624 12 55252.15772994 20.217
  61 124.885204  64.950362    46.476    46.430 12 55262.07336866 19.604
  62 124.881594  64.950662    46.774    46.822 12 55271.98900617 18.268
  63 124.883943  64.951317    46.840    46.799 12 55281.90464409 18.416
  64 124.883470  64.950549    46.891    46.860 13 55291.82028047 17.654
  65 124.884565  64.949241    46.837    46.889 13 55301.73591483 17.599
  66 124.887377  64.948988    46.307    46.264 13 55311.65156282 24.500
  67 124.884937  64.949044    46.332    46.084 12 55321.56720803 37.405
  68 124.883006  64.950054    95.236    94.092 13 55331.48285222 19.558
  69 124.884230  64.951626    99.757    99.823 12 55341.39849673 25.290
  70 124.879957  64.951573    50.484    50.525 12 55351.31414044 23.781
  71 124.882949  64.952005    97.153    97.317 12 55361.22978266 27.640
  72 124.883270  64.952267    49.416    49.453 12 55371.14542251 26.131
  73 124.887447  64.953545    49.300    49.391 10 55381.06106129 27.299
  74 124.881324  64.953452    49.726    49.724 11 55390.97669831 56.399
  75 124.880586  64.952917    48.331    48.268 12 55400.89233456 47.155
  76 124.884891  64.951950    48.120    48.312 12 55410.80798374 27.051
  77 124.884325  64.949773    48.293    48.147 12 55420.72363353 23.908
  78 124.887679  64.949184    47.451    47.396 13 55430.63928075 38.145
  79 124.885623  64.949913    94.734    94.804 13 55440.55492524 22.286
  81 124.879788  64.951429    47.932    47.660 12 55460.38621060 27.546
  82 124.862087  64.947887    98.976    94.367  4 55470.30185031 15.917
  83 124.884309  64.949085    46.458    46.477 13 55480.21749092 25.997
  84 124.888290  64.948528    46.031    46.005 13 55490.13312713 39.347
  85 124.888055  64.948991    45.968    45.985 13 55500.04876082 40.074
  86 124.884665  64.950400    46.184    46.167 13 55509.96440203 25.797
  87 124.882491  64.951794    46.375    46.370 12 55519.88005175 21.323
  88 124.881306  64.952219    46.593    46.599 12 55529.79570052 19.435
  89 124.880491  64.951876    46.543    46.542 12 55539.71134755 18.955
  90 124.883881  64.952372    46.399    46.365 12 55549.62699282 17.275
  91 124.879036  64.952686    46.316    46.335 12 55559.54263567 16.028
  92 124.877982  64.953742    46.388    46.390 11 55569.45827809 15.010
  93 124.880413  64.953889    46.553    46.643 11 55579.37391984 14.211
  94 124.881994  64.951864    46.477    46.450 11 55589.28955879 13.909
  95 124.885442  64.949150    46.540    46.501 12 55599.20519479 12.878
  96 124.887993  64.947724    46.695    46.556 13 55609.12082834 12.613
  97 124.888499  64.948415    46.753    46.533 12 55619.03646015 11.958
  98 124.883353  64.950392    46.723    46.741 13 55628.95210829 11.962
  99 124.879845  64.951211    46.611    46.563 12 55638.86775906 11.369
 100 124.882938  64.950582    46.629    46.551 12 55648.78340812 10.777
 101 124.886038  64.948808    46.735    46.741 13 55658.69905401 10.355
 102 124.889086  64.948296    47.038    47.305 13 55668.61469611 10.248
 103 124.886388  64.949244    46.471    46.330 13 55678.53033541 33.776
 104 124.882993  64.951084    47.031    46.693 13 55688.44597279 36.951
 105 124.879537  64.952025   102.258    97.931 12 55698.36160874 10.012
 106 124.884011  64.952229    49.749    49.798 12 55708.27724565 28.682
 107 124.883534  64.951548    49.805    49.765 12 55718.19289653 23.025
 108 124.881537  64.951369    50.182    50.156 12 55728.10854470 20.961
 109 124.880942  64.952325    49.175    49.372 12 55738.02419151 24.331
 110 124.880896  64.953500    48.360    48.325 12 55747.93983713 32.597
 111 124.884794  64.953878    48.280    48.166 11 55757.85548082 47.929
 112 124.861876  64.948802   107.553   105.016  5 55767.77111901  8.522
 113 124.901353  64.951400    47.625    47.648  7 55777.68676032 33.847
 114 124.893907  64.948696   126.323   126.809 12 55787.60239444  3.074
 115 124.888967  64.948712    47.831    47.634 13 55797.51802751 27.711
 116 124.884465  64.950154    94.638    94.583 12 55807.43367042 22.372
 117 124.880146  64.951075    48.066    47.955 12 55817.34931915 25.594
 118 124.882867  64.950470    47.882    47.866 12 55827.26496484 26.342
 119 124.886866  64.949013    47.603    47.568 13 55837.18060622 42.880
 120 124.888754  64.947895    46.504    46.406 12 55847.09624425 38.226
 121 124.887404  64.948735    46.240    46.211 13 55857.01187970 44.106
 122 124.881861  64.950605    46.296    46.246 12 55866.92752346 41.814
 123 124.880013  64.952728    46.637    46.587 12 55876.84317564 17.739
 133 124.887377  64.949389    47.128    46.994 13 55975.99960741 12.385
 134 124.883936  64.950520    47.143    47.244 12 55985.91524341 12.275
 135 124.882763  64.950898    47.142    47.110 12 55995.83087913 12.019
 136 124.884341  64.950509    47.356    47.146 13 56005.74653102 11.566
 137 124.886708  64.949279    47.364    47.237 13 56015.66217894 11.437
 139 124.884057  64.950116    47.527    47.632 13 56035.49346662 10.904
 141 124.882307  64.953230    93.518    93.299 12 56055.32474591 23.228
 142 124.879285  64.952471    51.630    51.635 12 56065.24037987 38.622
 143 124.881473  64.952049    99.648    99.682 11 56075.15602529 27.015
 144 124.881780  64.952123    50.300    50.246 12 56085.07167476 25.958
 145 124.882073  64.952377    50.609    50.612 12 56094.98732186 54.798
 146 124.885356  64.952985    49.401    49.399 10 56104.90296711 49.655
 147 124.879791  64.951430    49.646    49.559 12 56114.81859690 21.075
 148 124.882036  64.950421    48.990    49.055 12 56124.73423525 24.384
 149 124.885268  64.949118    99.555    96.972 12 56134.64986968 14.704
 150 124.887431  64.948889    49.619    49.549 12 56144.56551046 20.815
 151 124.885666  64.949531    48.101    47.878 12 56154.48116053 33.691
 152 124.911316  64.954401    47.706    47.706  3 56164.39681224 37.712
 153 124.890404  64.952268    48.663    48.582  9 56174.31245712 24.128
 154 124.908797  64.954280    48.621    48.634  3 56184.22810073 55.229
 155 124.884124  64.949724    95.610    95.567 13 56194.14373620 21.172
 156 124.885363  64.949412    95.094    95.012 12 56204.05937144 27.527
 157 124.898788  64.952032    45.867    45.926  8 56213.97500641 32.584
 158 124.884660  64.951661    47.111    47.058 12 56223.89063985 46.476
 159 124.879468  64.952556    46.440    46.372 12 56233.80629541 42.461
 160 124.880424  64.952994    46.384    46.405 12 56243.72194751 28.235
 161 124.881791  64.952736    46.714    46.715 11 56253.63759485 26.620
 162 124.879918  64.952248    46.867    46.818 12 56263.55323756 24.278
 164 124.883462  64.952462    46.829    46.843 12 56283.38452243 20.288
 165 124.883407  64.951671    46.793    46.744 12 56293.30017398 19.475
 166 124.885404  64.950577    46.636    46.676 12 56303.21582128 18.857
 167 124.883737  64.949592    46.527    46.556 13 56313.13146412 17.510
 168 124.884108  64.950051    46.498    46.483 12 56323.04710509 17.233
 169 124.881486  64.950679    46.515    46.460 12 56332.96274518 16.424
 170 124.882984  64.951105    46.544    46.552 12 56342.87838512 15.261
 171 124.884339  64.950572    46.622    46.600 13 56352.79402268 14.500
 172 124.885625  64.949839    46.694    46.512 12 56362.70966438 14.127
 173 124.885106  64.949979    46.669    46.604 13 56372.62531346 13.740
 175 124.880988  64.952456    46.818    46.721 12 56392.45660403 13.036
 176 124.880549  64.953227    47.406    47.351 12 56402.37224676 23.859
 177 124.880241  64.953101    93.121    93.333 11 56412.28788663 23.690
 178 124.879678  64.952086    94.285    94.170 12 56422.20352143 16.411
 179 124.880041  64.951887   103.931   100.107 12 56432.11916254 14.309
 180 124.879075  64.952519    98.094    97.848 12 56442.03481512 28.427
 181 124.880028  64.953229    49.617    49.706 11 56451.95046532 23.516
 182 124.882637  64.952880    50.395    50.400 12 56461.86611315 34.734
 183 124.882467  64.951214    48.931    49.126 12 56471.78175735 26.995
 184 124.884634  64.949873    48.615    48.692 12 56481.69739828 29.079
 185 124.884241  64.949404    48.654    48.552 12 56491.61303528 27.171
 187 124.890002  64.951514    49.996    50.046 11 56511.44430365 54.135
 188 124.886486  64.951240   109.540   111.777 12 56521.35994886 14.764
 189 124.883496  64.950443    49.212    49.219 12 56531.27560159 43.126
 191 124.884790  64.950243    47.899    47.716 13 56551.10689599 28.696
 192 124.880215  64.951279    95.213    94.915 12 56561.02253839 17.389
 193 124.879516  64.953025   101.331    95.857 12 56570.93818008 14.254
 194 124.879430  64.953871    46.653    46.668 12 56580.85382024 42.656
 195 124.882282  64.953127    46.261    46.237 12 56590.76945645 44.928
 196 124.881474  64.951860    45.825    45.956 12 56600.68510387 25.775
 197 124.882937  64.951855    46.430    46.434 12 56610.60075415 21.441
 198 124.880057  64.952464    46.374    46.372 12 56620.51639941 17.862
 199 124.879285  64.953170    46.449    46.482 11 56630.43204181 16.235
 200 124.881084  64.952523    46.574    46.558 11 56640.34768077 15.619
 201 124.885027  64.950835    46.652    46.595 12 56650.26332764 15.568
 202 124.883689  64.948847    46.693    46.701 13 56660.17897816 13.897
 203 124.885359  64.949126    46.674    46.705 13 56670.09462551 13.517
 205 124.881870  64.952501    46.486    46.454 12 56689.92591357 13.175
 206 124.879507  64.952002    46.543    46.451 12 56699.84155344 12.099
 207 124.884548  64.950662    46.957    46.818 12 56709.75718926 12.217
 208 124.885347  64.949498    46.861    46.726 12 56719.67283023 11.721
 209 124.883115  64.950165    47.207    46.949 12 56729.58848229 12.179
 211 124.876616  64.954143    47.236    47.134 11 56749.41977467 10.408
 212 124.881740  64.955080    46.314    46.215 11 56759.33541482 24.218
 213 124.879659  64.953058    46.641    46.591 11 56769.25104783 32.193
 214 124.882122  64.952028    46.529    46.524 11 56779.16669736 29.024
 216 124.881938  64.953170   111.534   108.200 11 56798.99800521 24.210
 217 124.861246  64.951493   120.033   119.779  5 56808.91364927  3.533
 219 124.881075  64.951310    96.674    96.853 12 56828.74492839 26.980
 220 124.885806  64.949197    48.713    48.733 12 56838.66056231 27.400
 221 124.886796  64.948404    48.274    48.313 12 56848.57619354 54.502
 222 124.883667  64.950136    48.740    48.826 13 56858.49184795 23.055
 223 124.882540  64.952520    47.667    47.619 12 56868.40750156 49.612
 224 124.881410  64.953163    48.001    48.170 11 56878.32315303 27.187
 225 124.883480  64.952468    47.841    47.762 12 56888.23880141 29.187
 226 124.883669  64.951070    48.126    48.180 12 56898.15444687 24.993
 227 124.885101  64.951604    47.502    47.544 12 56908.07009000 43.556
 228 124.883676  64.953460    47.579    47.615 11 56917.98573092 46.019
 229 124.878416  64.954780    48.086    48.240 11 56927.90136944 24.880
 230 124.878811  64.955008    47.367    47.359 11 56937.81700436 50.004
 231 124.879538  64.953116    46.333    46.297 12 56947.73263654 47.120
 232 124.879961  64.951541    45.628    45.556 12 56957.64829006 37.341
 233 124.881445  64.951107    45.438    45.459 12 56967.56393840 29.361
 234 124.880851  64.951815    46.267    46.293 12 56977.47958262 21.900
 235 124.880914  64.952760    46.526    46.512 11 56987.39522243 18.421
 236 124.879389  64.951824    46.487    46.514 12 56997.31085601 17.498
 237 124.881629  64.950415    46.556    46.534 12 57007.22650288 15.750
 238 124.884784  64.949282    46.660    46.643 12 57017.14215689 15.647
 239 124.884227  64.949129    46.572    46.542 12 57027.05780704 15.482
 240 124.883306  64.950847    46.786    46.651 12 57036.97345541 13.935
 241 124.881587  64.952408    46.995    46.862 12 57046.88910111 13.257
 242 124.879162  64.952531    46.589    46.506 12 57056.80474304 13.265
 243 124.881636  64.951503    46.735    46.713 12 57066.72037996 13.220
 244 124.882125  64.950393    46.744    46.646 12 57076.63601234 12.548
 245 124.884262  64.950425    46.836    46.785 12 57086.55164223 11.981
 246 124.879161  64.952233    47.126    47.093 12 57096.46730081 11.499
 247 124.878213  64.954300    47.799    47.608 11 57106.38295698 15.103
 248 124.880840  64.955220    47.433    47.341 11 57116.29860868 10.888
 249 124.880333  64.953901    47.593    47.443 12 57126.21425368 11.283
 250 124.883284  64.952582    46.906    47.062 12 57136.12989364 21.846
