# NaN NaN NaN ;Mean Elev.(m), Avg Gradient(m/km), RMS Gradient(m/km) - SRTM1     
#   22.343  -4.529  15.557 ;Mean Elev.(m), Avg Gradient(m/km), RMS Gradient(m/km) - ASTER GDEM
#   27.027  -4.277  13.081 ;Mean Elev.(m), Avg Gradient(m/km), RMS Gradient(m/km) - GMTED2010 
   1 124.414095  65.323659    44.615    44.219  7 54661.28220093 28.103
   3 124.415346  65.324120    -4.920    -4.931  7 54681.11349024 10.672
   4 124.412877  65.325393    45.056    45.021  7 54691.02913264 54.668
   5 124.416903  65.325332    -3.222    -2.834  7 54700.94477341 13.679
   6 124.417442  65.324001    46.144    46.529  7 54710.86042003 25.173
   7 124.417302  65.322129    12.400    12.385  8 54720.77607136 22.571
   8 124.421239  65.319955    46.076    46.044  8 54730.69172044 53.316
   9 124.418660  65.319831    44.116    44.093  8 54740.60736716 56.477
  10 124.417080  65.320316    45.109    45.032  8 54750.52301390 23.588
  11 124.417680  65.320583    42.648    42.622  8 54760.43866068 52.290
  12 124.419424  65.320092    42.086    42.130  8 54770.35430522 46.495
  13 124.418853  65.319560    42.603    42.597  8 54780.26994629 23.983
  14 124.417208  65.319207    43.316    43.470  8 54790.18558471 18.026
  15 124.417066  65.319725    43.915    43.999  8 54800.10122217 16.765
  17 124.418055  65.322279    44.275    44.326  8 54819.93249862 15.208
  18 124.416143  65.322739    44.226    44.336  7 54829.84815074 14.675
  19 124.417378  65.322549    44.245    44.219  8 54839.76378967 14.191
  20 124.415046  65.323033    44.197    44.232  7 54849.67943849 13.727
  21 124.416440  65.323620    44.179    44.178  8 54859.59508715 13.102
  22 124.415901  65.324261    44.386    44.288  7 54869.51073574 13.168
  23 124.416512  65.323480    44.200    44.172  8 54879.42638345 12.982
  24 124.416553  65.321669    44.113    44.232  8 54889.34202802 12.506
  25 124.419759  65.319347    44.038    44.089  8 54899.25766974 11.778
  26 124.421965  65.318694    44.101    44.154  8 54909.17330897 12.576
  27 124.420800  65.319845    44.051    43.990  8 54919.08894656 12.727
  28 124.419712  65.321013    44.391    44.395  8 54929.00458392 11.852
  29 124.418125  65.321035    44.379    44.347  7 54938.92022047 11.330
  30 124.416809  65.320300    41.479    41.523  8 54948.83585541 44.255
  31 124.422506  65.318967    97.334    96.471  7 54958.75149306  4.960
  32 124.418244  65.319636    45.556    45.502  8 54968.66714117 32.755
  33 124.405727  65.322128    93.615    93.643  3 54978.58278728 25.638
  34 124.414001  65.322143    73.317    77.883  7 54988.49843537  5.358
  35 124.417983  65.321860    47.107    47.050  7 54998.41408321 29.874
  36 124.416989  65.321956    93.764    93.740  7 55008.32972879 28.430
  37 124.417578  65.322146    45.197    45.235  8 55018.24537261 52.844
  38 124.417960  65.323065    45.212    45.085  7 55028.16101501 25.527
  39 124.417870  65.324279    46.460    46.855  7 55038.07665686 24.911
  40 124.416018  65.325084    45.858    46.556  7 55047.99229746 25.130
  41 124.417196  65.323969    46.010    46.665  7 55057.90793646 24.208
  42 124.418639  65.321638    44.627    44.874  7 55067.82357467 25.729
  43 124.419058  65.319416    44.304    44.063  8 55077.73922501 27.503
  44 124.417111  65.319249    44.187    43.850  8 55087.65487257 26.105
  45 124.418733  65.320175    44.091    44.108  7 55097.57051878 28.276
  46 124.416527  65.321533    44.548    44.341  8 55107.48616416 27.178
  47 124.418429  65.320908    44.661    44.652  8 55117.40180934 25.241
  48 124.420652  65.318962    43.175    43.221  8 55127.31745231 51.427
  49 124.431725  65.316408    89.556    89.599  5 55137.23309387 20.540
  50 124.420534  65.318108    43.827    43.969  9 55147.14873135 24.902
  51 124.416332  65.320734    44.024    44.080  8 55157.06436877 21.811
  52 124.417899  65.322467    44.310    44.260  7 55166.98000674 20.764
  53 124.415592  65.323520    44.141    44.160  7 55176.89564399 19.891
  54 124.416488  65.322724    44.302    44.289  8 55186.81128722 18.895
  55 124.417132  65.322083    44.146    44.165  7 55196.72693830 18.676
  56 124.416916  65.322740    44.296    44.292  8 55206.64258803 17.751
  57 124.414385  65.324406    43.997    44.231  7 55216.55823686 17.146
  58 124.412825  65.324895    43.976    44.022  7 55226.47388524 16.180
  59 124.417986  65.322647    43.871    43.999  7 55236.38953189 15.745
  60 124.420503  65.319566    44.059    44.137  8 55246.30517495 15.267
  61 124.432630  65.316144    44.633    44.253  4 55256.22081629 15.126
  62 124.431161  65.316717    44.259    44.256  5 55266.13645499 14.667
  63 124.416554  65.320569    44.038    44.109  8 55276.05209161 14.359
  64 124.417422  65.322101    44.050    44.108  8 55285.96772884 14.365
  65 124.417202  65.321765    44.012    44.062  7 55295.88336401 13.991
  66 124.420626  65.319287    43.574    43.587  8 55305.79900423 15.743
  67 124.432177  65.316310    99.043    99.788  4 55315.71465248  5.061
  68 124.419936  65.318315    41.425    41.462  9 55325.63029675 42.501
  69 124.419219  65.320650    91.367    90.215  8 55335.54594084 10.984
  70 124.416567  65.322848    48.387    48.390  7 55345.46158436 54.677
  71 124.416566  65.323135    92.941    92.743  7 55355.37722719 28.745
  72 124.417920  65.322465   110.097   109.293  8 55365.29286819  9.807
  73 124.415972  65.322376    45.082    44.992  8 55375.20850731 27.774
  74 124.417471  65.323052    44.199    44.168  7 55385.12414567 45.749
  75 124.416888  65.324326    46.247    46.676  7 55395.03978295 25.810
  76 124.415182  65.325161    45.706    46.608  7 55404.95542212 25.683
  77 124.416451  65.323415    44.719    44.480  7 55414.87107387 25.099
  78 124.416859  65.320571    44.781    44.851  8 55424.78672249 26.619
  79 124.431481  65.316740    90.892    91.000  4 55434.70236980 31.355
  80 124.431457  65.316754    43.735    43.577  5 55444.61801408 27.234
  81 124.418447  65.319876    44.519    44.600  8 55454.53365589 28.980
  82 124.416651  65.321913    90.644    90.603  8 55464.44929800 27.444
  83 124.416489  65.321859    44.118    43.973  7 55474.36493776 25.054
  84 124.416955  65.320061    42.163    42.161  8 55484.28057474 52.662
  85 124.432608  65.316640    41.834    41.808  5 55494.19621111 45.997
  86 124.417428  65.319076    42.681    42.687  8 55504.11184328 19.284
  87 124.418425  65.321108    43.640    43.599  7 55514.02749210 17.996
  88 124.414464  65.323663    42.544    42.313  7 55523.94314123 16.974
  89 124.417026  65.323868    43.158    43.278  7 55533.85878936 16.815
  90 124.417311  65.322859    43.124    42.927  8 55543.77443549 16.170
  91 124.418492  65.321922    43.212    43.259  7 55553.69007974 14.792
  92 124.415296  65.322638    43.292    43.494  7 55563.60572237 14.378
  93 124.418211  65.323280    44.186    44.216  7 55573.52136492 13.750
  94 124.415535  65.323628    43.920    43.979  7 55583.43700559 13.183
  95 124.416239  65.322236    43.937    44.048  8 55593.35264326 12.349
  96 124.416961  65.320300    43.773    43.840  8 55603.26827764 12.098
  97 124.420377  65.319000    43.963    43.963  8 55613.18391016 11.900
  98 124.420344  65.319613    43.896    43.942  8 55623.09954645 11.623
  99 124.418797  65.320880    43.865    43.662  7 55633.01519912 11.504
 100 124.417520  65.321652    44.288    44.313  8 55642.93084958 10.559
 101 124.417525  65.321207    44.342    44.251  7 55652.84649736 10.608
 102 124.419185  65.319447    44.077    44.164  8 55662.76214111  9.981
 103 124.418825  65.318603    41.869    41.819  8 55672.67778156 26.994
 104 124.417057  65.319403    45.347    44.537  8 55682.59342026 25.271
 105 124.415320  65.321706    98.145    94.123  6 55692.50905737  8.441
 106 124.418499  65.323434    95.438    95.381  7 55702.42469337 27.916
 107 124.417386  65.324282    46.661    47.010  7 55712.34033620 27.472
 108 124.415944  65.323792    46.114    45.935  8 55722.25598556 27.096
 109 124.414337  65.323373    93.308    93.213  7 55732.17163291 26.625
 110 124.417555  65.322874    46.168    46.906  7 55742.08727947 24.180
 111 124.416388  65.323038    90.981    91.165  7 55752.00292432 27.504
 112 124.415532  65.322687    44.315    43.515  7 55761.91856692 26.229
 113 124.416919  65.321516    44.010    43.873  7 55771.83420694 25.724
 114 124.415682  65.320201    96.098    90.771  7 55781.74984321  9.618
 115 124.419125  65.319462    91.750    91.572  9 55791.66547724 26.024
 116 124.421043  65.320093    90.853    91.068  8 55801.58111006 28.249
 117 124.415932  65.321479    44.168    44.031  8 55811.49675962 23.472
 118 124.417374  65.321704    44.477    44.229  8 55821.41240830 24.650
 119 124.419063  65.321079    44.640    44.574  8 55831.32805227 23.131
 120 124.419914  65.320002    44.475    44.359  8 55841.24369165 25.473
 121 124.417466  65.319935    89.343    89.285  8 55851.15932764 26.504
 122 124.419465  65.320961    42.347    42.350  8 55861.07496195 46.259
 123 124.417439  65.322477    44.071    44.166  8 55870.99061447 18.351
 133 124.420994  65.319226    44.391    44.370  8 55970.14705509 12.706
 134 124.418679  65.320922    44.315    44.354  7 55980.06269112 12.703
 135 124.416523  65.321930    44.390    44.447  8 55989.97832630 12.392
 136 124.418584  65.321259    44.652    44.619  7 55999.89397026 11.668
 137 124.417362  65.320133    44.334    44.324  8 56009.80962098 11.867
 138 124.418927  65.319415    44.399    44.382  8 56019.72526783 11.750
 139 124.418231  65.320017    44.505    44.455  8 56029.64091140 11.348
 141 124.417672  65.322772    44.207    44.183  7 56049.47219270  9.178
 142 124.416988  65.323752    91.133    91.787  7 56059.38782963 16.703
 143 124.417277  65.323841   102.388    97.151  7 56069.30346440 17.897
 144 124.415515  65.323546   111.095   113.640  7 56079.21911534 10.062
 145 124.416835  65.323352    93.705    93.655  7 56089.13476386 27.999
 146 124.416179  65.323823    46.424    46.187  8 56099.05040968 27.334
 147 124.415860  65.323374    46.513    46.910  8 56108.96605324 25.432
 148 124.416588  65.321730    93.597    93.538  7 56118.88168248 14.528
 149 124.417675  65.319910    44.039    44.033  8 56128.79731967 53.452
 150 124.421053  65.318945    91.882    91.727  8 56138.71295359 27.113
 151 124.420683  65.319813    92.460    92.405  8 56148.62860152 27.224
 152 124.416312  65.321811    44.180    44.410  7 56158.54425006 26.791
 153 124.417490  65.322247    45.246    45.268  8 56168.45989804 24.407
 154 124.418762  65.321012    92.169    92.058  8 56178.37554313 27.794
 155 124.419845  65.319464    91.152    91.112  8 56188.29118378 28.739
 156 124.418141  65.319327    44.718    44.540  8 56198.20682071 28.990
 157 124.419593  65.320848    96.736    97.247  8 56208.12245501 29.134
 158 124.413967  65.324015    90.381    90.337  7 56218.03808695 20.247
 159 124.416092  65.325117    88.943    88.929  7 56227.95373185 15.713
 160 124.415864  65.324494    42.781    42.676  7 56237.86938620 27.276
 161 124.417574  65.323080    42.841    42.902  7 56247.78503689 25.929
 162 124.415920  65.322629    42.900    42.750  8 56257.70068222 25.121
 163 124.417777  65.323123    43.687    43.711  7 56267.61632449 22.035
 164 124.415507  65.324101    43.214    43.117  7 56277.53196465 21.392
 165 124.414560  65.323741    43.672    43.703  7 56287.44761276 17.849
 166 124.419209  65.321008    43.549    43.545  8 56297.36326261 17.170
 167 124.420196  65.318507    43.637    43.670  9 56307.27890818 16.384
 168 124.432640  65.316323    43.880    43.951  5 56317.19455197 15.545
 169 124.416969  65.319709    43.712    43.662  8 56327.11019142 14.926
 170 124.417300  65.321920    43.881    43.913  8 56337.02583142 14.324
 171 124.417223  65.322925    44.074    44.117  8 56346.94146985 13.512
 172 124.418463  65.321787    43.937    43.979  7 56356.85710597 12.780
 173 124.417257  65.319823    43.706    43.692  8 56366.77275408 12.732
 176 124.416885  65.323371    43.922    44.059  7 56396.51969155 12.060
 177 124.415821  65.324954    41.350    41.653  7 56406.43533266 18.652
 178 124.415923  65.324792    88.596    88.572  7 56416.35097044 17.115
 179 124.416524  65.323616    90.193    90.036  7 56426.26660359 13.502
 180 124.416690  65.322444    47.780    47.713  7 56436.18225381 31.450
 181 124.418171  65.322262    46.620    46.658  8 56446.09790573 45.365
 182 124.416766  65.323310    46.202    46.016  7 56456.01355499 26.034
 183 124.416644  65.323109    92.837    92.750  8 56465.92920135 26.110
 184 124.418198  65.321235    45.114    45.311  7 56475.84484411 25.792
 185 124.403888  65.320649    92.662    92.561  4 56485.76048180  5.913
 187 124.421258  65.319823    46.169    46.119  8 56505.59175392 26.947
 188 124.414964  65.323293    46.485    46.507  7 56515.50738606 52.438
 189 124.414267  65.323987    46.061    46.448  7 56525.42304006 23.456
 190 124.417286  65.322329    45.044    44.970  8 56535.33869118 25.615
 192 124.417586  65.319653    90.706    90.718  8 56555.16998257 28.097
 193 124.418247  65.321247    44.647    44.669  8 56565.08562533 23.685
 194 124.415951  65.324140    43.077    43.027  7 56575.00126643 51.756
 195 124.414565  65.325966    42.185    42.196  6 56584.91690475 42.476
 196 124.415360  65.325641    42.323    42.346  7 56594.83254089 32.132
 197 124.417904  65.323383    41.565    41.569  7 56604.74819419 16.415
 198 124.416664  65.322132    42.324    42.368  8 56614.66384227 16.436
 199 124.416179  65.322356    42.635    42.306  7 56624.57948648 15.187
 200 124.417110  65.322897    43.464    43.392  8 56634.49512800 14.041
 201 124.416486  65.323347    43.415    43.473  8 56644.41076483 13.529
 202 124.417398  65.321607    43.719    43.799  8 56654.32641791 12.872
 203 124.416380  65.319710    43.793    43.808  8 56664.24206657 12.771
 205 124.416830  65.319831    43.953    43.932  8 56684.07335744 11.876
 206 124.418790  65.321487    43.922    43.922  8 56693.98900031 12.290
 207 124.415098  65.323238    43.877    43.969  7 56703.90463830 11.783
 208 124.415557  65.322860    44.114    44.129  7 56713.82027146 11.076
 210 124.420751  65.319986    44.202    44.337  8 56733.65157216 11.087
 211 124.418544  65.321665    44.361    44.515  8 56743.56721894 11.233
 212 124.414239  65.324348    44.414    44.249  7 56753.48286114 10.557
 213 124.407893  65.326431    92.329    92.021  3 56763.39849780  2.948
 214 124.416759  65.325174    42.366    42.142  7 56773.31413206 32.101
 215 124.414809  65.323478    90.028    89.421  7 56783.22978945 14.711
 216 124.418900  65.321675    97.747    95.301  8 56793.14544376 13.366
 217 124.417344  65.321520    94.105    94.001  7 56803.06109468 28.513
 218 124.416923  65.321917    93.535    93.661  8 56812.97673775 30.073
 219 124.416431  65.321830    45.800    45.667  8 56822.89237732 26.730
 220 124.428784  65.319740    49.141    49.249  3 56832.80801398  8.551
 221 124.418685  65.320252    44.968    45.269  7 56842.72364502 28.987
 222 124.418337  65.320331    43.873    43.873  8 56852.63928523 51.399
 223 124.417230  65.320899    44.330    44.172  8 56862.55493920 26.088
 224 124.418127  65.321629    44.503    44.391  8 56872.47059276 24.971
 225 124.416980  65.321981    43.693    43.700  8 56882.38624307 46.240
 226 124.418948  65.321407    44.294    44.239  8 56892.30189013 25.113
 227 124.418540  65.320812    44.711    44.715  8 56902.21753390 23.982
 228 124.419748  65.321129    43.736    43.719  8 56912.13317587 53.218
 229 124.417888  65.322579    44.433    44.392  7 56922.04881592 24.048
 230 124.416981  65.324293    44.685    44.624  7 56931.96445380 27.563
 231 124.417111  65.325059    44.487    44.401  7 56941.88008663 27.425
 232 124.412438  65.325039    42.032    42.020  7 56951.79572860 45.825
 233 124.415164  65.323345    41.500    41.522  7 56961.71138008 28.725
 234 124.417398  65.322384    41.518    41.510  7 56971.62702651 22.151
 235 124.415495  65.322609    42.099    42.104  7 56981.54266838 18.781
 236 124.416650  65.322617    42.939    42.917  8 56991.45830607 16.199
 237 124.417917  65.322219    43.389    43.523  8 57001.37393794 15.307
 238 124.417615  65.320848    43.308    43.288  8 57011.28959552 14.865
 239 124.421476  65.319504    43.436    43.356  8 57021.20524766 14.172
 240 124.421275  65.319921    42.648    42.657  8 57031.12089648 14.865
 241 124.418453  65.321093    43.484    43.481  7 57041.03654317 14.016
 242 124.418793  65.321831    43.898    43.991  8 57050.95218807 12.845
 243 124.417105  65.322042    43.156    43.267  7 57060.86782867 12.939
 244 124.417726  65.321910    43.594    43.691  7 57070.78346392 12.521
 245 124.416100  65.322606    43.602    43.546  7 57080.69909459 11.880
 246 124.416011  65.323773    43.658    43.578  7 57090.61473571 11.933
 247 124.414742  65.324851    44.138    44.318  7 57100.53039321 11.387
 248 124.414545  65.325196    44.341    44.556  7 57110.44604772 11.102
 249 124.414635  65.324386    44.275    44.262  7 57120.36169671 10.980
 250 124.415152  65.323027    42.816    42.899  7 57130.27733997 20.689
