# NaN NaN NaN ;Mean Elev.(m), Avg Gradient(m/km), RMS Gradient(m/km) - SRTM1     
#   35.113  -1.169   8.031 ;Mean Elev.(m), Avg Gradient(m/km), RMS Gradient(m/km) - ASTER GDEM
#   29.313  -3.224  12.319 ;Mean Elev.(m), Avg Gradient(m/km), RMS Gradient(m/km) - GMTED2010 
   1 124.780725  64.937261    95.024    94.686  3 54667.13474897 21.110
   2 124.777852  64.938028   121.276   121.192  3 54677.05039323  1.967
   3 124.773379  64.939210   -17.450   -17.475  3 54686.96603602  9.774
   4 124.772913  64.939991    96.213    96.213  2 54696.88167737 28.362
   5 124.773894  64.938898   -11.269   -11.269  2 54706.79731799  9.911
   6 124.779511  64.937467   102.694   103.154  3 54716.71297047 26.309
   7 124.779351  64.935289    -2.626    -3.572  3 54726.62861990 13.393
   8 124.784051  64.935792    95.765    95.459  3 54736.54426826 22.276
   9 124.780005  64.937083    95.447    95.524  3 54746.45991531 23.588
  10 124.774068  64.938053    47.246    47.290  3 54756.37556175 39.319
  11 124.774840  64.937978    46.796    46.975  3 54766.29120705 45.839
  12 124.778099  64.936170    46.024    45.966  3 54776.20684935 29.921
  13 124.781094  64.934459    46.878    46.891  3 54786.12248919 25.391
  14 124.783017  64.934550    46.828    46.790  3 54796.03812773 24.260
  17 124.779133  64.938198    48.562    48.961  3 54825.78504983 17.124
  18 124.775244  64.937383    47.685    46.996  3 54835.70068881 16.214
  19 124.775812  64.937855    46.752    46.780  3 54845.61633853 15.730
  20 124.773582  64.938595    46.533    46.533  2 54855.53198733 15.395
  21 124.772170  64.940002    46.444    46.444  3 54865.44763618 15.357
  22 124.771414  64.940361    46.566    46.566  2 54875.36328464 14.744
  23 124.773997  64.939653    48.192    48.192  2 54885.27893053 14.180
  24 124.778300  64.937942    47.352    46.372  3 54895.19457306 13.505
  25 124.781434  64.936476    46.922    46.746  3 54905.11021282 14.021
  26 124.778904  64.935787    46.764    46.787  3 54915.02585094 13.231
  27 124.781020  64.937022    47.162    47.182  3 54924.94148919 12.060
  28 124.777898  64.937417    46.728    46.626  3 54934.85712617 12.253
  29 124.778765  64.936996    46.214    46.509  3 54944.77276150 27.945
  30 124.781865  64.935329    50.718    50.718  2 54954.68839460 26.946
  31 124.782993  64.934115    95.086    94.895  3 54964.60404084 20.478
  32 124.782707  64.934439    99.342    99.243  4 54974.51968901 20.232
  34 124.778754  64.937675    51.579    51.564  3 54994.35098429 52.719
  36 124.776306  64.938374    50.229    50.229  2 55014.18227474 30.481
  37 124.774161  64.937948    51.045    50.952  3 55024.09791737 24.877
  38 124.774026  64.938629    49.443    49.443  2 55034.01355962 31.189
  39 124.773095  64.939146    50.849    50.849  2 55043.92920105 25.907
  41 124.777439  64.937410    94.120    93.621  3 55063.76047875 20.182
  42 124.779896  64.936141    94.927    94.943  3 55073.67612460 24.711
  43 124.783887  64.935956    49.664    50.144  3 55083.59177303 28.299
  44 124.779493  64.935911    50.782    50.840  3 55093.50741918 25.211
  48 124.781968  64.936179    46.573    46.550  3 55133.16999666 45.016
  49 124.783812  64.935448    45.611    45.555  3 55143.08563553 35.144
  50 124.779571  64.935173    49.261    48.988  3 55153.00127324 27.192
  51 124.781571  64.936488    50.230    50.159  3 55162.91691195 23.858
  52 124.777493  64.936998    49.949    49.769  3 55172.83254972 21.692
  53 124.780457  64.937666    48.612    49.153  3 55182.74818669 20.896
  54 124.775516  64.937599    47.456    46.394  3 55192.66383748 20.447
  55 124.774147  64.938368    46.238    46.230  3 55202.57948742 19.867
  56 124.773257  64.939260    46.234    46.234  2 55212.49513680 19.156
  57 124.771589  64.939356    46.089    46.089  2 55222.41078563 17.944
  58 124.775826  64.938959    46.117    46.131  3 55232.32643364 17.445
  59 124.776671  64.937224    46.069    45.976  3 55242.24207806 17.304
  60 124.782528  64.936601    46.216    46.295  3 55252.15771961 16.680
  61 124.782005  64.936285    46.289    46.317  3 55262.07335833 16.453
  62 124.778400  64.936582    46.121    46.014  3 55271.98899584 16.224
  63 124.780750  64.937237    46.415    46.496  3 55281.90463376 15.831
  64 124.780288  64.936466    48.461    48.361  4 55291.82027014 15.839
  65 124.784339  64.935561    46.736    46.731  3 55301.73590479 15.406
  66 124.781260  64.934505    45.834    45.964  3 55311.65155219 25.899
  67 124.781768  64.934964    46.090    46.064  3 55321.56719770 36.737
  68 124.782777  64.936377    94.187    94.036  3 55331.48284219 19.128
  69 124.781046  64.937547    99.624    99.228  3 55341.39848640 20.340
  71 124.779761  64.937922    97.054    97.204  3 55361.22977233 24.816
  73 124.775241  64.938231    96.873    96.873  2 55381.06105006 13.064
  74 124.775186  64.938963    49.623    49.616  3 55390.97668769 54.004
  75 124.774455  64.938426    48.357    48.357  2 55400.89232393 51.401
  77 124.781155  64.935690    51.080    51.079  3 55420.72362319 24.899
  78 124.781562  64.934703    47.834    47.915  3 55430.63927012 50.214
  79 124.779502  64.935433    94.235    93.957  3 55440.55491461 23.977
  80 124.778842  64.937014    94.391    94.464  3 55450.47055782 22.269
  82 124.778075  64.936413    94.253    94.178  3 55470.30184190 15.376
  83 124.784072  64.935405    50.704    50.710  3 55480.21748088 24.235
  84 124.782157  64.934043    46.019    46.003  3 55490.13311650 39.151
  85 124.781920  64.934505    46.062    46.061  3 55500.04875020 27.247
  86 124.778529  64.935911    47.387    46.559  3 55509.96439141 22.124
  87 124.779298  64.937709    46.467    46.455  3 55519.88004142 18.175
  88 124.778114  64.938135    46.623    46.638  3 55529.79569019 17.789
  89 124.777303  64.937792    46.601    46.608  3 55539.71133721 17.354
  90 124.777743  64.937887    46.418    46.418  2 55549.62698219 16.187
  91 124.775844  64.938603    46.169    46.170  3 55559.54262534 15.147
  92 124.774786  64.939657    47.897    47.897  2 55569.45826776 14.567
  93 124.774264  64.939401    47.257    46.322  3 55579.37390922 14.017
  94 124.775850  64.937375    47.144    46.194  3 55589.28954816 13.687
  95 124.782253  64.935065    47.191    46.189  3 55599.20518446 13.061
  96 124.781861  64.933236    47.644    46.497  3 55609.12081771 13.068
  97 124.785313  64.934331    47.588    46.725  3 55619.03644982 12.241
  98 124.783111  64.936709    46.468    46.464  3 55628.95209825 12.253
  99 124.776658  64.937124    46.413    46.403  3 55638.86774873 11.611
 100 124.779756  64.936498    47.755    46.932  3 55648.78339779 10.854
 101 124.779918  64.934324    47.572    46.918  3 55658.69904338 10.397
 102 124.782969  64.933816    47.307    47.294  3 55668.61468549 10.421
 103 124.780268  64.934762    46.379    45.856  3 55678.53032478 34.462
 104 124.779812  64.937001    47.924    47.410  4 55688.44596245 36.427
 105 124.776354  64.937937    96.632    96.843  3 55698.36159841 16.015
 108 124.778348  64.937284    51.035    51.265  3 55728.10853437 24.075
 109 124.777751  64.938241    50.786    50.944  3 55738.02418118 26.260
 111 124.775763  64.938998    94.976    94.976  2 55757.85546990 28.052
 112 124.779342  64.937529   119.975   119.329  3 55767.77111074  4.970
 114 124.784844  64.933814    97.896    95.956  3 55787.60238352 26.488
 115 124.782851  64.934228    50.954    50.991  3 55797.51801688 25.365
 116 124.781289  64.936070    93.959    93.788  3 55807.43366009 26.456
 118 124.779682  64.936383    51.102    51.149  3 55827.26495451 21.761
 119 124.780734  64.934526    47.950    47.815  3 55837.18059559 50.561
 120 124.785570  64.933812    46.978    46.950  3 55847.09623392 45.564
 121 124.781272  64.934247    46.673    46.499  3 55857.01186908 43.337
 122 124.778673  64.936516    46.700    46.741  3 55866.92751313 37.756
 123 124.776820  64.938640    47.597    46.558  3 55876.84316531 22.473
 133 124.781238  64.934906    50.431    50.019  3 55975.99959678 13.328
 134 124.780748  64.936435    49.607    49.594  3 55985.91523308 12.984
 135 124.779581  64.936810    48.669    49.337  3 55995.83086880 13.014
 136 124.778216  64.936021    49.245    49.874  3 56005.74652039 12.409
 137 124.780587  64.934795    47.758    47.236  3 56015.66216831 12.346
 139 124.780879  64.936037    48.380    48.380  2 56035.49345629 11.396
 141 124.776168  64.938741    91.288    91.288  2 56055.32473529 22.607
 142 124.773993  64.938092   113.033   113.033  2 56065.24036932  2.204
 143 124.775339  64.937557    99.429    99.379  3 56075.15601466 28.316
 145 124.778882  64.938294    50.310    50.294  3 56094.98731153 53.416
 146 124.777114  64.938213    96.914    96.892  3 56104.90295627 27.560
 149 124.782102  64.935035    99.562    91.095  3 56134.64985935 13.052
 151 124.782493  64.935450    48.147    48.161  3 56154.48115020 41.098
 152 124.781643  64.936718    95.612    95.459  3 56164.39679926 29.320
 153 124.778203  64.936956    93.359    93.505  3 56174.31244589 11.807
 154 124.779117  64.936591    95.684    95.854  3 56184.22808775 26.090
 155 124.783884  64.936044    95.958    96.066  3 56194.14372616 20.103
 156 124.782177  64.935328    95.040    95.020  3 56204.05936111 23.925
 157 124.783828  64.936346   105.924   105.924  2 56213.97499490  4.137
 158 124.781472  64.937573    47.264    47.178  3 56223.89062952 44.959
 159 124.776281  64.938466    46.544    46.494  3 56233.80628508 38.066
 160 124.774289  64.938503    46.293    46.293  2 56243.72193689 27.116
 161 124.775657  64.938248    46.739    46.701  3 56253.63758423 29.100
 162 124.776731  64.938163    46.761    46.762  3 56263.55322722 26.598
 164 124.777321  64.937975    48.111    48.111  2 56283.38451181 19.960
 165 124.780211  64.937588    46.741    46.817  3 56293.30016365 18.787
 166 124.782207  64.936496    47.535    46.561  3 56303.21581095 18.688
 167 124.783489  64.935915    47.847    46.446  3 56313.13145409 17.167
 168 124.780912  64.935970    46.437    46.419  3 56323.04709476 16.769
 169 124.778293  64.936596    46.284    46.236  3 56332.96273484 16.632
 170 124.779794  64.937022    47.064    46.804  3 56342.87837479 15.110
 171 124.778209  64.936084    46.656    46.622  3 56352.79401206 14.508
 172 124.782448  64.935756    48.035    46.736  3 56362.70965405 14.158
 173 124.778983  64.935495    48.076    46.891  3 56372.62530283 13.965
 175 124.777799  64.938376    46.997    46.928  3 56392.45659370 12.862
 176 124.774409  64.938741    48.716    48.716  2 56402.37223613 25.123
 177 124.774101  64.938612    89.872    90.048  3 56412.28787600 24.223
 178 124.776488  64.937997    91.272    91.912  3 56422.20351110 11.571
 179 124.776852  64.937798   100.087   100.585  3 56432.11915221 17.990
 180 124.775882  64.938433    96.980    96.816  3 56442.03480478 29.090
 181 124.773887  64.938743    50.980    50.863  3 56451.95045469 27.518
 182 124.776499  64.938396    50.404    50.404  2 56461.86610252 29.075
 184 124.781461  64.935795    50.695    50.450  3 56481.69738794 26.120
 185 124.781071  64.935324    50.796    50.872  3 56491.61302495 28.540
 187 124.778822  64.936337    97.326    97.336  3 56511.44429251 31.505
 188 124.777410  64.936348    97.626    97.608  3 56521.35993794 30.117
 192 124.777022  64.937195    94.803    94.917  3 56561.02252806 26.552
 193 124.776318  64.938941    94.047    93.667  3 56570.93816975 24.259
 194 124.773286  64.939381    46.722    46.722  2 56580.85380962 40.937
 195 124.776145  64.938637    46.650    46.650  2 56590.76944582 27.677
 196 124.778290  64.937773    46.234    46.229  3 56600.68509354 18.127
 197 124.779751  64.937772    46.654    46.602  3 56610.60074382 17.308
 198 124.776866  64.938380    46.542    46.578  3 56620.51638908 14.872
 199 124.773143  64.938681    46.615    46.634  3 56630.43203118 13.584
 200 124.774941  64.938033    47.616    46.728  3 56640.34767014 13.660
 201 124.781832  64.936751    46.612    46.597  3 56650.26331731 13.913
 202 124.783444  64.935168    46.757    46.760  3 56660.17896812 13.410
 203 124.782164  64.935046    49.552    49.552  2 56670.09461517 12.847
 205 124.778669  64.938419    47.515    46.570  3 56689.92590323 12.322
 206 124.776315  64.937917    47.419    46.641  3 56699.84154311 11.531
 207 124.781365  64.936578    46.761    46.630  3 56709.75717892 11.850
 208 124.782171  64.935415    46.780    46.754  3 56719.67281990 11.878
 209 124.779936  64.936084    47.055    47.162  3 56729.58847196 11.833
 211 124.773420  64.940058    47.369    47.369  2 56749.41976434 10.435
 212 124.772643  64.940190    48.818    48.818  2 56759.33540390 23.405
 213 124.773518  64.938566    49.215    49.173  3 56769.25103720 32.295
 214 124.775982  64.937539    49.273    49.293  3 56779.16668673 27.291
 215 124.775382  64.937481    96.139    96.834  3 56789.08234228  6.120
 216 124.775791  64.938688    97.729    97.856  3 56798.99799458 25.062
 217 124.772801  64.939417    96.470    96.311  3 56808.91364042 25.037
 219 124.777895  64.937230    96.313    96.433  3 56828.74491806 30.889
 220 124.782637  64.935117    50.819    50.872  3 56838.66055198 28.078
 221 124.783632  64.934323    48.299    48.246  3 56848.57618320 55.538
 223 124.776408  64.938034    47.851    47.851  2 56868.40749093 52.367
 224 124.775271  64.938677    47.894    47.950  3 56878.32314241 43.405
 225 124.777338  64.937984    50.554    50.554  2 56888.23879079 24.107
 227 124.781903  64.937528    47.629    47.630  3 56908.07007967 54.614
 228 124.774411  64.938552   102.041   102.041  2 56917.98571999 22.931
 230 124.769721  64.940114    48.043    48.043  2 56937.81699344 46.677
 231 124.773406  64.938624    46.697    46.697  2 56947.73262592 44.586
 232 124.776781  64.937455    45.770    45.779  3 56957.64827973 36.903
 233 124.778264  64.937025    45.598    45.625  3 56967.56392807 22.106
 234 124.777665  64.937733    46.214    46.176  3 56977.47957229 19.154
 235 124.774775  64.938272    46.523    46.572  3 56987.39521181 16.085
 236 124.776200  64.937735    46.570    46.488  3 56997.31084568 15.485
 237 124.778439  64.936327    48.233    48.717  3 57007.22649255 14.628
 238 124.781593  64.935199    46.742    46.592  3 57017.14214656 14.280
 239 124.781036  64.935047    46.963    46.936  3 57027.05779671 13.882
 240 124.780110  64.936766    46.705    46.736  3 57036.97344508 13.303
 241 124.778390  64.938326    46.704    46.739  3 57046.88909077 12.945
 242 124.775972  64.938445    46.874    46.879  3 57056.80473271 12.442
 243 124.778453  64.937418    46.842    46.795  3 57066.72036963 12.296
 244 124.778949  64.936307    47.143    47.100  3 57076.63600200 11.864
 245 124.781086  64.936339    47.234    47.208  3 57086.55163190 11.766
 246 124.775977  64.938146    47.046    47.069  3 57096.46729048 11.497
 247 124.772070  64.939811    49.758    50.138  3 57106.38294636 13.591
 248 124.771742  64.940329    48.183    48.183  2 57116.29859776 10.920
 249 124.774186  64.939413    49.005    49.005  2 57126.21424306 11.614
 250 124.777139  64.938096    48.849    48.849  2 57136.12988301 22.944
