# NaN NaN NaN ;Mean Elev.(m), Avg Gradient(m/km), RMS Gradient(m/km) - SRTM1     
#   18.556  -0.953   4.136 ;Mean Elev.(m), Avg Gradient(m/km), RMS Gradient(m/km) - ASTER GDEM
#   26.213  -1.701  11.036 ;Mean Elev.(m), Avg Gradient(m/km), RMS Gradient(m/km) - GMTED2010 
   2    38.207 54670.18203258 29.75 124.151366  66.002078 25.587 -100.00 -100.00 -100.00
   2    38.205 54670.18203317 27.23 124.157776  66.001788 19.465 -100.00 -100.00 -100.00
   2    38.017 54670.18203376 27.61 124.164186  66.001497 21.023 -100.00 -100.00 -100.00
   2    37.648 54670.18203435 31.62 124.170596  66.001206   -100 -100.00 -100.00 -100.00
   3    -8.185 54680.09767636 23.07 124.149084  66.002946 10.712 -100.00 -100.00 -100.00
   3    -6.301 54680.09767695 26.83 124.155494  66.002655 20.219 -100.00 -100.00 -100.00
   3    -7.358 54680.09767754 19.69 124.161905  66.002365  7.195 -100.00 -100.00 -100.00
   3    -8.528 54680.09767813 16.71 124.168315  66.002074  3.736 -100.00 -100.00 -100.00
   6    42.131 54709.84460620 23.24 124.162712  66.002985 12.231 -100.00 -100.00 -100.00
   6    38.494 54709.84460679 24.80 124.169122  66.002694 15.664 -100.00 -100.00 -100.00
   7    -4.445 54719.76025671 13.49 124.152829  66.001617  2.162 -100.00 -100.00 -100.00
   7    -3.934 54719.76025730 13.62 124.159239  66.001326  2.414 -100.00 -100.00 -100.00
   7    -3.349 54719.76025789 13.37 124.165648  66.001036  2.334 -100.00 -100.00 -100.00
   7    -3.469 54719.76025848 13.25 124.172057  66.000745  2.576 -100.00 -100.00 -100.00
   8    41.055 54729.67590557 57.47 124.153584  65.999786 32.099 -100.00 -100.00 -100.00
   8    41.055 54729.67590616 55.01 124.159993  65.999496 30.626 -100.00 -100.00 -100.00
   8    41.049 54729.67590675 57.36 124.166402  65.999205   -100 -100.00 -100.00 -100.00
   8    41.076 54729.67590734 57.27 124.172810  65.998914   -100 -100.00 -100.00 -100.00
   8    41.071 54729.67590793 55.15 124.179218  65.998623   -100 -100.00 -100.00 -100.00
   9    38.681 54739.59155308 53.88 124.157342  65.999114  0.634 -100.00 -100.00 -100.00
   9    38.746 54739.59155367 54.19 124.163750  65.998823   -100 -100.00 -100.00 -100.00
   9    38.642 54739.59155426 56.08 124.170159  65.998532 25.569 -100.00 -100.00 -100.00
   9    38.614 54739.59155485 53.97 124.176567  65.998241   -100 -100.00 -100.00 -100.00
   9    38.585 54739.59155544 57.30 124.182975  65.997949   -100 -100.00 -100.00 -100.00
  10    37.780 54749.50719984 36.27 124.153502  65.999760 24.114 -100.00 -100.00 -100.00
  10    37.286 54749.50720043 35.18 124.159911  65.999469 27.302 -100.00 -100.00 -100.00
  10    37.646 54749.50720102 32.34 124.166320  65.999178 18.037 -100.00 -100.00 -100.00
  10    37.535 54749.50720161 31.88 124.172729  65.998887 16.986 -100.00 -100.00 -100.00
  10    37.755 54749.50720220 33.50 124.179138  65.998595 21.731 -100.00 -100.00 -100.00
  11    36.461 54759.42284685 46.21 124.154752  66.000353  5.670 -100.00 -100.00 -100.00
  11    36.557 54759.42284744 45.16 124.161162  66.000062   -100 -100.00 -100.00 -100.00
  11    36.596 54759.42284803 47.22 124.167571  65.999771 13.359 -100.00 -100.00 -100.00
  11    36.685 54759.42284862 45.65 124.173980  65.999480  5.307 -100.00 -100.00 -100.00
  11    36.710 54759.42284921 40.37 124.180389  65.999188   -100 -100.00 -100.00 -100.00
  12    35.939 54769.33849124 38.48 124.152638  66.000442   -100 -100.00 -100.00 -100.00
  12    36.283 54769.33849183 39.79 124.159047  66.000152 30.036 -100.00 -100.00 -100.00
  12    36.024 54769.33849242 40.90 124.165457  65.999861   -100 -100.00 -100.00 -100.00
  12    35.714 54769.33849301 37.28 124.171867  65.999569   -100 -100.00 -100.00 -100.00
  12    35.608 54769.33849360 36.78 124.178276  65.999278   -100 -100.00 -100.00 -100.00
  13    36.377 54779.25413236 27.20 124.151379  65.999709 17.108 -100.00 -100.00 -100.00
  13    36.564 54779.25413295 29.19 124.157789  65.999419 23.496 -100.00 -100.00 -100.00
  13    36.588 54779.25413354 29.81 124.164199  65.999128 22.456 -100.00 -100.00 -100.00
  13    36.638 54779.25413413 29.23 124.170608  65.998837 23.820 -100.00 -100.00 -100.00
  13    36.377 54779.25413472 29.91 124.177018  65.998545 25.823 -100.00 -100.00 -100.00
  13    36.449 54779.25413531 28.48 124.183427  65.998254 22.288 -100.00 -100.00 -100.00
  14    36.416 54789.16977119 20.80 124.152161  65.998699  9.577 -100.00 -100.00 -100.00
  14    36.372 54789.16977178 20.90 124.158571  65.998408 10.187 -100.00 -100.00 -100.00
  14    36.518 54789.16977237 21.61 124.164980  65.998117 10.871 -100.00 -100.00 -100.00
  14    36.310 54789.16977296 22.07 124.171390  65.997826 12.461 -100.00 -100.00 -100.00
  14    36.090 54789.16977355 24.57 124.177799  65.997535 18.508 -100.00 -100.00 -100.00
  14    36.265 54789.16977414 21.36 124.184208  65.997243 11.108 -100.00 -100.00 -100.00
  15    36.522 54799.08540918 18.86 124.155164  65.998561  7.690 -100.00 -100.00 -100.00
  15    36.365 54799.08540977 19.20 124.161574  65.998271  8.630 -100.00 -100.00 -100.00
  15    36.619 54799.08541036 19.36 124.167983  65.997980  9.113 -100.00 -100.00 -100.00
  15    36.599 54799.08541095 18.81 124.174392  65.997689  8.255 -100.00 -100.00 -100.00
  15    36.504 54799.08541154 17.57 124.180802  65.997397  6.543 -100.00 -100.00 -100.00
  15    36.424 54799.08541213 17.96 124.187211  65.997105  7.395 -100.00 -100.00 -100.00
  17    39.944 54818.91668376 15.35 124.149729  66.001536  6.156 -100.00 -100.00 -100.00
  17    38.389 54818.91668435 15.13 124.156140  66.001246  5.362 -100.00 -100.00 -100.00
  17    37.592 54818.91668494 15.08 124.162550  66.000956  5.198 -100.00 -100.00 -100.00
  17    37.509 54818.91668553 15.58 124.168959  66.000665  5.514 -100.00 -100.00 -100.00
  17    37.246 54818.91668612 15.46 124.175369  66.000374  6.079 -100.00 -100.00 -100.00
  18    38.356 54828.83233573 14.95 124.147791  66.002315  5.373 -100.00 -100.00 -100.00
  18    38.194 54828.83233632 14.65 124.154201  66.002025  4.988 -100.00 -100.00 -100.00
  18    37.644 54828.83233691 15.27 124.160611  66.001735  5.931 -100.00 -100.00 -100.00
  18    37.906 54828.83233750 14.31 124.167021  66.001444  4.667 -100.00 -100.00 -100.00
  18    37.459 54828.83233809 14.81 124.173430  66.001153  5.634 -100.00 -100.00 -100.00
  19    38.368 54838.74797469 14.97 124.148702  66.002321  6.332 -100.00 -100.00 -100.00
  19    38.315 54838.74797528 13.95 124.155112  66.002030  4.580 -100.00 -100.00 -100.00
  19    38.422 54838.74797587 13.67 124.161522  66.001740  4.918 -100.00 -100.00 -100.00
  19    37.749 54838.74797646 13.96 124.167932  66.001449  4.960 -100.00 -100.00 -100.00
  19    37.697 54838.74797705 13.65 124.174341  66.001158  4.521 -100.00 -100.00 -100.00
  20    38.206 54848.66362400 14.29 124.150303  66.002433  5.842 -100.00 -100.00 -100.00
  20    38.099 54848.66362459 14.24 124.156713  66.002143  6.241 -100.00 -100.00 -100.00
  20    37.851 54848.66362518 14.11 124.163122  66.001852  5.990 -100.00 -100.00 -100.00
  20    38.746 54848.66362577 13.77 124.169532  66.001561  5.312 -100.00 -100.00 -100.00
  21    38.724 54858.57927248 12.86 124.148664  66.003106  4.626 -100.00 -100.00 -100.00
  21    39.675 54858.57927307 12.75 124.155074  66.002815  4.525 -100.00 -100.00 -100.00
  21    39.052 54858.57927366 12.88 124.161484  66.002525  5.164 -100.00 -100.00 -100.00
  21    38.810 54858.57927425 13.09 124.167893  66.002233  5.002 -100.00 -100.00 -100.00
  22    39.182 54868.49492281 12.47 124.165868  66.002995  4.126 -100.00 -100.00 -100.00
  22    38.034 54868.49492340 12.60 124.172278  66.002704  4.488 -100.00 -100.00 -100.00
  23    38.225 54878.41056979 13.24 124.155513  66.003069  6.272 -100.00 -100.00 -100.00
  23    39.308 54878.41057038 13.70 124.161923  66.002778  6.688 -100.00 -100.00 -100.00
  23    37.813 54878.41057097 12.05 124.168333  66.002487  4.768 -100.00 -100.00 -100.00
  24    40.094 54888.32621432 12.74 124.151953  66.001778  5.190 -100.00 -100.00 -100.00
  24    39.460 54888.32621491 12.69 124.158363  66.001487  5.771 -100.00 -100.00 -100.00
  24    38.544 54888.32621550 12.25 124.164773  66.001196  5.148 -100.00 -100.00 -100.00
  24    39.181 54888.32621609 11.28 124.171183  66.000905  3.660 -100.00 -100.00 -100.00
  25    40.222 54898.24185609 11.91 124.153986  65.999844  4.046 -100.00 -100.00 -100.00
  25    38.825 54898.24185668 11.84 124.160396  65.999553  4.835 -100.00 -100.00 -100.00
  25    39.099 54898.24185727 11.40 124.166805  65.999262  3.649 -100.00 -100.00 -100.00
  25    38.254 54898.24185787 12.77 124.173214  65.998970  6.154 -100.00 -100.00 -100.00
  25    38.469 54898.24185846 11.23 124.179624  65.998679  3.810 -100.00 -100.00 -100.00
  26    40.805 54908.15749508 11.77 124.153370  65.999130  4.858 -100.00 -100.00 -100.00
  26    40.203 54908.15749567 12.04 124.159779  65.998839  4.576 -100.00 -100.00 -100.00
  26    39.764 54908.15749626 11.29 124.166189  65.998548  3.633 -100.00 -100.00 -100.00
  26    39.159 54908.15749685 11.31 124.172598  65.998257  3.657 -100.00 -100.00 -100.00
  26    38.775 54908.15749744 11.41 124.179007  65.997965  3.416 -100.00 -100.00 -100.00
  26    38.316 54908.15749803 11.44 124.185416  65.997673  3.359 -100.00 -100.00 -100.00
  27    40.138 54918.07313310 11.82 124.156018  65.999548  4.175 -100.00 -100.00 -100.00
  27    39.756 54918.07313369 11.93 124.162427  65.999257  4.766 -100.00 -100.00 -100.00
  27    39.407 54918.07313428 11.50 124.168837  65.998966  3.643 -100.00 -100.00 -100.00
  27    39.185 54918.07313487 11.45 124.175246  65.998674  3.356 -100.00 -100.00 -100.00
  27    38.080 54918.07313546 12.21 124.181655  65.998383  4.420 -100.00 -100.00 -100.00
  28    41.693 54927.98877062 10.95 124.154839  66.000392  3.350 -100.00 -100.00 -100.00
  28    42.040 54927.98877121 11.15 124.161248  66.000101  3.299 -100.00 -100.00 -100.00
  28    40.530 54927.98877180 11.01 124.167658  65.999810  3.638 -100.00 -100.00 -100.00
  28    40.601 54927.98877239 11.00 124.174067  65.999519  3.987 -100.00 -100.00 -100.00
  28    38.561 54927.98877298 11.66 124.180476  65.999227  4.699 -100.00 -100.00 -100.00
  29    38.834 54937.90440727 10.60 124.151450  66.000526  3.939 -100.00 -100.00 -100.00
  29    38.730 54937.90440786 11.31 124.157859  66.000236  5.205 -100.00 -100.00 -100.00
  29    39.298 54937.90440845 10.72 124.164268  65.999945  4.176 -100.00 -100.00 -100.00
  29    38.871 54937.90440904 11.08 124.170677  65.999654  4.891 -100.00 -100.00 -100.00
  29    38.392 54937.90440963 10.62 124.177086  65.999363  3.766 -100.00 -100.00 -100.00
  30    38.328 54947.82004264 31.85 124.152899  65.999805 19.804  254.42  247.26  229.23
  30    35.047 54947.82004323 36.17 124.159308  65.999515   -100  254.42  247.26  229.23
  30    35.290 54947.82004382 32.49 124.165716  65.999224 28.048  254.42  247.26  229.23
  30    37.889 54947.82004441 31.57 124.172125  65.998934 22.343  254.42  247.26  229.23
  30    38.017 54947.82004500 30.83 124.178533  65.998642 19.010  254.42  247.26  229.23
  30    38.027 54947.82004559 34.46 124.184942  65.998351 30.423 -100.00 -100.00 -100.00
  31    39.928 54957.73567832 29.83 124.157107  65.998864 17.560 -100.00 -100.00 -100.00
  31    40.079 54957.73567891 28.60 124.163515  65.998573 12.235 -100.00 -100.00 -100.00
  31    39.696 54957.73567950 29.00 124.169924  65.998283 14.138 -100.00 -100.00 -100.00
  31    37.826 54957.73568009 30.34 124.176332  65.997992 17.014 -100.00 -100.00 -100.00
  31    37.644 54957.73568068 29.97 124.182740  65.997701 16.475 -100.00 -100.00 -100.00
  32    38.464 54967.65132652 37.08 124.153594  65.998926   -100 -100.00 -100.00 -100.00
  32    38.482 54967.65132711 36.83 124.160002  65.998636   -100 -100.00 -100.00 -100.00
  32    38.561 54967.65132770 38.37 124.166410  65.998345   -100 -100.00 -100.00 -100.00
  32    38.755 54967.65132829 33.40 124.172818  65.998054 24.351 -100.00 -100.00 -100.00
  32    38.545 54967.65132888 34.12 124.179226  65.997763 30.123 -100.00 -100.00 -100.00
  32    38.848 54967.65132947 32.42 124.185634  65.997472 23.420 -100.00 -100.00 -100.00
  33    43.484 54977.56697380 39.66 124.151695  65.999783 24.919 -100.00 -100.00 -100.00
  33    43.462 54977.56697439 39.45 124.158104  65.999493 24.677 -100.00 -100.00 -100.00
  33    43.277 54977.56697498 38.16 124.164512  65.999202 20.951 -100.00 -100.00 -100.00
  33    43.301 54977.56697557 40.41 124.170920  65.998911 28.948 -100.00 -100.00 -100.00
  33    43.662 54977.56697616 44.94 124.177329  65.998620   -100 -100.00 -100.00 -100.00
  33    43.786 54977.56697676 45.13 124.183737  65.998329 30.223 -100.00 -100.00 -100.00
  34    41.393 54987.48262165 24.52 124.155690  66.000559 10.285 -100.00 -100.00 -100.00
  34    42.040 54987.48262224 24.39 124.162099  66.000268  9.765 -100.00 -100.00 -100.00
  34    42.191 54987.48262283 24.30 124.168508  65.999977 10.554 -100.00 -100.00 -100.00
  34    42.273 54987.48262342 24.23 124.174917  65.999686 11.227 -100.00 -100.00 -100.00
  35    42.239 54997.39826901 29.60 124.152617  66.001232  9.320 -100.00 -100.00 -100.00
  35    42.023 54997.39826961 30.11 124.159027  66.000942 11.197 -100.00 -100.00 -100.00
  35    42.158 54997.39827020 29.09 124.165436  66.000651  9.432 -100.00 -100.00 -100.00
  35    42.468 54997.39827079 29.44 124.171845  66.000360  9.722 -100.00 -100.00 -100.00
  35    42.256 54997.39827138 36.24 124.178254  66.000069 29.723 -100.00 -100.00 -100.00
  36    41.037 55007.31391478 24.42 124.150976  66.001580  8.646 -100.00 -100.00 -100.00
  36    40.970 55007.31391537 24.46 124.157385  66.001290  8.813 -100.00 -100.00 -100.00
  36    40.885 55007.31391596 22.89 124.163795  66.000999  7.287 -100.00 -100.00 -100.00
  36    42.133 55007.31391655 22.55 124.170204  66.000708  7.441 -100.00 -100.00 -100.00
  36    40.893 55007.31391714 23.11 124.176614  66.000417  8.125 -100.00 -100.00 -100.00
  37    42.710 55017.22955855 25.05 124.150364  66.001972 14.788 -100.00 -100.00 -100.00
  37    39.461 55017.22955914 27.07 124.156774  66.001681 20.877 -100.00 -100.00 -100.00
  37    39.923 55017.22955973 24.48 124.163184  66.001390 14.361 -100.00 -100.00 -100.00
  37    40.185 55017.22956032 20.95 124.169594  66.001099  7.123 -100.00 -100.00 -100.00
  38    42.648 55027.14520096 30.60 124.150307  66.002726   -100 -100.00 -100.00 -100.00
  38    38.350 55027.14520155 27.36 124.156717  66.002435 21.736 -100.00 -100.00 -100.00
  38    38.574 55027.14520214 26.03 124.163127  66.002144 18.274 -100.00 -100.00 -100.00
  38    38.218 55027.14520273 28.13 124.169537  66.001853 29.665 -100.00 -100.00 -100.00
  39    38.850 55037.06084428 53.31 124.165223  66.003112   -100 -100.00 -100.00 -100.00
  39    38.763 55037.06084487 56.49 124.171633  66.002820   -100 -100.00 -100.00 -100.00
  41    38.195 55056.89212336 28.76 124.153870  66.003002 21.903 -100.00 -100.00 -100.00
  41    38.028 55056.89212395 29.35 124.160280  66.002712 26.917 -100.00 -100.00 -100.00
  41    37.886 55056.89212454 29.62 124.166690  66.002421 29.564 -100.00 -100.00 -100.00
  41    38.161 55056.89212513 28.52 124.173100  66.002130 21.624 -100.00 -100.00 -100.00
  42    38.196 55066.80776021 28.52 124.154568  66.000918 27.754 -100.00 -100.00 -100.00
  42    38.241 55066.80776080 27.34 124.160977  66.000628 25.775 -100.00 -100.00 -100.00
  42    38.026 55066.80776139 27.41 124.167386  66.000337 22.205 -100.00 -100.00 -100.00
  42    37.720 55066.80776198 29.42 124.173795  66.000046 30.314 -100.00 -100.00 -100.00
  43    38.438 55076.72341067 27.82 124.155963  65.999140 17.967 -100.00 -100.00 -100.00
  43    38.299 55076.72341126 26.39 124.162372  65.998849 17.231 -100.00 -100.00 -100.00
  43    37.907 55076.72341185 28.56 124.168780  65.998558 25.284 -100.00 -100.00 -100.00
  43    37.928 55076.72341244 30.41 124.175189  65.998267   -100 -100.00 -100.00 -100.00
  43    38.133 55076.72341303 31.13 124.181597  65.997976   -100 -100.00 -100.00 -100.00
  44    38.630 55086.63905835 28.89 124.154741  65.998977 19.577 -100.00 -100.00 -100.00
  44    38.594 55086.63905894 27.85 124.161149  65.998687 17.930 -100.00 -100.00 -100.00
  44    38.049 55086.63905953 30.60 124.167558  65.998396 28.293 -100.00 -100.00 -100.00
  44    37.885 55086.63906012 32.44 124.173966  65.998104   -100 -100.00 -100.00 -100.00
  44    37.680 55086.63906071 33.24 124.180374  65.997813   -100 -100.00 -100.00 -100.00
  44    37.803 55086.63906130 32.03 124.186782  65.997521 30.795 -100.00 -100.00 -100.00
  45    38.211 55096.55470423 34.44 124.152322  66.000045   -100 -100.00 -100.00 -100.00
  45    38.364 55096.55470482 30.41 124.158730  65.999754 29.063 -100.00 -100.00 -100.00
  45    38.088 55096.55470541 29.81 124.165139  65.999463 29.952 -100.00 -100.00 -100.00
  45    38.221 55096.55470600 28.06 124.171548  65.999172 22.955 -100.00 -100.00 -100.00
  45    38.167 55096.55470659 28.48 124.177956  65.998881 24.321 -100.00 -100.00 -100.00
  45    38.229 55096.55470718 31.00 124.184365  65.998589 29.773 -100.00 -100.00 -100.00
  46    38.044 55106.47034999 46.45 124.152301  66.000819 10.253  233.07  233.10  238.60
  46    38.010 55106.47035058 38.96 124.158711  66.000528   -100  233.07  233.10  238.60
  46    38.272 55106.47035117 37.26 124.165120  66.000237   -100  233.07  233.10  238.60
  46    38.168 55106.47035176 40.77 124.171529  65.999946   -100  233.07  233.10  238.60
  46    38.128 55106.47035235 45.00 124.177938  65.999654  9.264  233.07  233.10  238.60
  47    38.042 55116.38599571 52.31 124.156151  66.000217   -100 -100.00 -100.00 -100.00
  47    37.921 55116.38599630 55.09 124.162560  65.999926   -100 -100.00 -100.00 -100.00
  47    37.827 55116.38599689 55.34 124.168970  65.999635   -100 -100.00 -100.00 -100.00
  47    37.800 55116.38599748 57.74 124.175379  65.999344   -100 -100.00 -100.00 -100.00
  47    37.777 55116.38599807 57.51 124.181788  65.999052   -100 -100.00 -100.00 -100.00
  48    36.971 55126.30163839 46.27 124.152112  65.999042   -100 -100.00 -100.00 -100.00
  48    37.200 55126.30163898 45.09 124.158521  65.998751   -100 -100.00 -100.00 -100.00
  48    37.080 55126.30163957 47.36 124.164930  65.998460  9.652 -100.00 -100.00 -100.00
  48    37.037 55126.30164016 49.54 124.171340  65.998169 30.158 -100.00 -100.00 -100.00
  48    37.024 55126.30164076 53.46 124.177749  65.997878   -100 -100.00 -100.00 -100.00
  48    37.025 55126.30164135 47.81 124.184157  65.997586 15.812 -100.00 -100.00 -100.00
  49    36.145 55136.21727931 41.61 124.155429  65.997927   -100 -100.00 -100.00 -100.00
  49    35.953 55136.21727990 42.03 124.161838  65.997637   -100 -100.00 -100.00 -100.00
  49    35.882 55136.21728049 44.19 124.168248  65.997346  5.638 -100.00 -100.00 -100.00
  49    35.815 55136.21728108 42.17 124.174657  65.997054   -100 -100.00 -100.00 -100.00
  49    35.940 55136.21728167 40.64 124.181066  65.996763   -100 -100.00 -100.00 -100.00
  49    35.718 55136.21728226 37.04 124.187474  65.996471   -100 -100.00 -100.00 -100.00
  50    35.806 55146.13291786 39.27 124.155341  65.998206   -100 -100.00 -100.00 -100.00
  50    35.441 55146.13291845 37.33 124.161751  65.997915   -100 -100.00 -100.00 -100.00
  50    35.512 55146.13291904 35.18 124.168160  65.997624 26.793 -100.00 -100.00 -100.00
  50    35.761 55146.13291963 33.96 124.174569  65.997333 20.623 -100.00 -100.00 -100.00
  50    35.617 55146.13292022 34.14 124.180978  65.997041 22.375 -100.00 -100.00 -100.00
  50    35.502 55146.13292081 33.92 124.187387  65.996749 21.583 -100.00 -100.00 -100.00
  51    35.846 55156.04855541 28.09 124.152404  65.999925 13.747 -100.00 -100.00 -100.00
  51    36.145 55156.04855600 28.60 124.158814  65.999634 14.251 -100.00 -100.00 -100.00
  51    36.171 55156.04855659 27.53 124.165224  65.999344 11.870 -100.00 -100.00 -100.00
  51    35.763 55156.04855718 27.43 124.171633  65.999053 12.311 -100.00 -100.00 -100.00
  51    35.822 55156.04855777 25.51 124.178043  65.998761  8.402 -100.00 -100.00 -100.00
  51    35.722 55156.04855836 26.30 124.184452  65.998470 10.114 -100.00 -100.00 -100.00
  52    36.121 55165.96419340 24.91 124.152755  66.001300  9.777 -100.00 -100.00 -100.00
  52    36.798 55165.96419399 25.07 124.159165  66.001009  9.186 -100.00 -100.00 -100.00
  52    36.805 55165.96419458 23.92 124.165575  66.000719  7.295 -100.00 -100.00 -100.00
  52    35.971 55165.96419517 24.69 124.171985  66.000428  9.071 -100.00 -100.00 -100.00
  53    38.411 55175.87983078 22.52 124.149167  66.002215  7.043 -100.00 -100.00 -100.00
  53    37.807 55175.87983137 22.27 124.155577  66.001925  6.672 -100.00 -100.00 -100.00
  53    37.412 55175.87983196 23.17 124.161987  66.001635  8.835 -100.00 -100.00 -100.00
  53    36.173 55175.87983255 23.19 124.168397  66.001344  9.012 -100.00 -100.00 -100.00
  53    36.201 55175.87983314 23.44 124.174807  66.001053  8.769 -100.00 -100.00 -100.00
  54    37.914 55185.79547231 21.21 124.148308  66.001927  6.964 -100.00 -100.00 -100.00
  54    38.464 55185.79547290 20.28 124.154717  66.001637  5.665 -100.00 -100.00 -100.00
  54    37.728 55185.79547349 20.44 124.161127  66.001347  5.655 -100.00 -100.00 -100.00
  54    37.186 55185.79547408 21.12 124.167537  66.001056  6.681 -100.00 -100.00 -100.00
  54    37.412 55185.79547467 20.40 124.173946  66.000765  6.059 -100.00 -100.00 -100.00
  55    38.319 55195.71112395 20.27 124.154345  66.001535  5.633 -100.00 -100.00 -100.00
  55    37.355 55195.71112454 20.70 124.160754  66.001245  7.173 -100.00 -100.00 -100.00
  55    37.050 55195.71112513 20.66 124.167164  66.000954  6.320 -100.00 -100.00 -100.00
  55    37.183 55195.71112572 20.49 124.173573  66.000663  6.875 -100.00 -100.00 -100.00
  56    38.092 55205.62677363 19.13 124.153232  66.002342  5.787 -100.00 -100.00 -100.00
  56    38.086 55205.62677422 19.10 124.159642  66.002051  6.122 -100.00 -100.00 -100.00
  56    38.381 55205.62677481 19.04 124.166051  66.001760  5.563 -100.00 -100.00 -100.00
  56    37.286 55205.62677540 19.61 124.172461  66.001469  7.058 -100.00 -100.00 -100.00
  57    37.850 55215.54242368 18.19 124.163263  66.003189  5.157 -100.00 -100.00 -100.00
  57    37.775 55215.54242427 18.96 124.169673  66.002898  7.040 -100.00 -100.00 -100.00
  59    38.224 55235.37371750 16.77 124.149117  66.002510  5.286 -100.00 -100.00 -100.00
  59    37.901 55235.37371809 16.27 124.155528  66.002220  5.116 -100.00 -100.00 -100.00
  59    37.631 55235.37371868 17.75 124.161938  66.001929  7.481 -100.00 -100.00 -100.00
  59    37.717 55235.37371927 17.12 124.168348  66.001638  6.750 -100.00 -100.00 -100.00
  60    39.360 55245.28936090 16.25 124.150930  65.999767  6.451 -100.00 -100.00 -100.00
  60    38.725 55245.28936149 15.60 124.157340  65.999477  4.576 -100.00 -100.00 -100.00
  60    38.462 55245.28936208 15.45 124.163749  65.999186  4.489 -100.00 -100.00 -100.00
  60    37.998 55245.28936267 16.55 124.170159  65.998895  6.705 -100.00 -100.00 -100.00
  60    37.562 55245.28936326 16.38 124.176568  65.998603  6.214 -100.00 -100.00 -100.00
  60    37.287 55245.28936385 16.11 124.182977  65.998312  5.775 -100.00 -100.00 -100.00
  61    39.261 55255.20500160 15.27 124.154042  65.997715  5.460 -100.00 -100.00 -100.00
  61    38.489 55255.20500219 14.85 124.160451  65.997424  4.597 -100.00 -100.00 -100.00
  61    38.329 55255.20500278 14.85 124.166860  65.997133  4.308 -100.00 -100.00 -100.00
  61    38.551 55255.20500337 14.40 124.173269  65.996842  3.706 -100.00 -100.00 -100.00
  61    37.947 55255.20500396 14.80 124.179677  65.996550  4.007 -100.00 -100.00 -100.00
  61    37.669 55255.20500455 15.17 124.186086  65.996259  4.157 -100.00 -100.00 -100.00
  61    36.976 55255.20500514 15.66 124.192494  65.995966  4.548 -100.00 -100.00 -100.00
  62    40.425 55265.12064067 13.78 124.156785  65.998023  4.273 -100.00 -100.00 -100.00
  62    38.711 55265.12064126 14.23 124.163195  65.997732  4.534 -100.00 -100.00 -100.00
  62    38.381 55265.12064185 14.14 124.169604  65.997441  4.663 -100.00 -100.00 -100.00
  62    37.945 55265.12064244 14.57 124.176012  65.997149  5.231 -100.00 -100.00 -100.00
  62    37.850 55265.12064303 14.99 124.182421  65.996858  5.628 -100.00 -100.00 -100.00
  62    37.641 55265.12064362 14.08 124.188830  65.996566  3.587 -100.00 -100.00 -100.00
  63    39.083 55275.03627803 14.77 124.150516  66.000363  5.776  236.81  229.42  213.08
  63    39.113 55275.03627862 13.81 124.156926  66.000072  4.779  236.81  229.42  213.08
  63    39.652 55275.03627921 14.04 124.163335  65.999781  4.529  236.81  229.42  213.08
  63    38.112 55275.03627980 14.86 124.169745  65.999490  6.004  236.81  229.42  213.08
  63    38.234 55275.03628039 14.07 124.176154  65.999198  4.267  236.81  229.42  213.08
  63    37.886 55275.03628098 14.63 124.182563  65.998907  5.679  236.81  229.42  213.08
  64    39.503 55284.95191549 13.77 124.153021  66.001539  5.078 -100.00 -100.00 -100.00
  64    39.939 55284.95191608 13.01 124.159431  66.001248  3.584 -100.00 -100.00 -100.00
  64    38.310 55284.95191667 13.93 124.165840  66.000958  5.526 -100.00 -100.00 -100.00
  64    38.120 55284.95191726 13.91 124.172250  66.000666  4.554 -100.00 -100.00 -100.00
  65    39.201 55294.86755099 13.99 124.152687  66.000785  6.084 -100.00 -100.00 -100.00
  65    40.024 55294.86755158 12.95 124.159096  66.000494  4.474 -100.00 -100.00 -100.00
  65    39.737 55294.86755217 13.19 124.165505  66.000204  4.573 -100.00 -100.00 -100.00
  65    37.875 55294.86755276 14.29 124.171914  65.999913  6.326 -100.00 -100.00 -100.00
  65    37.685 55294.86755335 15.26 124.178322  65.999622  7.593 -100.00 -100.00 -100.00
  66    39.038 55304.78318994 14.46 124.156958  65.998539  6.119  245.11  238.11  221.32
  66    38.640 55304.78319053 13.47 124.163367  65.998248  5.847  245.11  238.11  221.32
  66    38.245 55304.78319112 12.81 124.169775  65.997958  4.036  245.11  238.11  221.32
  66    38.064 55304.78319171 13.20 124.176183  65.997667  4.852  245.11  238.11  221.32
  66    37.928 55304.78319230 13.01 124.182591  65.997375  4.759  245.11  238.11  221.32
  66    37.880 55304.78319289 12.77 124.188999  65.997084  4.338  245.11  238.11  221.32
  67    38.512 55314.69883729 29.77 124.157320  65.997172 24.027  261.01  257.75  252.76
  67    38.405 55314.69883788 26.41 124.163728  65.996881 18.018  261.01  257.75  252.76
  67    38.236 55314.69883847 26.30 124.170136  65.996590 15.154  261.01  257.75  252.76
  67    38.102 55314.69883906 23.84 124.176543  65.996299 10.845  261.01  257.75  252.76
  67    37.834 55314.69883965 23.76 124.182951  65.996008 13.016  261.01  257.75  252.76
  67    37.743 55314.69884024 23.01 124.189358  65.995716 10.671  261.01  257.75  252.76
  68    38.593 55324.61448256 35.15 124.155216  65.998151 22.045 -100.00 -100.00 -100.00
  68    38.254 55324.61448315 37.24 124.161625  65.997860   -100 -100.00 -100.00 -100.00
  68    36.030 55324.61448374 42.21 124.168033  65.997570   -100 -100.00 -100.00 -100.00
  68    36.357 55324.61448433 40.85 124.174440  65.997278   -100 -100.00 -100.00 -100.00
  68    37.581 55324.61448492 38.75 124.180848  65.996987   -100 -100.00 -100.00 -100.00
  68    37.530 55324.61448551 38.65 124.187255  65.996695   -100 -100.00 -100.00 -100.00
  69    36.410 55334.53012629 39.93 124.150707  66.000503   -100 -100.00 -100.00 -100.00
  69    36.100 55334.53012688 41.43 124.157116  66.000213   -100 -100.00 -100.00 -100.00
  69    36.257 55334.53012747 44.85 124.163524  65.999922 18.537 -100.00 -100.00 -100.00
  69    36.457 55334.53012806 44.02 124.169933  65.999631   -100 -100.00 -100.00 -100.00
  69    36.261 55334.53012865 45.63 124.176341  65.999340 17.711 -100.00 -100.00 -100.00
  70    43.302 55344.44577011 46.63 124.150098  66.002165   -100 -100.00 -100.00 -100.00
  70    43.352 55344.44577070 44.71 124.156507  66.001875   -100 -100.00 -100.00 -100.00
  70    43.304 55344.44577129 45.91 124.162917  66.001584   -100 -100.00 -100.00 -100.00
  70    43.345 55344.44577188 48.78 124.169326  66.001293  4.716 -100.00 -100.00 -100.00
  71    40.928 55354.36141344 48.98 124.151449  66.002181   -100 -100.00 -100.00 -100.00
  71    40.931 55354.36141403 54.70 124.157858  66.001891  0.689 -100.00 -100.00 -100.00
  71    40.938 55354.36141462 53.39 124.164268  66.001600   -100 -100.00 -100.00 -100.00
  71    40.951 55354.36141521 53.31 124.170677  66.001309   -100 -100.00 -100.00 -100.00
  72    40.177 55364.27705455 25.57 124.151097  66.001689 17.223 -100.00 -100.00 -100.00
  72    42.843 55364.27705514 20.05 124.157506  66.001399  6.918 -100.00 -100.00 -100.00
  72    42.624 55364.27705573 20.23 124.163916  66.001108  7.071 -100.00 -100.00 -100.00
  72    42.274 55364.27705633 20.48 124.170325  66.000817  8.346 -100.00 -100.00 -100.00
  72    42.475 55364.27705692 19.94 124.176734  66.000526  7.453 -100.00 -100.00 -100.00
  73    39.292 55374.19269420 33.09 124.152995  66.001483   -100 -100.00 -100.00 -100.00
  73    39.053 55374.19269479 29.14 124.159405  66.001192 27.589 -100.00 -100.00 -100.00
  73    38.908 55374.19269538 27.00 124.165814  66.000902 20.406 -100.00 -100.00 -100.00
  73    39.466 55374.19269597 24.59 124.172224  66.000611 14.278 -100.00 -100.00 -100.00
  74    38.566 55384.10833244 42.10 124.152774  66.002443   -100 -100.00 -100.00 -100.00
  74    38.683 55384.10833303 43.87 124.159184  66.002152   -100 -100.00 -100.00 -100.00
  74    38.812 55384.10833362 44.18 124.165593  66.001862   -100 -100.00 -100.00 -100.00
  74    38.687 55384.10833421 45.52 124.172003  66.001571 12.096 -100.00 -100.00 -100.00
  75    39.706 55394.02397071 24.36 124.161927  66.003173 10.667 -100.00 -100.00 -100.00
  75    39.927 55394.02397131 21.21 124.168337  66.002883  7.139 -100.00 -100.00 -100.00
  77    36.958 55413.85525898 47.46 124.149600  66.002531  5.988 -100.00 -100.00 -100.00
  77    37.204 55413.85525957 53.21 124.156009  66.002241   -100 -100.00 -100.00 -100.00
  77    37.032 55413.85526016 52.49 124.162419  66.001951 11.610 -100.00 -100.00 -100.00
  77    37.286 55413.85526075 51.73 124.168828  66.001660   -100 -100.00 -100.00 -100.00
  78    38.339 55423.77090794 33.65 124.150830  65.999833   -100 -100.00 -100.00 -100.00
  78    38.518 55423.77090853 28.26 124.157239  65.999543 18.246 -100.00 -100.00 -100.00
  78    38.191 55423.77090912 31.75 124.163647  65.999253   -100 -100.00 -100.00 -100.00
  78    38.407 55423.77090971 28.31 124.170056  65.998962 21.086 -100.00 -100.00 -100.00
  78    38.196 55423.77091030 29.76 124.176464  65.998671 26.823 -100.00 -100.00 -100.00
  78    38.378 55423.77091089 30.17 124.182872  65.998379 27.670 -100.00 -100.00 -100.00
  79    38.485 55433.68655473 31.09 124.157182  65.997553 16.019 -100.00 -100.00 -100.00
  79    38.327 55433.68655532 30.81 124.163590  65.997262 16.125 -100.00 -100.00 -100.00
  79    38.134 55433.68655591 31.83 124.169998  65.996971 20.269 -100.00 -100.00 -100.00
  79    36.945 55433.68655650 34.13 124.176405  65.996680 27.908 -100.00 -100.00 -100.00
  79    37.687 55433.68655709 32.81 124.182813  65.996389 21.041 -100.00 -100.00 -100.00
  79    37.743 55433.68655768 34.90 124.189220  65.996097 31.451 -100.00 -100.00 -100.00
  80    38.368 55443.60219906 28.82 124.155471  65.997972 20.337 -100.00 -100.00 -100.00
  80    38.555 55443.60219965 26.91 124.161879  65.997682 15.209 -100.00 -100.00 -100.00
  80    38.325 55443.60220024 27.12 124.168287  65.997391 13.970 -100.00 -100.00 -100.00
  80    37.817 55443.60220083 29.94 124.174695  65.997099 25.106 -100.00 -100.00 -100.00
  80    37.569 55443.60220142 31.73 124.181103  65.996808   -100 -100.00 -100.00 -100.00
  80    37.875 55443.60220201 28.12 124.187510  65.996516 19.860 -100.00 -100.00 -100.00
  81    38.086 55453.51784173 52.33 124.150762  65.999928  1.550 -100.00 -100.00 -100.00
  81    38.116 55453.51784232 53.24 124.157170  65.999637   -100 -100.00 -100.00 -100.00
  81    37.899 55453.51784291 54.66 124.163579  65.999347   -100 -100.00 -100.00 -100.00
  81    37.838 55453.51784350 56.55 124.169988  65.999056   -100 -100.00 -100.00 -100.00
  81    38.188 55453.51784409 49.92 124.176396  65.998764   -100 -100.00 -100.00 -100.00
  81    38.112 55453.51784468 53.14 124.182805  65.998472 21.860 -100.00 -100.00 -100.00
  82    37.099 55463.43348408 51.61 124.151375  66.001561 20.671 -100.00 -100.00 -100.00
  82    37.289 55463.43348468 54.30 124.157785  66.001270  1.946 -100.00 -100.00 -100.00
  82    37.289 55463.43348527 55.34 124.164194  66.000980 11.056 -100.00 -100.00 -100.00
  82    37.150 55463.43348586 56.73 124.170604  66.000689   -100 -100.00 -100.00 -100.00
  82    37.102 55463.43348645 57.23 124.177013  66.000397   -100 -100.00 -100.00 -100.00
  83    40.681 55473.34912418 23.74 124.151030  66.001107 11.062 -100.00 -100.00 -100.00
  83    42.189 55473.34912477 23.85 124.157440  66.000817 10.141 -100.00 -100.00 -100.00
  83    39.160 55473.34912536 25.24 124.163850  66.000526 14.805 -100.00 -100.00 -100.00
  83    39.181 55473.34912595 24.18 124.170259  66.000235 13.178 -100.00 -100.00 -100.00
  83    37.789 55473.34912655 25.08 124.176669  65.999944 14.638 -100.00 -100.00 -100.00
  84    35.816 55483.26476188 49.65 124.155125  65.999002 14.225 -100.00 -100.00 -100.00
  84    35.997 55483.26476247 49.32 124.161535  65.998712   -100 -100.00 -100.00 -100.00
  84    35.766 55483.26476306 45.28 124.167944  65.998421  5.441 -100.00 -100.00 -100.00
  84    35.955 55483.26476365 47.72 124.174353  65.998130  3.375 -100.00 -100.00 -100.00
  84    35.954 55483.26476424 44.64 124.180762  65.997839   -100 -100.00 -100.00 -100.00
  84    35.923 55483.26476483 41.90 124.187171  65.997547   -100 -100.00 -100.00 -100.00
  85    35.616 55493.18039757 41.14 124.160570  65.997092   -100 -100.00 -100.00 -100.00
  85    35.297 55493.18039816 42.15 124.166979  65.996802 11.071 -100.00 -100.00 -100.00
  85    35.492 55493.18039875 36.53 124.173388  65.996511   -100 -100.00 -100.00 -100.00
  85    35.435 55493.18039934 38.47 124.179797  65.996220   -100 -100.00 -100.00 -100.00
  85    35.440 55493.18039993 36.99 124.186205  65.995928   -100 -100.00 -100.00 -100.00
  85    35.241 55493.18040052 36.46 124.192614  65.995636   -100 -100.00 -100.00 -100.00
  86    35.656 55503.09603108 26.81 124.157943  65.997976 16.207 -100.00 -100.00 -100.00
  86    35.419 55503.09603167 26.59 124.164353  65.997685 16.339 -100.00 -100.00 -100.00
  86    35.604 55503.09603226 27.66 124.170762  65.997395 19.692 -100.00 -100.00 -100.00
  86    35.660 55503.09603285 30.42 124.177171  65.997103 28.236 -100.00 -100.00 -100.00
  86    35.417 55503.09603344 31.69 124.183580  65.996812   -100 -100.00 -100.00 -100.00
  86    35.586 55503.09603403 28.35 124.189989  65.996520 21.589 -100.00 -100.00 -100.00
  87    35.259 55513.01167753 21.38 124.153260  66.000509  9.082 -100.00 -100.00 -100.00
  87    35.442 55513.01167812 20.97 124.159670  66.000219  7.611 -100.00 -100.00 -100.00
  87    35.482 55513.01167872 21.36 124.166080  65.999928  8.313 -100.00 -100.00 -100.00
  87    35.710 55513.01167931 19.81 124.172489  65.999637  7.134 -100.00 -100.00 -100.00
  87    35.811 55513.01167990 19.58 124.178899  65.999346  6.660 -100.00 -100.00 -100.00
  88    35.363 55522.92732699 17.78 124.152302  66.002631  7.367 -100.00 -100.00 -100.00
  88    35.440 55522.92732758 18.23 124.158712  66.002341  7.546 -100.00 -100.00 -100.00
  88    35.609 55522.92732817 16.79 124.165122  66.002050  5.856 -100.00 -100.00 -100.00
  88    35.725 55522.92732876 17.35 124.171532  66.001759  6.716 -100.00 -100.00 -100.00
  89    35.411 55532.84297478 16.94 124.149409  66.003206  6.807 -100.00 -100.00 -100.00
  89    35.541 55532.84297537 17.18 124.155819  66.002916  7.046 -100.00 -100.00 -100.00
  89    35.579 55532.84297597 16.68 124.162229  66.002625  6.579 -100.00 -100.00 -100.00
  89    35.787 55532.84297656 15.70 124.168639  66.002334  5.329 -100.00 -100.00 -100.00
  90    35.485 55542.75862148 15.69 124.152787  66.002089  5.464 -100.00 -100.00 -100.00
  90    36.182 55542.75862207 15.12 124.159196  66.001799  4.691 -100.00 -100.00 -100.00
  90    37.626 55542.75862266 15.06 124.165606  66.001508  4.699 -100.00 -100.00 -100.00
  90    35.944 55542.75862325 14.90 124.172015  66.001217  4.261 -100.00 -100.00 -100.00
  91    38.647 55552.67426560 13.91 124.150223  66.001476  4.267 -100.00 -100.00 -100.00
  91    37.091 55552.67426619 13.91 124.156633  66.001186  4.584 -100.00 -100.00 -100.00
  91    38.223 55552.67426678 13.67 124.163042  66.000895  4.168 -100.00 -100.00 -100.00
  91    38.046 55552.67426737 13.76 124.169451  66.000604  4.626 -100.00 -100.00 -100.00
  91    38.241 55552.67426796 13.17 124.175860  66.000313  3.757 -100.00 -100.00 -100.00
  92    39.337 55562.58990890 13.13 124.152894  66.001880  4.560 -100.00 -100.00 -100.00
  92    39.456 55562.58990949 12.73 124.159303  66.001589  4.598 -100.00 -100.00 -100.00
  92    38.135 55562.58991008 12.88 124.165713  66.001299  4.385 -100.00 -100.00 -100.00
  92    38.258 55562.58991067 12.28 124.172122  66.001007  3.587 -100.00 -100.00 -100.00
  93    39.877 55572.50555105 11.61 124.150754  66.003122  3.080 -100.00 -100.00 -100.00
  93    39.336 55572.50555164 11.87 124.157164  66.002832  3.496 -100.00 -100.00 -100.00
  93    39.347 55572.50555223 12.11 124.163574  66.002541  3.937 -100.00 -100.00 -100.00
  93    38.398 55572.50555282 11.59 124.169984  66.002250  3.032 -100.00 -100.00 -100.00
  94    39.157 55582.42119279 11.37 124.157425  66.002993  3.350 -100.00 -100.00 -100.00
  94    39.209 55582.42119338 11.21 124.163836  66.002703  3.206 -100.00 -100.00 -100.00
  94    38.745 55582.42119397 11.36 124.170246  66.002412  3.647 -100.00 -100.00 -100.00
  95    40.266 55592.33683004 11.03 124.150882  66.001730  3.120 -100.00 -100.00 -100.00
  95    39.873 55592.33683063 11.06 124.157292  66.001440  2.984 -100.00 -100.00 -100.00
  95    39.438 55592.33683122 11.03 124.163702  66.001149  3.420 -100.00 -100.00 -100.00
  95    39.514 55592.33683181 10.71 124.170112  66.000858  2.825 -100.00 -100.00 -100.00
  95    38.486 55592.33683240 11.25 124.176522  66.000567  3.635 -100.00 -100.00 -100.00
  96    39.277 55602.25246487 10.56 124.153601  65.999284  2.825 -100.00 -100.00 -100.00
  96    40.002 55602.25246546 10.46 124.160011  65.998994  3.054 -100.00 -100.00 -100.00
  96    39.987 55602.25246605 10.50 124.166421  65.998703  2.683 -100.00 -100.00 -100.00
  96    39.100 55602.25246664 10.60 124.172830  65.998412  3.070 -100.00 -100.00 -100.00
  96    38.904 55602.25246723 10.33 124.179239  65.998121  2.597 -100.00 -100.00 -100.00
  96    38.029 55602.25246782 10.48 124.185648  65.997829  2.670 -100.00 -100.00 -100.00
  97    40.242 55612.16809764 10.35 124.157143  65.997784  3.124 -100.00 -100.00 -100.00
  97    39.149 55612.16809823 10.34 124.163553  65.997494  3.649 -100.00 -100.00 -100.00
  97    39.041 55612.16809882 10.13 124.169962  65.997203  2.902 -100.00 -100.00 -100.00
  97    39.615 55612.16809941 10.27 124.176371  65.996912  2.614 -100.00 -100.00 -100.00
  97    39.193 55612.16810000 10.30 124.182780  65.996621  2.745 -100.00 -100.00 -100.00
  97    37.950 55612.16810059 10.54 124.189188  65.996329  3.011 -100.00 -100.00 -100.00
  98    41.731 55622.08373186 10.11 124.156998  65.998474  2.786 -100.00 -100.00 -100.00
  98    40.082 55622.08373245 10.48 124.163407  65.998184  3.106 -100.00 -100.00 -100.00
  98    39.411 55622.08373304 10.12 124.169816  65.997893  2.686 -100.00 -100.00 -100.00
  98    38.832 55622.08373363 10.43 124.176225  65.997602  3.053 -100.00 -100.00 -100.00
  98    39.057 55622.08373422 10.30 124.182634  65.997311  2.549 -100.00 -100.00 -100.00
  98    44.463 55622.08373481 10.41 124.189043  65.997019  3.113 -100.00 -100.00 -100.00
  99    40.266 55631.99938409 10.11 124.150003  66.000499  2.959 -100.00 -100.00 -100.00
  99    40.329 55631.99938468 10.14 124.156413  66.000209  3.471 -100.00 -100.00 -100.00
  99    39.814 55631.99938527 10.12 124.162822  65.999918  3.375 -100.00 -100.00 -100.00
  99    39.575 55631.99938586  9.93 124.169232  65.999627  2.817 -100.00 -100.00 -100.00
  99    38.951 55631.99938645 10.05 124.175641  65.999336  2.819 -100.00 -100.00 -100.00
  99    43.881 55631.99938704  9.97 124.182050  65.999045  2.555 -100.00 -100.00 -100.00
 100    40.523 55641.91503506  9.42 124.152827  66.001359  2.883  241.78  231.33  210.68
 100    42.421 55641.91503565  9.22 124.159237  66.001068  2.809  241.78  231.33  210.68
 100    41.621 55641.91503624  9.14 124.165646  66.000778  2.447  241.78  231.33  210.68
 100    40.279 55641.91503683  9.48 124.172055  66.000487  2.793  241.78  231.33  210.68
 101    40.340 55651.83068314  9.81 124.154364  66.000682  3.165 -100.00 -100.00 -100.00
 101    40.414 55651.83068373  9.59 124.160773  66.000391  2.727 -100.00 -100.00 -100.00
 101    39.833 55651.83068432  9.32 124.167182  66.000101  2.520 -100.00 -100.00 -100.00
 101    40.828 55651.83068491  9.70 124.173591  65.999810  2.780 -100.00 -100.00 -100.00
 101    39.375 55651.83068550  9.56 124.180000  65.999518  2.741 -100.00 -100.00 -100.00
 102    41.117 55661.74632729  9.16 124.156047  65.998656  2.744 -100.00 -100.00 -100.00
 102    40.544 55661.74632788  8.95 124.162455  65.998365  2.597 -100.00 -100.00 -100.00
 102    40.664 55661.74632847  9.37 124.168863  65.998074  2.815 -100.00 -100.00 -100.00
 102    43.350 55661.74632906  9.16 124.175271  65.997783  2.711 -100.00 -100.00 -100.00
 102    43.671 55661.74632965  9.51 124.181679  65.997492  2.612 -100.00 -100.00 -100.00
 102    44.474 55661.74633024  9.44 124.188087  65.997200  2.783 -100.00 -100.00 -100.00
 103    38.779 55671.66196838 16.49 124.159264  65.997471 12.486 -100.00 -100.00 -100.00
 103    40.498 55671.66196897 11.30 124.165672  65.997180  5.328 -100.00 -100.00 -100.00
 103    38.336 55671.66196956 14.00 124.172079  65.996889  9.747 -100.00 -100.00 -100.00
 103    42.815 55671.66197015 10.94 124.178487  65.996598  5.743 -100.00 -100.00 -100.00
 103    44.217 55671.66197074  9.45 124.184895  65.996306  4.215 -100.00 -100.00 -100.00
 103    44.688 55671.66197133  8.95 124.191302  65.996015  3.239 -100.00 -100.00 -100.00
 104    38.919 55681.57760698 26.57 124.152925  65.998527 17.578 -100.00 -100.00 -100.00
 104    38.565 55681.57760757 30.94 124.159333  65.998236   -100 -100.00 -100.00 -100.00
 104    38.658 55681.57760816 26.67 124.165741  65.997945 17.770 -100.00 -100.00 -100.00
 104    38.431 55681.57760875 26.35 124.172149  65.997654 18.225 -100.00 -100.00 -100.00
 104    38.683 55681.57760934 24.27 124.178557  65.997363 12.790 -100.00 -100.00 -100.00
 104    39.314 55681.57760993 25.00 124.184965  65.997072 13.179 -100.00 -100.00 -100.00
 105    35.510 55691.49324462 32.45 124.155011  66.000700 23.711 -100.00 -100.00 -100.00
 105    35.309 55691.49324521 37.06 124.161420  66.000409   -100 -100.00 -100.00 -100.00
 105    35.551 55691.49324580 33.54 124.167829  66.000118 25.921 -100.00 -100.00 -100.00
 105    35.321 55691.49324639 36.98 124.174237  65.999827   -100 -100.00 -100.00 -100.00
 105    35.215 55691.49324698 36.21 124.180646  65.999536   -100 -100.00 -100.00 -100.00
 106    42.932 55701.40888012 38.93 124.151392  66.002811   -100 -100.00 -100.00 -100.00
 106    43.003 55701.40888071 38.86 124.157802  66.002521   -100 -100.00 -100.00 -100.00
 106    43.073 55701.40888130 36.68 124.164212  66.002230 27.292 -100.00 -100.00 -100.00
 106    43.162 55701.40888189 34.23 124.170621  66.001940 19.069 -100.00 -100.00 -100.00
 107    43.098 55711.32452205 26.32 124.158490  66.003046 11.145  235.54  233.86  238.54
 107    42.709 55711.32452264 26.16 124.164901  66.002756 13.010  235.54  233.86  238.54
 107    43.503 55711.32452323 24.69 124.171310  66.002465  9.735  235.54  233.86  238.54
 108    43.108 55721.24017088 23.82 124.148013  66.002817 11.487 -100.00 -100.00 -100.00
 108    43.146 55721.24017147 22.00 124.154424  66.002527  7.905 -100.00 -100.00 -100.00
 108    42.968 55721.24017206 20.66 124.160834  66.002237  6.935 -100.00 -100.00 -100.00
 108    43.113 55721.24017265 20.57 124.167243  66.001946  6.472 -100.00 -100.00 -100.00
 108    43.351 55721.24017324 20.02 124.173653  66.001655  6.884 -100.00 -100.00 -100.00
 109    40.210 55731.15581898 36.37 124.152358  66.002102 22.541 -100.00 -100.00 -100.00
 109    40.190 55731.15581957 34.88 124.158768  66.001812 21.027 -100.00 -100.00 -100.00
 109    40.178 55731.15582016 38.30 124.165178  66.001521   -100 -100.00 -100.00 -100.00
 109    40.126 55731.15582075 40.53 124.171588  66.001230   -100 -100.00 -100.00 -100.00
 110    38.585 55741.07146536 34.75 124.151784  66.002152 29.147 -100.00 -100.00 -100.00
 110    38.802 55741.07146595 33.75 124.158194  66.001862 22.811 -100.00 -100.00 -100.00
 110    38.598 55741.07146654 37.32 124.164603  66.001571   -100 -100.00 -100.00 -100.00
 110    38.870 55741.07146713 38.28 124.171013  66.001280   -100 -100.00 -100.00 -100.00
 111    37.517 55750.98711041 52.81 124.150289  66.002517 24.808 -100.00 -100.00 -100.00
 111    37.804 55750.98711100 55.39 124.156699  66.002227   -100 -100.00 -100.00 -100.00
 111    37.731 55750.98711159 55.66 124.163109  66.001936 12.361 -100.00 -100.00 -100.00
 111    37.646 55750.98711218 55.79 124.169518  66.001645   -100 -100.00 -100.00 -100.00
 112    37.772 55760.90275320 51.65 124.149706  66.002301 14.384 -100.00 -100.00 -100.00
 112    37.689 55760.90275379 54.76 124.156116  66.002011 21.991 -100.00 -100.00 -100.00
 112    37.968 55760.90275438 53.43 124.162525  66.001720   -100 -100.00 -100.00 -100.00
 112    37.877 55760.90275497 55.31 124.168935  66.001430 27.179 -100.00 -100.00 -100.00
 113    38.412 55770.81839334 30.12 124.151126  66.001217 23.247 -100.00 -100.00 -100.00
 113    38.379 55770.81839393 29.89 124.157536  66.000927 24.702 -100.00 -100.00 -100.00
 113    38.454 55770.81839452 27.91 124.163945  66.000636 15.709 -100.00 -100.00 -100.00
 113    38.249 55770.81839511 27.59 124.170354  66.000345 14.511 -100.00 -100.00 -100.00
 113    38.032 55770.81839570 28.99 124.176762  66.000054 19.641 -100.00 -100.00 -100.00
 114    37.293 55780.73402998 50.66 124.151641  65.999473  6.181 -100.00 -100.00 -100.00
 114    37.727 55780.73403057 50.59 124.158049  65.999183   -100 -100.00 -100.00 -100.00
 114    37.454 55780.73403116 53.78 124.164458  65.998892   -100 -100.00 -100.00 -100.00
 114    37.268 55780.73403175 57.13 124.170866  65.998602   -100 -100.00 -100.00 -100.00
 114    37.229 55780.73403234 58.59 124.177274  65.998310   -100 -100.00 -100.00 -100.00
 114    37.212 55780.73403293 50.65 124.183682  65.998019   -100 -100.00 -100.00 -100.00
 115    38.695 55790.64966401 33.20 124.152457  65.998523   -100  243.12  245.79  243.94
 115    38.751 55790.64966460 31.12 124.158865  65.998233 25.144  243.12  245.79  243.94
 115    38.572 55790.64966519 28.62 124.165274  65.997943 22.602  243.12  245.79  243.94
 115    38.408 55790.64966578 28.38 124.171682  65.997652 20.698  243.12  245.79  243.94
 115    38.246 55790.64966637 30.02 124.178090  65.997361 28.411  243.12  245.79  243.94
 115    38.487 55790.64966696 28.78 124.184497  65.997069 22.796 -100.00 -100.00 -100.00
 116    38.710 55800.56529710 29.92 124.156471  65.998818 22.656 -100.00 -100.00 -100.00
 116    38.528 55800.56529769 29.24 124.162880  65.998528 23.837 -100.00 -100.00 -100.00
 116    38.120 55800.56529828 32.74 124.169288  65.998238   -100 -100.00 -100.00 -100.00
 116    37.960 55800.56529888 32.46 124.175696  65.997947   -100 -100.00 -100.00 -100.00
 116    38.130 55800.56529947 33.69 124.182105  65.997655 32.166 -100.00 -100.00 -100.00
 116    38.062 55800.56530006 35.11 124.188513  65.997364   -100 -100.00 -100.00 -100.00
 117    36.913 55810.48094554 50.77 124.154125  66.000135   -100 -100.00 -100.00 -100.00
 117    36.720 55810.48094613 53.85 124.160534  65.999845 26.950 -100.00 -100.00 -100.00
 117    36.985 55810.48094672 55.50 124.166944  65.999554  1.270 -100.00 -100.00 -100.00
 117    36.978 55810.48094731 55.25 124.173353  65.999264  7.789 -100.00 -100.00 -100.00
 118    42.261 55820.39659439 24.86 124.154969  66.001023 15.616  234.29  232.42  237.57
 118    41.799 55820.39659498 24.04 124.161379  66.000732 14.909  234.29  232.42  237.57
 118    38.110 55820.39659557 25.87 124.167788  66.000442 19.808  234.29  232.42  237.57
 118    37.891 55820.39659616 27.96 124.174198  66.000151 26.671  234.29  232.42  237.57
 119    37.678 55830.31223847 31.31 124.154198  66.000777 28.786 -100.00 -100.00 -100.00
 119    38.263 55830.31223906 24.95 124.160608  66.000487 11.206 -100.00 -100.00 -100.00
 119    38.394 55830.31223965 23.33 124.167018  66.000196  8.294 -100.00 -100.00 -100.00
 119    37.971 55830.31224024 27.46 124.173428  65.999905 15.655 -100.00 -100.00 -100.00
 119    37.747 55830.31224083 28.62 124.179837  65.999614 18.109 -100.00 -100.00 -100.00
 120    41.877 55840.22787787 26.15 124.151575  65.999567 10.190 -100.00 -100.00 -100.00
 120    38.171 55840.22787846 28.30 124.157985  65.999277 13.582 -100.00 -100.00 -100.00
 120    38.365 55840.22787905 28.13 124.164394  65.998986 13.939 -100.00 -100.00 -100.00
 120    37.797 55840.22787964 28.92 124.170804  65.998696 15.236 -100.00 -100.00 -100.00
 120    37.331 55840.22788023 30.65 124.177213  65.998405 23.243 -100.00 -100.00 -100.00
 120    37.673 55840.22788082 29.06 124.183623  65.998113 17.271 -100.00 -100.00 -100.00
 121    36.160 55850.14351468 49.92 124.153934  65.998575 18.102 -100.00 -100.00 -100.00
 121    36.337 55850.14351527 48.40 124.160343  65.998285   -100 -100.00 -100.00 -100.00
 121    36.346 55850.14351586 47.64 124.166753  65.997994   -100 -100.00 -100.00 -100.00
 121    36.441 55850.14351645 51.28 124.173162  65.997703   -100 -100.00 -100.00 -100.00
 121    36.302 55850.14351704 52.36 124.179571  65.997412  9.319 -100.00 -100.00 -100.00
 121    36.124 55850.14351763 46.70 124.185980  65.997121 21.116 -100.00 -100.00 -100.00
 122    35.006 55860.05914900 31.43 124.151358  65.999611 25.663 -100.00 -100.00 -100.00
 122    34.979 55860.05914959 29.89 124.157768  65.999320 22.343 -100.00 -100.00 -100.00
 122    35.251 55860.05915018 27.98 124.164178  65.999030 18.036 -100.00 -100.00 -100.00
 122    35.368 55860.05915077 27.51 124.170587  65.998739 17.781 -100.00 -100.00 -100.00
 122    35.150 55860.05915136 26.70 124.176997  65.998448 17.241 -100.00 -100.00 -100.00
 122    35.421 55860.05915195 25.32 124.183406  65.998157 12.866 -100.00 -100.00 -100.00
 123    36.257 55869.97479992 33.41 124.154221  66.001305   -100 -100.00 -100.00 -100.00
 123    36.320 55869.97480051 32.82 124.160631  66.001014   -100 -100.00 -100.00 -100.00
 123    36.341 55869.97480110 36.99 124.167041  66.000724  4.150 -100.00 -100.00 -100.00
 123    36.423 55869.97480169 32.52 124.173451  66.000433   -100 -100.00 -100.00 -100.00
 133    41.013 55969.13124142  9.66 124.153461  65.998849  2.520 -100.00 -100.00 -100.00
 133    40.324 55969.13124201  9.49 124.159870  65.998559  2.507 -100.00 -100.00 -100.00
 133    40.405 55969.13124260  9.48 124.166280  65.998268  2.319 -100.00 -100.00 -100.00
 133    39.462 55969.13124319  9.62 124.172689  65.997977  2.703 -100.00 -100.00 -100.00
 133    39.425 55969.13124378  9.66 124.179098  65.997686  2.606 -100.00 -100.00 -100.00
 133    39.058 55969.13124437  9.68 124.185507  65.997394  2.450 -100.00 -100.00 -100.00
 134    40.646 55979.04687786  9.95 124.153035  65.999883  2.741 -100.00 -100.00 -100.00
 134    40.402 55979.04687845  9.67 124.159445  65.999593  2.396 -100.00 -100.00 -100.00
 134    40.001 55979.04687904  9.67 124.165854  65.999302  2.299 -100.00 -100.00 -100.00
 134    43.868 55979.04687963  9.81 124.172263  65.999011  2.839 -100.00 -100.00 -100.00
 134    39.554 55979.04688022  9.83 124.178673  65.998720  2.468 -100.00 -100.00 -100.00
 135    40.759 55988.96251370  9.39 124.153718  66.000568  2.771  231.65  217.86  192.02
 135    40.545 55988.96251429  9.22 124.160128  66.000277  2.332  231.65  217.86  192.02
 135    40.208 55988.96251488  9.52 124.166538  65.999987  2.437  231.65  217.86  192.02
 135    39.579 55988.96251547  9.27 124.172947  65.999696  2.285  231.65  217.86  192.02
 135    44.212 55988.96251606  9.52 124.179356  65.999405  2.550  231.65  217.86  192.02
 136    40.609 55998.87815521  9.22 124.149978  66.000661  3.315 -100.00 -100.00 -100.00
 136    40.431 55998.87815580  8.98 124.156387  66.000371  2.634 -100.00 -100.00 -100.00
 136    40.044 55998.87815639  8.81 124.162796  66.000081  2.573 -100.00 -100.00 -100.00
 136    39.589 55998.87815698  8.70 124.169206  65.999791  2.739 -100.00 -100.00 -100.00
 136    39.533 55998.87815757  8.85 124.175614  65.999500  2.707 -100.00 -100.00 -100.00
 137    40.602 56008.79380666  8.59 124.154537  65.999666  2.720 -100.00 -100.00 -100.00
 137    40.509 56008.79380725  8.35 124.160945  65.999375  2.295 -100.00 -100.00 -100.00
 137    40.255 56008.79380784  8.31 124.167354  65.999085  2.425 -100.00 -100.00 -100.00
 137    39.330 56008.79380843  8.50 124.173763  65.998794  2.609 -100.00 -100.00 -100.00
 137    39.264 56008.79380902  8.49 124.180171  65.998503  2.584 -100.00 -100.00 -100.00
 138    40.895 56018.70945351  8.92 124.154692  65.999062  2.382 -100.00 -100.00 -100.00
 138    40.807 56018.70945410  9.12 124.161101  65.998772  2.605 -100.00 -100.00 -100.00
 138    40.465 56018.70945469  9.01 124.167509  65.998481  2.367 -100.00 -100.00 -100.00
 138    39.766 56018.70945528  8.97 124.173917  65.998190  2.538 -100.00 -100.00 -100.00
 138    40.066 56018.70945587  8.76 124.180325  65.997899  2.302 -100.00 -100.00 -100.00
 138    38.860 56018.70945646  8.94 124.186733  65.997607  2.369 -100.00 -100.00 -100.00
 139    40.856 56028.62509735  8.75 124.154493  65.999358  2.648 -100.00 -100.00 -100.00
 139    41.051 56028.62509794  8.68 124.160901  65.999068  2.394 -100.00 -100.00 -100.00
 139    40.355 56028.62509853  8.75 124.167310  65.998777  2.902 -100.00 -100.00 -100.00
 139    40.008 56028.62509912  8.77 124.173718  65.998486  2.535 -100.00 -100.00 -100.00
 139    39.599 56028.62509971  8.84 124.180126  65.998194  2.864 -100.00 -100.00 -100.00
 139    39.661 56028.62510030  8.75 124.186534  65.997903  2.542 -100.00 -100.00 -100.00
 141    41.586 56048.45637923  8.15 124.150877  66.001880  2.252 -100.00 -100.00 -100.00
 141    43.129 56048.45637982  7.92 124.157286  66.001589  2.375 -100.00 -100.00 -100.00
 141    43.586 56048.45638041  8.10 124.163696  66.001299  2.247 -100.00 -100.00 -100.00
 141    44.009 56048.45638100  8.28 124.170105  66.001008  2.395 -100.00 -100.00 -100.00
 142    35.279 56058.37201682 39.62 124.152851  66.002756   -100  246.84  247.42  248.65
 142    35.432 56058.37201741 38.54 124.159261  66.002466   -100  246.84  247.42  248.65
 142    38.033 56058.37201800 34.33 124.165671  66.002175 17.359  246.84  247.42  248.65
 142    38.135 56058.37201859 35.93 124.172080  66.001884 22.374  246.84  247.42  248.65
 143    45.015 56068.28764962 36.10 124.150375  66.003097 24.129  226.41  224.64  229.35
 143    45.089 56068.28765021 32.14 124.156785  66.002807 12.773  226.41  224.64  229.35
 143    45.030 56068.28765080 32.71 124.163195  66.002516 14.858  226.41  224.64  229.35
 143    44.959 56068.28765139 31.68 124.169605  66.002226 14.083  226.41  224.64  229.35
 144    42.936 56078.20330100 55.31 124.152937  66.002719 17.007  221.62  225.10  224.67
 144    43.096 56078.20330159 53.79 124.159347  66.002429  5.417  221.62  225.10  224.67
 144    42.910 56078.20330219 56.00 124.165757  66.002138 28.637  221.62  225.10  224.67
 144    42.894 56078.20330278 55.40 124.172167  66.001847 29.595  221.62  225.10  224.67
 145    41.228 56088.11894945 50.21 124.151036  66.002746 10.263 -100.00 -100.00 -100.00
 145    41.529 56088.11895004 54.66 124.157446  66.002456   -100 -100.00 -100.00 -100.00
 145    41.297 56088.11895063 52.91 124.163856  66.002165 11.313 -100.00 -100.00 -100.00
 145    41.187 56088.11895122 52.64 124.170266  66.001874 28.538 -100.00 -100.00 -100.00
 146    43.081 56098.03459519 22.03 124.146784  66.003100  6.348 -100.00 -100.00 -100.00
 146    42.872 56098.03459578 22.36 124.153194  66.002810  7.443 -100.00 -100.00 -100.00
 146    42.759 56098.03459637 22.21 124.159604  66.002520  7.007 -100.00 -100.00 -100.00
 146    42.689 56098.03459696 21.29 124.166013  66.002229  6.737 -100.00 -100.00 -100.00
 146    43.557 56098.03459755 20.82 124.172423  66.001938  6.368 -100.00 -100.00 -100.00
 147    39.484 56107.95023968 28.78 124.153174  66.002282 27.079 -100.00 -100.00 -100.00
 147    39.236 56107.95024027 32.13 124.159584  66.001991   -100 -100.00 -100.00 -100.00
 147    42.155 56107.95024086 24.22 124.165993  66.001700 14.735 -100.00 -100.00 -100.00
 147    43.269 56107.95024145 23.05 124.172403  66.001409 12.200 -100.00 -100.00 -100.00
 148    39.884 56117.86586893 25.14 124.150081  66.001039 12.447 -100.00 -100.00 -100.00
 148    39.963 56117.86586952 22.90 124.156490  66.000749  9.138 -100.00 -100.00 -100.00
 148    39.952 56117.86587011 23.15 124.162899  66.000459 10.554 -100.00 -100.00 -100.00
 148    39.840 56117.86587070 23.31 124.169308  66.000168 10.507 -100.00 -100.00 -100.00
 148    39.938 56117.86587129 25.06 124.175717  65.999877 14.544 -100.00 -100.00 -100.00
 149    38.815 56127.78150682 52.93 124.155048  65.999371 14.384 -100.00 -100.00 -100.00
 149    38.666 56127.78150741 54.02 124.161457  65.999080   -100 -100.00 -100.00 -100.00
 149    38.673 56127.78150800 54.93 124.167865  65.998790 18.102 -100.00 -100.00 -100.00
 149    38.951 56127.78150859 53.94 124.174273  65.998499   -100 -100.00 -100.00 -100.00
 149    38.832 56127.78150918 55.97 124.180681  65.998208   -100 -100.00 -100.00 -100.00
 150    38.856 56137.69714070 54.08 124.156521  65.998636   -100 -100.00 -100.00 -100.00
 150    38.801 56137.69714129 56.07 124.162930  65.998345   -100 -100.00 -100.00 -100.00
 150    39.044 56137.69714188 54.53 124.169338  65.998055  4.047 -100.00 -100.00 -100.00
 150    39.056 56137.69714247 54.22 124.175746  65.997764 10.871 -100.00 -100.00 -100.00
 150    39.009 56137.69714306 55.42 124.182153  65.997473 32.209 -100.00 -100.00 -100.00
 150    38.986 56137.69714365 56.73 124.188561  65.997181   -100 -100.00 -100.00 -100.00
 151    40.100 56147.61278665 20.69 124.155571  65.999332  6.162 -100.00 -100.00 -100.00
 151    39.594 56147.61278724 23.36 124.161980  65.999042 11.068 -100.00 -100.00 -100.00
 151    39.901 56147.61278783 20.92 124.168388  65.998751  6.830 -100.00 -100.00 -100.00
 151    39.941 56147.61278842 20.51 124.174796  65.998460  5.976 -100.00 -100.00 -100.00
 151    40.075 56147.61278901 19.46 124.181204  65.998169  5.338 -100.00 -100.00 -100.00
 152    37.423 56157.52843547 52.08 124.151866  66.000663 19.120 -100.00 -100.00 -100.00
 152    37.437 56157.52843606 54.96 124.158275  66.000373 13.088 -100.00 -100.00 -100.00
 152    37.681 56157.52843665 53.71 124.164684  66.000082   -100 -100.00 -100.00 -100.00
 152    37.578 56157.52843724 57.03 124.171093  65.999791 27.226 -100.00 -100.00 -100.00
 152    37.542 56157.52843783 56.51 124.177501  65.999500   -100 -100.00 -100.00 -100.00
 153    38.673 56167.44408380 56.06 124.153260  66.001128 27.218 -100.00 -100.00 -100.00
 153    38.936 56167.44408439 55.84 124.159670  66.000838   -100 -100.00 -100.00 -100.00
 153    38.908 56167.44408498 54.47 124.166079  66.000547 16.337 -100.00 -100.00 -100.00
 153    38.874 56167.44408557 57.84 124.172488  66.000256   -100 -100.00 -100.00 -100.00
 153    38.851 56167.44408616 57.21 124.178897  65.999965   -100 -100.00 -100.00 -100.00
 154    39.091 56177.35972951 34.28 124.154333  66.000353   -100 -100.00 -100.00 -100.00
 154    39.229 56177.35973010 28.71 124.160742  66.000062 22.995 -100.00 -100.00 -100.00
 154    39.148 56177.35973069 26.75 124.167152  65.999771 16.442 -100.00 -100.00 -100.00
 154    39.098 56177.35973128 24.73 124.173561  65.999480 12.231 -100.00 -100.00 -100.00
 154    43.631 56177.35973187 23.79 124.179970  65.999189  9.832 -100.00 -100.00 -100.00
 155    38.491 56187.27537068 34.50 124.157063  65.999193   -100 -100.00 -100.00 -100.00
 155    38.317 56187.27537127 32.69 124.163472  65.998902   -100 -100.00 -100.00 -100.00
 155    38.089 56187.27537186 30.84 124.169881  65.998611 32.517 -100.00 -100.00 -100.00
 155    38.255 56187.27537245 30.88 124.176290  65.998320 30.520 -100.00 -100.00 -100.00
 155    38.166 56187.27537304 34.68 124.182699  65.998029   -100 -100.00 -100.00 -100.00
 156    38.741 56197.19100798 30.33 124.157323  65.998809 25.106 -100.00 -100.00 -100.00
 156    38.708 56197.19100857 28.86 124.163733  65.998518 19.406 -100.00 -100.00 -100.00
 156    38.526 56197.19100916 29.03 124.170142  65.998227 18.597 -100.00 -100.00 -100.00
 156    38.197 56197.19100975 31.53 124.176551  65.997936 28.710 -100.00 -100.00 -100.00
 156    38.189 56197.19101034 32.79 124.182960  65.997645 32.325 -100.00 -100.00 -100.00
 157    39.314 56207.10664217 26.13 124.156251  66.000017 11.800 -100.00 -100.00 -100.00
 157    38.398 56207.10664276 27.51 124.162661  65.999726 15.036 -100.00 -100.00 -100.00
 157    37.805 56207.10664335 29.76 124.169071  65.999436 19.365 -100.00 -100.00 -100.00
 157    37.170 56207.10664394 33.84 124.175480  65.999145   -100 -100.00 -100.00 -100.00
 157    37.304 56207.10664453 34.76 124.181890  65.998853   -100 -100.00 -100.00 -100.00
 158    36.846 56217.02227412 46.86 124.147744  66.002367  4.822 -100.00 -100.00 -100.00
 158    36.825 56217.02227471 50.09 124.154155  66.002077 27.999 -100.00 -100.00 -100.00
 158    36.819 56217.02227530 49.13 124.160565  66.001786 19.435 -100.00 -100.00 -100.00
 158    36.874 56217.02227589 46.31 124.166975  66.001496  3.045 -100.00 -100.00 -100.00
 158    37.155 56217.02227648 44.41 124.173385  66.001205   -100 -100.00 -100.00 -100.00
 159    36.324 56226.93791771 41.59 124.161589  66.003084   -100 -100.00 -100.00 -100.00
 159    36.493 56226.93791830 38.27 124.167999  66.002794   -100 -100.00 -100.00 -100.00
 160    36.683 56236.85357201 31.97 124.155987  66.003126 24.248 -100.00 -100.00 -100.00
 160    36.613 56236.85357260 30.22 124.162397  66.002836 19.745 -100.00 -100.00 -100.00
 160    36.441 56236.85357319 28.88 124.168807  66.002545 16.516 -100.00 -100.00 -100.00
 161    35.918 56246.76922240 33.97 124.149893  66.002562   -100 -100.00 -100.00 -100.00
 161    35.735 56246.76922299 33.99 124.156303  66.002272   -100 -100.00 -100.00 -100.00
 161    35.869 56246.76922359 28.40 124.162713  66.001981 16.894 -100.00 -100.00 -100.00
 161    35.823 56246.76922418 26.53 124.169123  66.001690 12.586 -100.00 -100.00 -100.00
 162    36.245 56256.68486818 32.82 124.148936  66.002176 31.323 -100.00 -100.00 -100.00
 162    36.307 56256.68486877 32.18 124.155346  66.001885 29.688 -100.00 -100.00 -100.00
 162    36.201 56256.68486937 29.41 124.161755  66.001595 20.619 -100.00 -100.00 -100.00
 162    36.214 56256.68486996 27.99 124.168165  66.001304 16.531 -100.00 -100.00 -100.00
 162    36.240 56256.68487055 24.35 124.174574  66.001013  8.391 -100.00 -100.00 -100.00
 163    36.327 56266.60051032 32.80 124.147960  66.002833   -100 -100.00 -100.00 -100.00
 163    36.423 56266.60051091 31.67 124.154370  66.002543 28.134 -100.00 -100.00 -100.00
 163    36.468 56266.60051150 26.02 124.160779  66.002252 13.344 -100.00 -100.00 -100.00
 163    36.284 56266.60051209 24.80 124.167189  66.001962 11.599 -100.00 -100.00 -100.00
 163    36.271 56266.60051268 24.80 124.173599  66.001671 11.686 -100.00 -100.00 -100.00
 164    36.251 56276.51615148 28.24 124.154620  66.003133 21.436 -100.00 -100.00 -100.00
 164    36.482 56276.51615207 24.73 124.161030  66.002842 11.943 -100.00 -100.00 -100.00
 164    36.201 56276.51615266 27.31 124.167440  66.002552 18.337 -100.00 -100.00 -100.00
 165    38.004 56286.43179820 18.73 124.151530  66.002714  4.764 -100.00 -100.00 -100.00
 165    36.530 56286.43179879 21.55 124.157940  66.002424  9.276 -100.00 -100.00 -100.00
 165    36.308 56286.43179938 21.36 124.164350  66.002133  8.966 -100.00 -100.00 -100.00
 165    36.400 56286.43179997 20.39 124.170760  66.001842  6.301 -100.00 -100.00 -100.00
 166    37.640 56296.34744819 19.06 124.152126  66.000614  5.256 -100.00 -100.00 -100.00
 166    36.301 56296.34744878 20.92 124.158535  66.000323  9.483 -100.00 -100.00 -100.00
 166    36.699 56296.34744937 19.05 124.164945  66.000032  5.826 -100.00 -100.00 -100.00
 166    36.366 56296.34744996 19.52 124.171355  65.999741  6.753 -100.00 -100.00 -100.00
 166    36.274 56296.34745055 19.27 124.177764  65.999450  6.588 -100.00 -100.00 -100.00
 167    36.681 56306.26309450 17.56 124.156524  65.998228  4.830 -100.00 -100.00 -100.00
 167    36.300 56306.26309509 18.58 124.162934  65.997938  6.723 -100.00 -100.00 -100.00
 167    36.132 56306.26309568 19.13 124.169343  65.997647  7.484 -100.00 -100.00 -100.00
 167    35.995 56306.26309627 18.30 124.175752  65.997355  6.289 -100.00 -100.00 -100.00
 167    36.225 56306.26309686 18.36 124.182161  65.997064  5.346 -100.00 -100.00 -100.00
 167    36.315 56306.26309745 18.16 124.188570  65.996772  5.974 -100.00 -100.00 -100.00
 168    37.516 56316.17873715 16.64 124.155985  65.997719  6.033 -100.00 -100.00 -100.00
 168    38.586 56316.17873774 15.82 124.162395  65.997429  4.666 -100.00 -100.00 -100.00
 168    38.287 56316.17873834 15.68 124.168804  65.997138  3.937 -100.00 -100.00 -100.00
 168    37.138 56316.17873893 16.26 124.175213  65.996846  4.415 -100.00 -100.00 -100.00
 168    36.337 56316.17873952 16.80 124.181622  65.996555  4.957 -100.00 -100.00 -100.00
 168    37.177 56316.17874011 16.13 124.188030  65.996263  4.010 -100.00 -100.00 -100.00
 169    36.780 56326.09437806 15.67 124.155587  65.999326  5.113 -100.00 -100.00 -100.00
 169    36.760 56326.09437865 16.59 124.161997  65.999035  6.321 -100.00 -100.00 -100.00
 169    36.434 56326.09437924 16.56 124.168406  65.998744  6.416 -100.00 -100.00 -100.00
 169    36.135 56326.09437983 16.55 124.174815  65.998453  6.342 -100.00 -100.00 -100.00
 169    36.468 56326.09438042 16.52 124.181224  65.998161  5.456 -100.00 -100.00 -100.00
 170    38.502 56336.01001766 14.79 124.151219  66.001425  4.765 -100.00 -100.00 -100.00
 170    36.610 56336.01001825 15.63 124.157629  66.001134  5.494 -100.00 -100.00 -100.00
 170    37.332 56336.01001884 15.01 124.164039  66.000843  5.222 -100.00 -100.00 -100.00
 170    36.134 56336.01001943 16.14 124.170449  66.000552  6.985 -100.00 -100.00 -100.00
 170    35.967 56336.01002002 15.55 124.176858  66.000261  5.358 -100.00 -100.00 -100.00
 171    39.843 56345.92565617 13.10 124.148466  66.002023  3.791 -100.00 -100.00 -100.00
 171    39.376 56345.92565676 13.11 124.154876  66.001733  3.808 -100.00 -100.00 -100.00
 171    38.335 56345.92565735 13.45 124.161286  66.001442  4.685 -100.00 -100.00 -100.00
 171    37.721 56345.92565794 14.48 124.167695  66.001152  5.994 -100.00 -100.00 -100.00
 171    38.550 56345.92565853 14.27 124.174105  66.000861  5.808 -100.00 -100.00 -100.00
 172    38.933 56355.84129317 12.75 124.155028  66.000549  4.903 -100.00 -100.00 -100.00
 172    38.508 56355.84129376 12.70 124.161437  66.000259  4.432 -100.00 -100.00 -100.00
 172    38.767 56355.84129435 12.55 124.167846  65.999968  4.135 -100.00 -100.00 -100.00
 172    38.177 56355.84129494 13.50 124.174255  65.999677  5.705 -100.00 -100.00 -100.00
 172    38.176 56355.84129553 12.61 124.180663  65.999386  3.623 -100.00 -100.00 -100.00
 173    39.428 56365.75693953 12.80 124.152199  65.999071  5.297 -100.00 -100.00 -100.00
 173    39.587 56365.75694012 11.89 124.158608  65.998781  3.581 -100.00 -100.00 -100.00
 173    38.788 56365.75694071 12.67 124.165016  65.998490  5.020 -100.00 -100.00 -100.00
 173    38.524 56365.75694130 12.48 124.171424  65.998200  4.465 -100.00 -100.00 -100.00
 173    37.871 56365.75694189 13.38 124.177833  65.997908  5.863 -100.00 -100.00 -100.00
 173    37.938 56365.75694248 12.30 124.184241  65.997617  3.725 -100.00 -100.00 -100.00
 174    39.241 56375.67258867 11.89 124.156473  65.998674  4.215 -100.00 -100.00 -100.00
 174    39.069 56375.67258926 12.43 124.162881  65.998384  4.604 -100.00 -100.00 -100.00
 174    38.744 56375.67258985 11.92 124.169290  65.998093  3.961 -100.00 -100.00 -100.00
 174    38.334 56375.67259044 12.94 124.175698  65.997802  5.359 -100.00 -100.00 -100.00
 174    38.095 56375.67259103 12.20 124.182105  65.997510  3.901 -100.00 -100.00 -100.00
 174    37.636 56375.67259162 12.16 124.188513  65.997218  3.636 -100.00 -100.00 -100.00
 176    39.648 56395.50387743 11.03 124.149988  66.002873  3.845 -100.00 -100.00 -100.00
 176    39.311 56395.50387802 11.29 124.156397  66.002583  4.579 -100.00 -100.00 -100.00
 176    38.974 56395.50387861 10.84 124.162807  66.002292  3.362 -100.00 -100.00 -100.00
 176    38.711 56395.50387920 11.35 124.169216  66.002001  4.108 -100.00 -100.00 -100.00
 178    36.130 56415.33515855 46.31 124.162877  66.003123   -100 -100.00 -100.00 -100.00
 178    37.643 56415.33515914 40.10 124.169287  66.002832 30.299 -100.00 -100.00 -100.00
 179    35.439 56425.25079077 43.05 124.148072  66.002654  2.578  262.31  262.97  264.53
 179    35.428 56425.25079136 40.76 124.154482  66.002364   -100  262.31  262.97  264.53
 179    35.445 56425.25079195 40.57 124.160892  66.002074   -100  262.31  262.97  264.53
 179    35.692 56425.25079254 37.73 124.167302  66.001783   -100  262.31  262.97  264.53
 179    35.776 56425.25079313 36.05 124.173712  66.001492 32.461  262.31  262.97  264.53
 180    43.472 56435.16643895 40.79 124.150506  66.001874   -100 -100.00 -100.00 -100.00
 180    43.466 56435.16643954 37.99 124.156916  66.001583 23.746 -100.00 -100.00 -100.00
 180    43.337 56435.16644013 37.15 124.163326  66.001293 23.109 -100.00 -100.00 -100.00
 180    43.234 56435.16644072 34.78 124.169736  66.001002 15.652 -100.00 -100.00 -100.00
 181    41.332 56445.08209088 54.00 124.150089  66.002130 21.556 -100.00 -100.00 -100.00
 181    41.305 56445.08209147 57.04 124.156499  66.001840   -100 -100.00 -100.00 -100.00
 181    41.347 56445.08209206 56.24 124.162909  66.001549 27.271 -100.00 -100.00 -100.00
 181    41.316 56445.08209265 57.36 124.169318  66.001258   -100 -100.00 -100.00 -100.00
 182    43.394 56454.99774015 23.58 124.147421  66.003179  9.192 -100.00 -100.00 -100.00
 182    42.417 56454.99774074 22.10 124.153831  66.002888  8.661 -100.00 -100.00 -100.00
 182    42.275 56454.99774133 20.90 124.160240  66.002598  6.818 -100.00 -100.00 -100.00
 182    42.488 56454.99774192 19.68 124.166650  66.002307  6.479 -100.00 -100.00 -100.00
 182    43.469 56454.99774251 19.15 124.173060  66.002016  5.315 -100.00 -100.00 -100.00
 183    42.369 56464.91338673 25.00 124.147306  66.002865 16.286 -100.00 -100.00 -100.00
 183    42.434 56464.91338732 19.35 124.153716  66.002575  6.556 -100.00 -100.00 -100.00
 183    42.374 56464.91338791 18.84 124.160125  66.002284  5.655 -100.00 -100.00 -100.00
 183    42.018 56464.91338850 19.31 124.166535  66.001993  7.498 -100.00 -100.00 -100.00
 183    41.776 56464.91338910 18.86 124.172944  66.001702  6.708 -100.00 -100.00 -100.00
 184    38.322 56474.82903037 52.33 124.154293  66.000727 26.260 -100.00 -100.00 -100.00
 184    38.299 56474.82903096 55.28 124.160702  66.000436 23.700 -100.00 -100.00 -100.00
 184    38.605 56474.82903156 55.02 124.167110  66.000145   -100 -100.00 -100.00 -100.00
 184    38.516 56474.82903215 54.37 124.173519  65.999854 22.444 -100.00 -100.00 -100.00
 184    38.495 56474.82903274 52.83 124.179927  65.999562   -100 -100.00 -100.00 -100.00
 185    38.033 56484.74466993 53.33 124.154181  65.998479   -100 -100.00 -100.00 -100.00
 185    38.254 56484.74467052 53.20 124.160589  65.998188   -100 -100.00 -100.00 -100.00
 185    38.029 56484.74467111 56.30 124.166997  65.997897   -100 -100.00 -100.00 -100.00
 185    37.981 56484.74467170 56.17 124.173405  65.997606 22.911 -100.00 -100.00 -100.00
 185    38.244 56484.74467229 55.26 124.179813  65.997315 10.632 -100.00 -100.00 -100.00
 185    38.101 56484.74467288 57.39 124.186221  65.997023   -100 -100.00 -100.00 -100.00
 187    40.754 56504.57594087 23.24 124.155131  65.999437 13.626 -100.00 -100.00 -100.00
 187    40.848 56504.57594146 22.90 124.161540  65.999147 13.328 -100.00 -100.00 -100.00
 187    40.725 56504.57594205 24.11 124.167948  65.998856 16.724 -100.00 -100.00 -100.00
 187    40.743 56504.57594264 21.83 124.174356  65.998565 12.766 -100.00 -100.00 -100.00
 187    40.637 56504.57594323 22.90 124.180765  65.998274 16.025 -100.00 -100.00 -100.00
 188    40.581 56514.49157357 57.44 124.153824  66.001933   -100 -100.00 -100.00 -100.00
 188    40.584 56514.49157416 56.34 124.160233  66.001643   -100 -100.00 -100.00 -100.00
 188    40.588 56514.49157475 57.01 124.166643  66.001352   -100 -100.00 -100.00 -100.00
 188    40.594 56514.49157534 57.28 124.173052  66.001062   -100 -100.00 -100.00 -100.00
 189    39.676 56524.40722527 33.22 124.151898  66.002693   -100 -100.00 -100.00 -100.00
 189    39.516 56524.40722586 33.15 124.158308  66.002403   -100 -100.00 -100.00 -100.00
 189    39.513 56524.40722645 23.59 124.164718  66.002113 15.536 -100.00 -100.00 -100.00
 189    39.685 56524.40722704 21.79 124.171127  66.001822 11.917 -100.00 -100.00 -100.00
 190    39.435 56534.32287646 28.70 124.150177  66.001403   -100 -100.00 -100.00 -100.00
 190    39.263 56534.32287706 29.28 124.156587  66.001113   -100 -100.00 -100.00 -100.00
 190    39.147 56534.32287765 28.74 124.162997  66.000822   -100 -100.00 -100.00 -100.00
 190    39.005 56534.32287824 30.64 124.169407  66.000532   -100 -100.00 -100.00 -100.00
 190    39.394 56534.32287883 24.68 124.175816  66.000241 16.607 -100.00 -100.00 -100.00
 192    37.800 56554.15416915 53.24 124.155839  65.998896 15.395 -100.00 -100.00 -100.00
 192    37.913 56554.15416974 53.54 124.162248  65.998606  5.844 -100.00 -100.00 -100.00
 192    37.891 56554.15417033 55.97 124.168658  65.998315 29.213 -100.00 -100.00 -100.00
 192    37.813 56554.15417092 55.41 124.175067  65.998024   -100 -100.00 -100.00 -100.00
 192    37.776 56554.15417151 56.50 124.181476  65.997732   -100 -100.00 -100.00 -100.00
 192    37.867 56554.15417210 55.69 124.187885  65.997440 18.944 -100.00 -100.00 -100.00
 193    40.980 56564.06981171 28.78 124.153908  66.000841 10.338 -100.00 -100.00 -100.00
 193    38.546 56564.06981230 28.47 124.160318  66.000551 11.584 -100.00 -100.00 -100.00
 193    38.303 56564.06981289 27.66 124.166728  66.000260 11.763 -100.00 -100.00 -100.00
 193    37.592 56564.06981348 29.82 124.173138  65.999969 16.906 -100.00 -100.00 -100.00
 193    37.710 56564.06981407 31.12 124.179547  65.999677 20.363 -100.00 -100.00 -100.00
 194    37.194 56573.98545401 40.76 124.163514  66.002955   -100 -100.00 -100.00 -100.00
 194    37.068 56573.98545460 39.38 124.169925  66.002665   -100 -100.00 -100.00 -100.00
 197    34.814 56603.73237925 20.22 124.149233  66.002563  8.905  244.08  240.84  238.10
 197    35.051 56603.73237984 19.36 124.155643  66.002273  7.811  244.08  240.84  238.10
 197    34.868 56603.73238043 19.88 124.162053  66.001983  9.234  244.08  240.84  238.10
 197    34.739 56603.73238102 19.57 124.168463  66.001692  7.590  244.08  240.84  238.10
 198    35.409 56613.64802834 29.06 124.153356  66.001271   -100 -100.00 -100.00 -100.00
 198    35.649 56613.64802893 28.05 124.159765  66.000981   -100 -100.00 -100.00 -100.00
 198    35.609 56613.64802952 30.38 124.166175  66.000690   -100 -100.00 -100.00 -100.00
 198    35.650 56613.64803011 31.33 124.172584  66.000399   -100 -100.00 -100.00 -100.00
 199    35.583 56623.56367248 17.41 124.148352  66.001981  8.107 -100.00 -100.00 -100.00
 199    35.776 56623.56367307 17.08 124.154762  66.001691  6.504 -100.00 -100.00 -100.00
 199    35.800 56623.56367366 17.35 124.161171  66.001400  8.073 -100.00 -100.00 -100.00
 199    36.034 56623.56367425 15.90 124.167581  66.001109  5.524 -100.00 -100.00 -100.00
 199    35.630 56623.56367484 16.64 124.173990  66.000818  6.794 -100.00 -100.00 -100.00
 200    35.636 56633.47931451 16.10 124.151361  66.002607  7.665 -100.00 -100.00 -100.00
 200    36.029 56633.47931510 15.01 124.157771  66.002317  5.052 -100.00 -100.00 -100.00
 200    37.005 56633.47931569 15.37 124.164181  66.002026  5.785 -100.00 -100.00 -100.00
 200    36.323 56633.47931628 15.50 124.170591  66.001735  5.959 -100.00 -100.00 -100.00
 201    36.051 56643.39495148 14.83 124.150193  66.002763  6.332 -100.00 -100.00 -100.00
 201    36.338 56643.39495207 15.19 124.156603  66.002473  6.166 -100.00 -100.00 -100.00
 201    38.266 56643.39495266 14.08 124.163013  66.002182  4.596 -100.00 -100.00 -100.00
 201    35.591 56643.39495325 15.88 124.169424  66.001892  7.865 -100.00 -100.00 -100.00
 202    38.908 56653.31060322 13.53 124.153139  66.000891  5.222 -100.00 -100.00 -100.00
 202    38.931 56653.31060381 13.64 124.159549  66.000600  4.903 -100.00 -100.00 -100.00
 202    37.037 56653.31060440 13.89 124.165959  66.000309  5.881 -100.00 -100.00 -100.00
 202    38.004 56653.31060500 13.18 124.172369  66.000018  5.506 -100.00 -100.00 -100.00
 202    36.491 56653.31060559 13.49 124.178778  65.999727  5.260 -100.00 -100.00 -100.00
 203    39.388 56663.22625253 13.43 124.154474  65.998782  5.830 -100.00 -100.00 -100.00
 203    38.773 56663.22625312 13.13 124.160884  65.998492  5.129 -100.00 -100.00 -100.00
 203    38.373 56663.22625371 13.42 124.167293  65.998201  5.286 -100.00 -100.00 -100.00
 203    37.779 56663.22625430 12.87 124.173703  65.997910  4.508 -100.00 -100.00 -100.00
 203    37.251 56663.22625489 13.03 124.180112  65.997618  4.761 -100.00 -100.00 -100.00
 203    37.736 56663.22625548 12.51 124.186521  65.997326  3.622 -100.00 -100.00 -100.00
 204    39.260 56673.14189923 12.60 124.157788  65.997786  4.237 -100.00 -100.00 -100.00
 204    39.416 56673.14189983 12.26 124.164198  65.997496  3.717 -100.00 -100.00 -100.00
 204    39.050 56673.14190042 12.39 124.170607  65.997204  4.640 -100.00 -100.00 -100.00
 204    38.756 56673.14190101 12.95 124.177016  65.996913  4.578 -100.00 -100.00 -100.00
 204    38.173 56673.14190160 12.39 124.183425  65.996621  3.780 -100.00 -100.00 -100.00
 204    36.980 56673.14190219 13.09 124.189833  65.996329  4.463 -100.00 -100.00 -100.00
 205    39.244 56683.05754379 12.38 124.153304  65.999423  4.099 -100.00 -100.00 -100.00
 205    39.973 56683.05754438 12.60 124.159713  65.999132  5.075 -100.00 -100.00 -100.00
 205    39.149 56683.05754497 13.29 124.166123  65.998841  5.906 -100.00 -100.00 -100.00
 205    38.917 56683.05754556 12.15 124.172532  65.998550  3.971 -100.00 -100.00 -100.00
 205    38.613 56683.05754615 12.12 124.178941  65.998258  4.155 -100.00 -100.00 -100.00
 205    38.098 56683.05754674 12.15 124.185350  65.997967  3.653 -100.00 -100.00 -100.00
 206    38.821 56692.97318636 12.86 124.150138  66.001475  6.293 -100.00 -100.00 -100.00
 206    38.951 56692.97318695 12.02 124.156548  66.001184  5.299 -100.00 -100.00 -100.00
 206    38.751 56692.97318754 11.10 124.162958  66.000893  4.194 -100.00 -100.00 -100.00
 206    38.862 56692.97318813 11.68 124.169367  66.000602  4.624 -100.00 -100.00 -100.00
 206    38.673 56692.97318872 11.10 124.175777  66.000311  3.581 -100.00 -100.00 -100.00
 207    39.216 56702.88882511 11.20 124.150646  66.002521  4.485 -100.00 -100.00 -100.00
 207    38.800 56702.88882570 10.76 124.157056  66.002231  3.997 -100.00 -100.00 -100.00
 207    38.654 56702.88882629 10.98 124.163465  66.001940  4.725 -100.00 -100.00 -100.00
 207    38.930 56702.88882688 10.83 124.169875  66.001649  3.923 -100.00 -100.00 -100.00
 208    39.765 56712.80445907 10.14 124.154471  66.001481  3.989 -100.00 -100.00 -100.00
 208    40.030 56712.80445966  9.93 124.160881  66.001191  3.162 -100.00 -100.00 -100.00
 208    39.630 56712.80446025  9.62 124.167290  66.000900  2.934 -100.00 -100.00 -100.00
 208    39.219 56712.80446084  9.61 124.173699  66.000610  3.079 -100.00 -100.00 -100.00
 209    39.327 56722.72010642 10.57 124.153458  66.000061  5.618  238.10  227.64  207.64
 209    39.142 56722.72010701 11.19 124.159867  65.999771  6.811  238.10  227.64  207.64
 209    39.530 56722.72010760 10.74 124.166276  65.999480  6.576  238.10  227.64  207.64
 209    39.317 56722.72010819 10.52 124.172685  65.999189  5.669  238.10  227.64  207.64
 209    38.510 56722.72010878 10.77 124.179093  65.998898  5.423  238.10  227.64  207.64
 210    40.205 56732.63575777  9.53 124.156731  65.999476  3.246 -100.00 -100.00 -100.00
 210    39.753 56732.63575836  9.54 124.163140  65.999185  3.203 -100.00 -100.00 -100.00
 210    39.413 56732.63575896  9.51 124.169548  65.998894  3.342 -100.00 -100.00 -100.00
 210    39.119 56732.63575955  9.13 124.175957  65.998603  2.740 -100.00 -100.00 -100.00
 210    38.903 56732.63576014  9.72 124.182365  65.998311  3.131 -100.00 -100.00 -100.00
 211    40.613 56742.55140471 10.21 124.151147  66.001425  3.609 -100.00 -100.00 -100.00
 211    41.016 56742.55140530  9.83 124.157556  66.001135  3.609 -100.00 -100.00 -100.00
 211    42.040 56742.55140589  9.96 124.163965  66.000844  3.098 -100.00 -100.00 -100.00
 211    43.646 56742.55140648  9.79 124.170374  66.000553  2.746 -100.00 -100.00 -100.00
 211    40.423 56742.55140707 10.15 124.176783  66.000261  3.474 -100.00 -100.00 -100.00
 215    38.810 56782.21397431 26.65 124.150062  66.002570 10.087 -100.00 -100.00 -100.00
 215    38.450 56782.21397490 26.72 124.156472  66.002280 11.226 -100.00 -100.00 -100.00
 215    38.873 56782.21397549 27.77 124.162882  66.001989 15.027 -100.00 -100.00 -100.00
 215    38.953 56782.21397608 26.67 124.169292  66.001699 11.262 -100.00 -100.00 -100.00
 216    40.710 56792.12962894 38.19 124.153482  66.001222   -100 -100.00 -100.00 -100.00
 216    40.707 56792.12962953 46.52 124.159892  66.000932 16.305 -100.00 -100.00 -100.00
 216    40.609 56792.12963012 45.34 124.166302  66.000641 14.344 -100.00 -100.00 -100.00
 216    40.595 56792.12963071 46.95 124.172711  66.000349 31.859 -100.00 -100.00 -100.00
 217    42.000 56802.04528030 55.26 124.152995  66.001239 29.230 -100.00 -100.00 -100.00
 217    42.010 56802.04528089 56.39 124.159404  66.000948   -100 -100.00 -100.00 -100.00
 217    42.014 56802.04528148 57.61 124.165814  66.000657   -100 -100.00 -100.00 -100.00
 217    41.996 56802.04528207 56.53 124.172223  66.000366   -100 -100.00 -100.00 -100.00
 218    42.852 56811.96092408 23.34 124.151609  66.001944  7.079 -100.00 -100.00 -100.00
 218    42.570 56811.96092467 24.17 124.158019  66.001653  7.862 -100.00 -100.00 -100.00
 218    42.345 56811.96092526 23.89 124.164428  66.001362  8.390 -100.00 -100.00 -100.00
 218    43.349 56811.96092585 23.57 124.170837  66.001071  8.324 -100.00 -100.00 -100.00
 219    40.191 56821.87656362 52.38 124.148226  66.002089   -100 -100.00 -100.00 -100.00
 219    40.188 56821.87656421 57.04 124.154635  66.001798  1.995 -100.00 -100.00 -100.00
 219    40.184 56821.87656480 56.12 124.161044  66.001508   -100 -100.00 -100.00 -100.00
 219    40.161 56821.87656539 54.86 124.167453  66.001217  9.666 -100.00 -100.00 -100.00
 219    40.139 56821.87656598 57.71 124.173862  66.000925 32.741 -100.00 -100.00 -100.00
 220    39.730 56831.79219957 27.46 124.151008  66.000864 30.693 -100.00 -100.00 -100.00
 220    39.669 56831.79220016 26.05 124.157417  66.000574 25.770 -100.00 -100.00 -100.00
 220    39.491 56831.79220075 25.23 124.163826  66.000283 23.783 -100.00 -100.00 -100.00
 220    39.307 56831.79220134 24.35 124.170235  65.999992 21.438 -100.00 -100.00 -100.00
 220    39.560 56831.79220193 23.81 124.176643  65.999701 19.822 -100.00 -100.00 -100.00
 221    39.107 56841.70783214 29.08 124.153514  65.999401 22.119 -100.00 -100.00 -100.00
 221    38.793 56841.70783273 33.37 124.159922  65.999110   -100 -100.00 -100.00 -100.00
 221    38.750 56841.70783332 28.45 124.166331  65.998820 23.700 -100.00 -100.00 -100.00
 221    38.527 56841.70783391 31.70 124.172739  65.998529   -100 -100.00 -100.00 -100.00
 221    38.625 56841.70783450 32.09 124.179147  65.998237   -100 -100.00 -100.00 -100.00
 221    38.839 56841.70783509 33.99 124.185555  65.997946   -100 -100.00 -100.00 -100.00
 222    38.371 56851.62347033 36.52 124.156040  65.998956 25.876 -100.00 -100.00 -100.00
 222    38.217 56851.62347092 36.65 124.162449  65.998666 32.637 -100.00 -100.00 -100.00
 222    38.151 56851.62347151 37.13 124.168857  65.998375   -100 -100.00 -100.00 -100.00
 222    38.319 56851.62347210 41.28 124.175265  65.998084   -100 -100.00 -100.00 -100.00
 222    38.195 56851.62347270 43.36 124.181673  65.997793 18.102 -100.00 -100.00 -100.00
 222    38.180 56851.62347329 43.36 124.188080  65.997502 19.120 -100.00 -100.00 -100.00
 223    38.890 56861.53912461 28.56 124.155863  65.999826 22.830 -100.00 -100.00 -100.00
 223    38.632 56861.53912520 29.09 124.162271  65.999535 25.773 -100.00 -100.00 -100.00
 223    38.396 56861.53912579 29.25 124.168680  65.999244 28.659 -100.00 -100.00 -100.00
 223    38.567 56861.53912638 30.62 124.175088  65.998953 32.014 -100.00 -100.00 -100.00
 223    38.569 56861.53912697 30.64 124.181496  65.998662 32.649 -100.00 -100.00 -100.00
 224    37.512 56871.45477797 53.54 124.152821  66.001408 22.960  251.68  253.74  252.19
 224    37.727 56871.45477856 55.04 124.159231  66.001118  3.168  251.68  253.74  252.19
 224    37.708 56871.45477915 55.30 124.165640  66.000827  8.231  251.68  253.74  252.19
 224    37.627 56871.45477974 56.57 124.172049  66.000536   -100  251.68  253.74  252.19
 225    39.073 56881.37042849 23.51 124.150645  66.002070 13.012 -100.00 -100.00 -100.00
 225    38.641 56881.37042909 26.29 124.157054  66.001779 18.730 -100.00 -100.00 -100.00
 225    38.671 56881.37042968 25.54 124.163464  66.001488 16.206 -100.00 -100.00 -100.00
 225    38.166 56881.37043027 28.04 124.169874  66.001197 27.388 -100.00 -100.00 -100.00
 226    39.011 56891.28607586 23.62 124.153808  66.001401 12.114 -100.00 -100.00 -100.00
 226    38.743 56891.28607645 23.86 124.160218  66.001110 12.334 -100.00 -100.00 -100.00
 226    38.338 56891.28607704 26.76 124.166627  66.000819 21.671 -100.00 -100.00 -100.00
 226    37.268 56891.28607763 29.37 124.173037  66.000528   -100 -100.00 -100.00 -100.00
 227    38.889 56901.20171977 24.55 124.151382  66.000510 14.621 -100.00 -100.00 -100.00
 227    38.808 56901.20172036 25.02 124.157792  66.000219 16.839 -100.00 -100.00 -100.00
 227    38.526 56901.20172095 27.16 124.164201  65.999928 21.397 -100.00 -100.00 -100.00
 227    38.157 56901.20172154 27.38 124.170611  65.999637 21.837 -100.00 -100.00 -100.00
 227    37.755 56901.20172213 29.89 124.177020  65.999345 32.101 -100.00 -100.00 -100.00
 228    39.766 56911.11736174 21.53 124.149607  66.000879  8.314 -100.00 -100.00 -100.00
 228    39.292 56911.11736233 22.26 124.156017  66.000588  9.968 -100.00 -100.00 -100.00
 228    38.615 56911.11736292 25.68 124.162427  66.000297 17.607 -100.00 -100.00 -100.00
 228    38.702 56911.11736351 24.75 124.168836  66.000006 13.556 -100.00 -100.00 -100.00
 228    37.781 56911.11736410 29.74 124.175246  65.999714 32.619 -100.00 -100.00 -100.00
 229    38.376 56921.03300232 29.37 124.150237  66.002177 21.324 -100.00 -100.00 -100.00
 229    38.129 56921.03300291 29.61 124.156647  66.001887 22.080 -100.00 -100.00 -100.00
 229    38.608 56921.03300350 27.84 124.163057  66.001596 15.557 -100.00 -100.00 -100.00
 229    38.020 56921.03300409 30.83 124.169467  66.001304 24.885 -100.00 -100.00 -100.00
 233    34.550 56960.69556576 30.95 124.152723  66.002429 24.484 -100.00 -100.00 -100.00
 233    34.635 56960.69556635 29.14 124.159133  66.002139 18.410 -100.00 -100.00 -100.00
 233    34.473 56960.69556694 28.94 124.165542  66.001848 19.291 -100.00 -100.00 -100.00
 233    34.494 56960.69556753 28.28 124.171951  66.001557 16.150 -100.00 -100.00 -100.00
 234    34.469 56970.61121207 20.47 124.148854  66.001791  9.417 -100.00 -100.00 -100.00
 234    34.629 56970.61121266 21.93 124.155263  66.001500 10.706 -100.00 -100.00 -100.00
 234    34.708 56970.61121325 20.62 124.161672  66.001210  8.798 -100.00 -100.00 -100.00
 234    34.428 56970.61121385 22.54 124.168082  66.000919 12.900 -100.00 -100.00 -100.00
 234    34.506 56970.61121444 20.18 124.174491  66.000627  7.574 -100.00 -100.00 -100.00
 235    35.276 56980.52685471 23.10 124.148593  66.001757 14.667 -100.00 -100.00 -100.00
 235    35.443 56980.52685530 25.30 124.155003  66.001467 19.845 -100.00 -100.00 -100.00
 235    35.316 56980.52685589 26.70 124.161413  66.001176 25.494 -100.00 -100.00 -100.00
 235    35.498 56980.52685648 25.15 124.167822  66.000885 18.631 -100.00 -100.00 -100.00
 235    35.517 56980.52685707 26.57 124.174231  66.000594 23.754 -100.00 -100.00 -100.00
 236    35.804 56990.44249344 17.14 124.153878  66.001731  5.722 -100.00 -100.00 -100.00
 236    35.919 56990.44249403 18.20 124.160288  66.001440  6.999 -100.00 -100.00 -100.00
 236    35.864 56990.44249462 18.83 124.166698  66.001149  8.156 -100.00 -100.00 -100.00
 236    35.779 56990.44249521 17.63 124.173108  66.000858  6.297 -100.00 -100.00 -100.00
 237    35.842 57000.35812500 18.50 124.150052  66.001667  8.636 -100.00 -100.00 -100.00
 237    35.768 57000.35812559 17.79 124.156462  66.001377  7.178 -100.00 -100.00 -100.00
 237    35.387 57000.35812618 22.08 124.162872  66.001086 15.980 -100.00 -100.00 -100.00
 237    35.503 57000.35812677 22.81 124.169282  66.000796 17.630 -100.00 -100.00 -100.00
 237    35.333 57000.35812736 23.99 124.175692  66.000505 21.493 -100.00 -100.00 -100.00
 238    35.464 57010.27378034 17.76 124.151851  66.000604  7.908 -100.00 -100.00 -100.00
 238    35.736 57010.27378093 16.27 124.158261  66.000313  6.094 -100.00 -100.00 -100.00
 238    35.716 57010.27378152 16.41 124.164671  66.000023  5.969 -100.00 -100.00 -100.00
 238    35.596 57010.27378212 16.94 124.171081  65.999732  8.018 -100.00 -100.00 -100.00
 238    35.600 57010.27378271 16.65 124.177490  65.999441  7.042 -100.00 -100.00 -100.00
 239    38.186 57020.18943267 14.15 124.154205  65.999472  4.913 -100.00 -100.00 -100.00
 239    35.788 57020.18943326 14.69 124.160614  65.999181  5.333 -100.00 -100.00 -100.00
 239    38.406 57020.18943385 13.44 124.167024  65.998891  4.109 -100.00 -100.00 -100.00
 239    38.208 57020.18943444 14.07 124.173433  65.998599  4.802 -100.00 -100.00 -100.00
 239    38.246 57020.18943503 13.88 124.179843  65.998308  4.471 -100.00 -100.00 -100.00
 239    37.474 57020.18943563 13.67 124.186252  65.998016  4.384 -100.00 -100.00 -100.00
 240    39.482 57030.10508153 13.67 124.151166  65.999607  4.729 -100.00 -100.00 -100.00
 240    40.091 57030.10508212 12.99 124.157575  65.999317  4.158 -100.00 -100.00 -100.00
 240    38.706 57030.10508271 13.42 124.163985  65.999026  5.503 -100.00 -100.00 -100.00
 240    38.751 57030.10508330 12.80 124.170394  65.998735  4.817 -100.00 -100.00 -100.00
 240    38.341 57030.10508389 12.88 124.176804  65.998443  4.224 -100.00 -100.00 -100.00
 240    38.368 57030.10508448 12.29 124.183213  65.998152  3.736 -100.00 -100.00 -100.00
 241    37.681 57040.02072882 13.70 124.150195  66.000407  5.535 -100.00 -100.00 -100.00
 241    40.042 57040.02072941 12.97 124.156604  66.000117  4.230 -100.00 -100.00 -100.00
 241    39.244 57040.02073000 12.37 124.163014  65.999826  3.754 -100.00 -100.00 -100.00
 241    39.001 57040.02073059 12.43 124.169423  65.999535  3.943 -100.00 -100.00 -100.00
 241    38.780 57040.02073118 12.27 124.175833  65.999243  4.134 -100.00 -100.00 -100.00
 241    38.051 57040.02073178 12.58 124.182242  65.998952  4.130 -100.00 -100.00 -100.00
 242    39.506 57049.93637417 11.95 124.151898  66.001342  4.079 -100.00 -100.00 -100.00
 242    39.878 57049.93637476 11.66 124.158308  66.001052  3.910 -100.00 -100.00 -100.00
 242    38.690 57049.93637535 11.60 124.164718  66.000761  3.797 -100.00 -100.00 -100.00
 242    38.865 57049.93637594 11.64 124.171127  66.000470  4.177 -100.00 -100.00 -100.00
 242    38.405 57049.93637653 11.60 124.177536  66.000179  3.588 -100.00 -100.00 -100.00
 243    38.868 57059.85201545 11.56 124.153080  66.001654  4.534 -100.00 -100.00 -100.00
 243    39.424 57059.85201604 11.33 124.159489  66.001364  4.216 -100.00 -100.00 -100.00
 243    38.500 57059.85201663 11.05 124.165899  66.001073  3.582 -100.00 -100.00 -100.00
 243    38.878 57059.85201722 10.93 124.172308  66.000782  3.271 -100.00 -100.00 -100.00
 244    39.004 57069.76765107 12.00 124.154220  66.001467  5.650 -100.00 -100.00 -100.00
 244    39.696 57069.76765166 10.83 124.160629  66.001176  3.945 -100.00 -100.00 -100.00
 244    39.527 57069.76765225 10.59 124.167038  66.000886  3.733 -100.00 -100.00 -100.00
 244    38.906 57069.76765284 10.54 124.173447  66.000595  3.525 -100.00 -100.00 -100.00
 245    40.354 57079.68328200  9.76 124.151661  66.001586  3.228 -100.00 -100.00 -100.00
 245    39.892 57079.68328259  9.79 124.158070  66.001296  3.259 -100.00 -100.00 -100.00
 245    39.536 57079.68328318  9.71 124.164479  66.001005  2.750 -100.00 -100.00 -100.00
 245    39.193 57079.68328377  9.69 124.170888  66.000715  2.972 -100.00 -100.00 -100.00
 246    39.984 57089.59892025 10.24 124.151637  66.002339  3.741 -100.00 -100.00 -100.00
 246    39.521 57089.59892084 10.19 124.158046  66.002049  3.627 -100.00 -100.00 -100.00
 246    39.386 57089.59892143 10.00 124.164456  66.001759  3.243 -100.00 -100.00 -100.00
 246    39.168 57089.59892202 10.20 124.170865  66.001468  3.929 -100.00 -100.00 -100.00
 247    41.533 57099.51457880  9.58 124.157570  66.003147  3.091 -100.00 -100.00 -100.00
 247    40.802 57099.51457939  9.66 124.163980  66.002857  2.533 -100.00 -100.00 -100.00
 247    44.020 57099.51457998  9.70 124.170389  66.002566  2.738 -100.00 -100.00 -100.00
 250    39.765 57129.26152647 12.19 124.150479  66.002776  5.593 -100.00 -100.00 -100.00
 250    40.121 57129.26152706 11.23 124.156889  66.002486  4.543 -100.00 -100.00 -100.00
 250    40.279 57129.26152765 10.92 124.163299  66.002195  4.262 -100.00 -100.00 -100.00
 250    39.625 57129.26152824 10.74 124.169709  66.001904  3.854 -100.00 -100.00 -100.00
