# NaN NaN NaN ;Mean Elev.(m), Avg Gradient(m/km), RMS Gradient(m/km) - SRTM1     
#   21.203  -3.268   9.629 ;Mean Elev.(m), Avg Gradient(m/km), RMS Gradient(m/km) - ASTER GDEM
#   25.163  -3.719   8.785 ;Mean Elev.(m), Avg Gradient(m/km), RMS Gradient(m/km) - GMTED2010 
   1 123.903136  66.131261    39.325    39.113  6 54659.25060048 25.854
   2 123.908436  66.130822   107.526   107.935  5 54669.16624711  0.962
   3 123.902052  66.131540    -5.861    -7.808  5 54679.08189070 27.818
   4 123.908056  66.133012    39.537    39.189  3 54688.99753425 23.685
   5 123.901531  66.133623    -4.368    -9.665  5 54698.91317458 23.920
   7 123.901208  66.130752    -3.119    -3.296  6 54718.74446966 10.813
   8 123.907280  66.128917    39.801    39.685  5 54728.66011916 30.230
   9 123.909035  66.128456    37.580    37.600  5 54738.57576671 55.440
  10 123.908284  66.129274    96.517    96.258  4 54748.49141394  2.944
  11 123.906057  66.130275    82.306    82.872  6 54758.40706074 23.757
  12 123.904885  66.130357    34.621    34.658  6 54768.32270541 35.340
  13 123.908349  66.129214    35.512    35.490  5 54778.23834714 34.204
  17 123.906765  66.130443    39.042    38.830  4 54817.90089919 15.207
  18 123.900545  66.131288    38.278    38.444  6 54827.81654908 14.759
  19 123.901520  66.131300    37.748    37.583  5 54837.73218814 14.182
  20 123.906512  66.131586    37.942    37.901  4 54847.64783791 13.616
  21 123.902913  66.132117    37.522    37.489  6 54857.56348635 12.951
  22 123.903867  66.133004    37.301    36.873  5 54867.47913528 12.933
  23 123.900868  66.132869    37.324    37.214  5 54877.39478317 12.444
  24 123.902947  66.131716    37.302    36.902  5 54887.31042850 12.279
  25 123.906382  66.129923    37.213    37.569  5 54897.22607056 12.168
  26 123.905967  66.128784    36.608    35.955  5 54907.14170964 11.890
  27 123.908718  66.128925    36.838    36.344  5 54917.05734781 11.216
  28 123.905734  66.129567    37.019    37.272  6 54926.97298532 11.372
  29 123.905711  66.129823    37.015    36.573  6 54936.88862247 11.052
  30 123.901512  66.129312    81.214    80.767  3 54946.80425740 12.295
  31 123.908556  66.128376    38.425    38.952  5 54956.71989152 34.408
  32 123.911609  66.127919    40.283    40.060  5 54966.63554040 31.730
  33 123.910127  66.128372    43.394    43.382  5 54976.55118792 39.999
  34 123.906645  66.129492    91.714    91.813  5 54986.46683527 22.599
  35 123.905234  66.130468    87.655    87.674  6 54996.38248290 25.727
  37 123.901949  66.131311    85.561    86.077  6 55016.21377264 20.922
  39 123.900202  66.132673    39.741    39.758  6 55036.04505704 27.349
  40 123.901432  66.133013    37.319    36.216  6 55045.96069835 33.381
  41 123.909762  66.132244    39.220    39.205  4 55055.87633848 26.531
  42 123.906695  66.130205    39.371    39.513  4 55065.79197525 26.280
  43 123.904863  66.128753    36.862    36.778  5 55075.70762385 55.070
  44 123.905849  66.128536    88.317    84.695  5 55085.62327176  9.612
  48 123.911043  66.128747    83.395    83.367  5 55125.28585347 24.965
  49 123.912621  66.127995    93.781   103.781  5 55135.20149429  9.737
  50 123.910140  66.127924    86.608    81.808  4 55145.11713263  8.242
  51 123.910202  66.128971    34.836    34.857  5 55155.03277050 27.471
  52 123.904319  66.129931    35.447    35.420  5 55164.94840811 24.326
  53 123.903916  66.130727    36.354    35.760  6 55174.86404599 22.253
  54 123.904889  66.130736    36.065    35.865  6 55184.77968609 20.639
  55 123.904396  66.130985    35.680    35.697  6 55194.69533718 20.648
  56 123.902826  66.131790    35.805    35.481  5 55204.61098689 19.808
  57 123.901594  66.132947    35.852    35.547  5 55214.52663598 18.978
  58 123.900435  66.133155    36.438    36.573  5 55224.44228458 17.544
  59 123.903578  66.131755    36.046    35.994  6 55234.35793176 17.385
  60 123.903974  66.129327    36.651    37.242  5 55244.27357543 15.969
  61 123.910227  66.127727    36.934    36.733  5 55254.18921664 15.536
  62 123.908145  66.128014    36.678    36.198  5 55264.10485523 14.485
  63 123.906111  66.129713    36.663    36.620  6 55274.02049290 14.054
  64 123.903364  66.130588    36.872    37.038  5 55283.93612999 13.648
  65 123.904986  66.129666    37.182    37.268  6 55293.85176601 13.185
  66 123.918528  66.127988    36.106    36.106  2 55303.76740443 12.811
  67 123.914863  66.126902    35.623    35.697  5 55313.68305158 22.144
  68 123.910365  66.127743    85.878    78.689  5 55323.59869661 15.185
  69 123.906412  66.129600    83.556    84.820  6 55333.51434040 17.164
  70 123.902297  66.130981    88.983    89.121  6 55343.42998405 26.868
  73 123.908682  66.130772    96.915    97.185  4 55373.17690922  2.986
  74 123.901139  66.131640   103.707   105.713  5 55383.09254683 22.369
  76 123.898037  66.132761    93.354    85.613  5 55402.92381998  4.522
  77 123.903447  66.131205    82.957    82.794  6 55412.83947246 27.179
  80 123.909095  66.127797    82.723    82.644  5 55442.58641322 25.174
  81 123.911509  66.129598    39.146    38.887  4 55452.50205659 26.835
  82 123.901998  66.130788    90.363    85.588  4 55462.41769807  8.894
  84 123.910658  66.128111    81.655    81.454  5 55482.24897710 20.315
  85 123.912553  66.126654    84.533    79.909  5 55492.16461275 11.086
  86 123.912251  66.127438    34.307    34.280  5 55502.08024651 25.949
  87 123.906287  66.129641    34.381    34.357  6 55511.99589104 21.528
  90 123.909145  66.131225    34.730    34.780  4 55541.74283586 16.337
  91 123.913587  66.130751    34.767    34.641  3 55551.65848084 15.643
  92 123.903152  66.131284    35.353    35.331  6 55561.57412304 14.109
  93 123.901942  66.132517    36.463    36.760  5 55571.48976535 12.936
  94 123.901117  66.132682    36.467    36.742  5 55581.40540654 12.407
  95 123.903411  66.130901    37.033    37.375  5 55591.32104488 12.109
  96 123.907762  66.128240    36.839    36.530  5 55601.23668018 11.516
  97 123.912578  66.126673    36.203    36.171  4 55611.15231335 11.424
  98 123.912161  66.127407    36.160    36.067  5 55621.06794541 11.130
  99 123.906308  66.129565    36.261    36.328  6 55630.98359775 10.707
 100 123.902957  66.130755    37.712    38.204  6 55640.89924827 10.169
 101 123.915127  66.130093    36.441    36.353  3 55650.81489753 10.405
 102 123.910989  66.127808    37.176    37.011  4 55660.73054164 10.268
 103 123.914733  66.126756    49.382    46.417  4 55670.64618311  6.287
 104 123.910699  66.127716    38.316    38.289  5 55680.56182214 26.952
 106 123.902285  66.131772    39.925    39.969  6 55700.39309491 53.748
 111 123.907629  66.131898    38.230    38.670  4 55749.97132507 29.531
 112 123.907894  66.131773    39.031    38.871  3 55759.88696809 25.871
 113 123.902486  66.130483    87.043    84.227  6 55769.80260773  8.623
 114 123.906913  66.128507    82.595    82.001  5 55779.71824494 27.960
 117 123.906699  66.129101    91.318    86.398  6 55809.46515918  6.508
 119 123.905870  66.130049    40.133    40.111  6 55829.29645255 23.397
 120 123.903405  66.128380    99.390   107.873  3 55839.21209237  6.654
 121 123.912077  66.127262    82.486    82.566  5 55849.12773016 25.403
 123 123.912387  66.130305    88.218    85.687  3 55868.95901373  3.557
 133 123.909662  66.127823    38.561    38.756  5 55968.11545644 10.737
 134 123.909759  66.128610    38.539    38.790  5 55978.03109317 10.870
 135 123.908492  66.129495    38.857    38.788  5 55987.94672912 10.357
 136 123.903586  66.129673    38.855    39.031  5 55997.86236860  9.905
 137 123.906400  66.129166    38.092    38.423  5 56007.77802007  9.672
 138 123.906637  66.128321    38.706    38.680  5 56017.69366712 10.059
 139 123.909973  66.128426    37.835    37.586  5 56027.60931155  9.505
 141 123.902835  66.130781    39.111    39.720  5 56047.44059393  8.850
 142 123.900954  66.131796    82.067    81.920  5 56057.35623151 18.757
 143 123.903411  66.131992    94.194    95.055  6 56067.27186515 14.410
 144 123.900516  66.131734    88.427    88.312  6 56077.18751400 22.413
 146 123.909585  66.131847    39.800    39.899  4 56097.01881012 28.934
 149 123.906196  66.128928    84.731    84.717  5 56126.76572161 28.251
 150 123.909025  66.128114    93.951    93.748  4 56136.68135574  4.155
 151 123.910435  66.128458    39.383    39.349  5 56146.59700002 29.306
 152 123.906195  66.129264    36.622    36.631  6 56156.51264910 53.236
 153 123.904210  66.129881    37.667    37.623  6 56166.42829746 53.626
 158 123.904303  66.130419    83.382    83.383  6 56216.00648983 23.631
 159 123.901048  66.131784    35.594    35.629  6 56225.92212943 33.307
 160 123.901506  66.132126    35.762    35.793  6 56235.83778472 32.006
 161 123.901137  66.131691    38.793    38.605  5 56245.75343604 21.398
 162 123.901908  66.131351    37.592    38.069  5 56255.66908238 20.511
 163 123.901791  66.131753    38.471    38.395  5 56265.58472476 19.661
 164 123.900769  66.132171    37.093    36.815  6 56275.50036537 18.844
 165 123.902791  66.131626    37.080    37.232  6 56285.41601138 16.111
 166 123.906211  66.129896    37.256    37.461  5 56295.33166218 15.591
 167 123.907286  66.127972    36.632    35.919  5 56305.24730861 14.593
 168 123.909626  66.127607    37.203    37.127  5 56315.16295163 13.815
 169 123.906486  66.128917    37.812    38.024  5 56325.07859224 12.959
 170 123.904798  66.130448    37.444    37.382  6 56334.99423217 12.613
 171 123.903630  66.130567    38.907    39.018  6 56344.90987118 11.653
 172 123.907089  66.129443    37.577    37.456  5 56354.82550827 11.018
 173 123.910037  66.128274    37.711    37.574  5 56364.74115352 10.744
 174 123.910860  66.128422    37.707    37.634  5 56374.65680246 10.539
 176 123.902614  66.131874    37.586    37.723  5 56394.48809155  9.848
 177 123.900997  66.132661    36.911    36.888  6 56404.40373337 23.512
 178 123.900375  66.132388    81.908    81.680  5 56414.31937223 20.466
 179 123.903321  66.131357    82.905    83.175  6 56424.23500653 14.222
 180 123.904656  66.131059    96.216    89.356  6 56434.15065234 15.732
 181 123.900081  66.131427    87.083    87.242  6 56444.06630410 24.891
 183 123.901412  66.131796    39.674    39.679  5 56463.89760075 53.846
 184 123.905576  66.130025    84.415    84.657  5 56473.81324454 25.106
 185 123.910395  66.127945    39.503    39.390  5 56483.72888498 28.850
 192 123.913274  66.128483    92.330    86.525  3 56553.13838392  2.799
 194 123.899312  66.132568    84.139    83.929  5 56572.96966690 13.809
 195 123.901927  66.133726    88.378    91.404  5 56582.88530648 10.868
 196 123.900406  66.132753    34.275    34.324  5 56592.80094119 26.676
 197 123.902639  66.131212    34.646    34.650  6 56602.71659279 18.740
 198 123.902230  66.130421    34.892    34.937  6 56612.63224195 20.877
 199 123.900461  66.131155    35.824    35.831  6 56622.54788672 14.906
 200 123.900801  66.132024    35.574    35.591  6 56632.46352877 15.439
 201 123.903421  66.131810    35.603    35.594  6 56642.37916664 14.665
 202 123.904645  66.129895    35.797    35.720  6 56652.29481647 13.116
 203 123.909451  66.127912    35.758    35.828  5 56662.21046654 13.133
 204 123.913231  66.127387    36.163    35.640  4 56672.12611360 12.842
 205 123.911805  66.129148    36.326    35.757  4 56682.04175854 12.558
 206 123.907827  66.130990    35.803    35.771  5 56691.95740121 11.804
 207 123.901883  66.131557    36.874    36.586  6 56701.87303977 11.026
 208 123.904137  66.130207    38.166    37.871  6 56711.78867412 10.745
 210 123.910416  66.128927    36.760    36.882  5 56731.61997147  9.877
 211 123.903966  66.130845    38.390    38.030  6 56741.53561873 10.041
 212 123.903062  66.133117    37.730    37.435  5 56751.45126220  9.525
 213 123.898465  66.133954    37.566    37.707  5 56761.36690023 12.406
 214 123.899624  66.132986    36.596    36.256  5 56771.28253205 27.404
 215 123.900971  66.131392    37.479    37.317  6 56781.19818706 27.215
 216 123.904447  66.130532    85.465    85.480  6 56791.11384212 18.273
 217 123.904122  66.130884    87.675    87.405  6 56801.02949379 24.719
 218 123.903734  66.131777    86.612    86.631  6 56810.94513844 24.305
 219 123.902686  66.131736    85.673    85.405  5 56820.86077839 20.749
 224 123.900829  66.130883    83.290    83.006  6 56870.43899078 23.357
 225 123.902110  66.131694    83.708    84.291  6 56880.35464191 27.132
 226 123.890246  66.130751    85.992    85.992  2 56890.27028819  4.804
 227 123.901105  66.129628   101.878   107.378  4 56900.18593371  2.420
 228 123.909651  66.129959    36.883    36.053  4 56910.10157691 32.005
 229 123.901634  66.131391    88.099    83.088  4 56920.01721694 10.096
 230 123.901276  66.133271    84.799    84.397  6 56929.93285556 26.630
 231 123.896918  66.133730    89.458    84.787  4 56939.84848904 10.576
 232 123.901575  66.132888    84.262    81.182  6 56949.76412668 10.181
 233 123.902098  66.131384    35.166    34.731  5 56959.67977896 24.273
 235 123.904064  66.130676    34.350    34.335  6 56979.51106954 24.553
 236 123.900966  66.131038    38.238    37.823  6 56989.42670808 17.923
 237 123.901978  66.130754    37.245    37.694  6 56999.34234072 17.026
 238 123.904923  66.129871    36.343    36.461  6 57009.25799326 16.322
 239 123.909644  66.128746    35.262    35.285  5 57019.17364624 15.263
 240 123.908139  66.128489    35.612    35.634  5 57029.08929558 14.178
 241 123.906956  66.129397    37.159    37.166  5 57039.00494327 13.086
 242 123.902814  66.130603    39.177    39.147  6 57048.92058835 12.574
 243 123.902123  66.131167    37.371    37.770  5 57058.83622982 12.269
 244 123.903481  66.130787    37.314    38.228  5 57068.75186578 11.939
 245 123.903910  66.130353    38.206    38.784  6 57078.66749736 10.784
 246 123.902915  66.130697    36.813    36.076  6 57088.58313267 11.364
 247 123.911847  66.132210    37.519    36.703  3 57098.49879187 10.450
 249 123.899753  66.133311    42.528    38.727  5 57118.33009646  9.030
 250 123.902686  66.132345    37.077    36.926  5 57128.24574088 10.670
