# NaN NaN NaN ;Mean Elev.(m), Avg Gradient(m/km), RMS Gradient(m/km) - SRTM1     
#   58.267   0.522   2.976 ;Mean Elev.(m), Avg Gradient(m/km), RMS Gradient(m/km) - ASTER GDEM
#   33.565   0.525  12.180 ;Mean Elev.(m), Avg Gradient(m/km), RMS Gradient(m/km) - GMTED2010 
   2 128.479800  63.621322    66.861    66.842  3 54669.08584566 34.829
   3 128.480630  63.622638   -14.645   -14.403  3 54679.00149003 16.034
   4 128.480107  63.623828    69.649    69.681  3 54688.91713305 32.413
   5 128.479794  63.623937   -14.222   -13.385  3 54698.83277391  8.874
   6 128.479568  63.622530    67.970    67.951  4 54708.74841717 53.318
   7 128.480872  63.621298   -30.349   -29.548  3 54718.66406870  1.832
   8 128.477213  63.619145    69.830    69.830  2 54728.57971713 57.195
   9 128.477193  63.619262    67.975    67.975  2 54738.49536460 51.380
  10 128.480298  63.621193    67.312    67.092  3 54748.41101244 48.456
  11 128.478177  63.621992    66.504    66.515  4 54758.32665941 41.979
  12 128.478413  63.621949    65.966    65.979  4 54768.24230432 36.081
  13 128.480299  63.620689    65.352    65.287  3 54778.15794590 34.051
  14 128.478883  63.618607    70.427    70.427  2 54788.07358464 18.916
  15 128.479350  63.618257    69.539    69.539  2 54797.98922261 16.949
  17 128.481276  63.620793    71.993    71.956  3 54817.82049816 14.821
  18 128.479575  63.621645    71.747    71.821  4 54827.73614833 14.548
  19 128.480674  63.622476    65.319    65.420  3 54837.65178744 27.366
  20 128.480552  63.623456    70.123    70.321  3 54847.56743683 14.946
  21 128.478456  63.624152    70.631    70.480  4 54857.48308550 15.081
  22 128.477277  63.625011    71.487    72.565  4 54867.39873437 15.683
  23 128.477916  63.624973    72.079    71.466  3 54877.31438267 14.638
  24 128.479115  63.623703    71.499    70.762  3 54887.23002789 15.360
  25 128.480027  63.621960    70.701    70.612  3 54897.14566963 15.437
  26 128.479034  63.620739    70.197    70.197  2 54907.06130857 14.820
  27 128.482170  63.621460    70.653    70.755  3 54916.97694680 13.130
  28 128.476906  63.620721    71.716    71.408  3 54926.89258395 13.199
  29 128.474715  63.619880    71.305    71.305  2 54936.80822074 12.589
  30 128.474975  63.618660    65.576    65.576  2 54946.72385587 41.141
  31 128.478082  63.617390    65.559    65.559  2 54956.63948931 44.587
  32 128.478947  63.617478    69.886    69.886  2 54966.55513798 49.870
  33 128.477513  63.618163    70.451    70.148  3 54976.47078561 36.738
  34 128.477940  63.619843    66.930    66.930  2 54986.38643351 27.571
  35 128.482177  63.621871    71.530    71.461  3 54996.30208191 29.877
  36 128.478630  63.621781    70.088    70.006  4 55006.21772776 42.208
  37 128.477072  63.621980    69.186    69.186  2 55016.13337161 50.608
  38 128.477778  63.622865    67.891    67.845  4 55026.04901428 51.415
  39 128.476360  63.623695    67.578    67.528  4 55035.96465624 39.939
  40 128.477259  63.623912    66.721    66.691  4 55045.88029749 47.429
  41 128.480887  63.622980    68.498    68.539  3 55055.79593707 42.812
  42 128.479400  63.619898    67.762    67.762  2 55065.71157368 51.513
  43 128.477455  63.618494    67.766    67.700  3 55075.62722199 51.356
  44 128.477025  63.618985    68.689    67.093  3 55085.54286984 35.177
  45 128.476957  63.620421    68.308    68.304  3 55095.45851624 54.099
  46 128.480428  63.621900    67.963    68.009  3 55105.37416279 54.036
  47 128.479732  63.621369    67.309    67.221  3 55115.28980851 43.471
  48 128.476057  63.619296    66.975    66.975  2 55125.20545142 44.801
  49 128.475912  63.618260    66.034    66.034  2 55135.12109208 36.984
  50 128.478712  63.618689    70.406    70.406  2 55145.03673096 25.175
  51 128.477321  63.619362    70.113    70.113  2 55154.95236873 22.788
  52 128.474908  63.619678    70.587    70.587  2 55164.86800662 21.775
  53 128.477279  63.620537    70.368    70.504  3 55174.78364478 20.699
  54 128.477247  63.620096    70.210    70.075  3 55184.69928455 20.006
  55 128.479729  63.621511    69.830    70.065  3 55194.61493601 20.734
  56 128.477786  63.622790    70.335    70.104  4 55204.53058581 19.594
  57 128.477506  63.624515    71.300    70.782  4 55214.44623518 19.826
  58 128.477611  63.624966    65.474    65.372  4 55224.36188400 33.491
  59 128.478952  63.623639    67.346    66.285  3 55234.27753101 20.569
  60 128.481891  63.621416    67.469    67.815  3 55244.19317482 20.548
  61 128.476484  63.618543    65.960    65.960  2 55254.10881476 20.607
  62 128.476776  63.619198    67.918    67.918  2 55264.02445359 17.977
  63 128.481990  63.622097    68.077    68.084  3 55273.94009210 17.610
  64 128.479757  63.622067    67.785    67.478  3 55283.85572914 17.131
  65 128.476104  63.619450    65.697    65.697  2 55293.77136436 21.887
  66 128.476759  63.616992    67.906    67.906  2 55303.68700121 17.235
  67 128.478358  63.616637    65.708    65.708  2 55313.60264877 38.397
  68 128.476935  63.617684    65.705    65.705  2 55323.51829415 40.225
  69 128.477281  63.620021    66.653    66.662  3 55333.43393858 49.275
  70 128.479648  63.622140    71.969    71.976  3 55343.34958306 54.490
  71 128.481207  63.622435    69.485    69.426  3 55353.26522688 42.367
  72 128.479424  63.621467    71.119    71.538  3 55363.18086814 26.373
  73 128.479306  63.621403    68.858    68.874  3 55373.09650775 53.617
  74 128.478122  63.622048    68.078    68.087  4 55383.01214597 51.583
  75 128.476554  63.622607    69.343    69.343  2 55392.92778334 53.030
  76 128.479586  63.622739    67.653    67.552  4 55402.84341950 34.497
  77 128.482112  63.621822    67.106    67.102  3 55412.75907146 52.991
  78 128.475840  63.618202    68.061    68.061  2 55422.67471969 49.969
  79 128.476915  63.617076    67.095    67.073  3 55432.59036619 49.615
  80 128.477010  63.618391    67.564    67.564  2 55442.50601096 36.382
  81 128.479803  63.621137    67.673    67.754  3 55452.42165468 53.851
  82 128.480490  63.622519    66.760    66.820  3 55462.33729731 36.144
  83 128.482023  63.621430    67.567    66.241  3 55472.25293803 33.334
  84 128.475587  63.617521    65.860    65.860  2 55482.16857492 37.650
  85 128.476909  63.615938    65.787    65.787  2 55492.08421046 30.828
  86 128.478661  63.616845    67.883    67.883  2 55501.99984449 23.067
  87 128.477131  63.619236    70.472    70.365  3 55511.91548944 19.446
  88 128.479241  63.622114    65.501    65.567  3 55521.83113943 33.482
  89 128.480045  63.622991    65.643    65.680  3 55531.74678784 25.777
  90 128.478698  63.622061    69.174    70.096  4 55541.66243427 19.920
  91 128.479289  63.621826    70.547    70.587  4 55551.57807888 18.423
  92 128.480560  63.623076    69.932    70.042  3 55561.49372229 18.675
  93 128.477835  63.623773    70.446    70.463  4 55571.40936457 18.435
  94 128.478562  63.623814    70.204    70.248  3 55581.32500599 18.408
  95 128.479725  63.621654    69.974    70.275  3 55591.24064414 17.992
  96 128.479479  63.618144    68.984    68.984  2 55601.15627881 17.546
  97 128.476144  63.615274    67.737    67.737  2 55611.07191102 19.066
  98 128.478227  63.616129    69.427    69.427  2 55620.98754317 17.449
  99 128.476546  63.618955    69.735    69.735  2 55630.90319604 17.232
 100 128.477023  63.620680    70.919    70.945  3 55640.81884697 15.432
 101 128.475251  63.619433    70.848    70.848  2 55650.73449478 15.670
 102 128.476430  63.617404    69.701    69.701  2 55660.65013917 16.656
 103 128.477999  63.616765    69.250    69.250  2 55670.56578038 11.865
 104 128.477164  63.617752    66.805    66.805  2 55680.48141980 34.822
 105 128.482923  63.621154    66.316    66.376  3 55690.39705824 45.677
 106 128.479118  63.621684    70.998    70.867  4 55700.31269397 31.325
 107 128.479230  63.621639    68.668    68.720  3 55710.22833356 50.597
 108 128.481471  63.621867    70.944    71.015  3 55720.14398399 27.541
 109 128.482335  63.622229    69.629    69.652  3 55730.05963205 54.920
 110 128.478485  63.622053    69.252    68.710  4 55739.97527826 31.835
 111 128.479388  63.622965    68.121    68.185  4 55749.89092375 51.162
 112 128.479683  63.622701    67.144    67.153  4 55759.80656668 47.607
 113 128.481018  63.621407    66.204    66.143  3 55769.72220678 40.721
 114 128.477356  63.618190    68.298    68.144  3 55779.63784295 42.306
 115 128.478863  63.616767    68.371    68.371  2 55789.55347724 52.228
 116 128.478641  63.616669    67.188    67.188  2 55799.46911037 51.957
 117 128.477236  63.618320    66.796    66.827  3 55809.38475725 49.705
 118 128.476071  63.619653    67.735    67.735  2 55819.30040629 41.753
 119 128.477404  63.619414    67.576    67.590  3 55829.21605102 49.557
 120 128.476715  63.617407    67.058    67.058  2 55839.13169095 47.509
 121 128.477030  63.616148    66.401    66.530  3 55849.04732794 42.429
 122 128.479250  63.617310    69.472    69.472  2 55858.96296323 29.301
 123 128.477616  63.619743    65.911    65.911  2 55868.87861163 25.806
 133 128.477321  63.618062    70.720    70.571  3 55968.03505467 18.095
 134 128.476842  63.618505    70.954    70.954  2 55977.95069132 17.928
 135 128.476878  63.618864    70.568    70.568  2 55987.86632734 18.191
 136 128.478791  63.619038    70.362    70.362  2 55997.78196721 18.163
 137 128.478032  63.618669    67.387    67.387  2 56007.69761826 22.865
 138 128.478969  63.618395    67.636    67.636  2 56017.61326530 19.331
 139 128.477748  63.618725    67.787    67.787  2 56027.52890935 19.347
 141 128.479261  63.621669    65.537    65.511  4 56047.36019291 23.068
 142 128.480572  63.622471    66.323    66.335  3 56057.27583093 44.891
 143 128.481654  63.622015    72.341    72.227  3 56067.19146448 46.312
 144 128.475649  63.621050    71.138    71.067  3 56077.10711283 54.585
 145 128.477612  63.622144    70.263    70.263  2 56087.02276199 37.494
 146 128.480358  63.623061    70.238    70.209  3 56096.93840871 53.241
 147 128.481525  63.622707    68.530    68.501  3 56106.85405300 53.135
 148 128.483501  63.621507    69.917    69.975  3 56116.76968287 33.720
 149 128.477474  63.618463    67.888    67.822  3 56126.68531972 51.780
 150 128.476349  63.616941    68.701    68.701  2 56136.60095332 36.909
 151 128.475104  63.617368    69.443    69.443  2 56146.51659728 40.306
 152 128.478132  63.619400    67.188    67.188  2 56156.43224729 39.168
 153 128.482985  63.621281    72.117    72.187  3 56166.34789655 21.303
 154 128.475440  63.619384    69.138    69.138  2 56176.26354198 54.363
 155 128.476616  63.618682    67.903    67.903  2 56186.17918336 45.667
 156 128.476409  63.617909    67.672    67.672  2 56196.09482083 30.790
 157 128.479338  63.618994    68.457    68.457  2 56206.01045571 30.718
 158 128.477169  63.619701    66.946    67.048  3 56215.92608855 45.306
 159 128.480584  63.621619    66.220    66.241  3 56225.84172868 36.970
 160 128.480922  63.622434    72.679    73.495  3 56235.75738400 24.900
 161 128.481243  63.622409    73.000    72.952  3 56245.67303538 22.329
 162 128.480728  63.622288    72.093    72.601  3 56255.58868160 21.005
 163 128.477343  63.622244    70.533    70.533  2 56265.50432372 19.960
 164 128.478963  63.623086    71.558    70.924  4 56275.41996470 19.551
 165 128.478440  63.622367    70.422    70.195  4 56285.33561042 18.529
 166 128.481945  63.621318    71.545    70.485  3 56295.25126127 18.186
 167 128.476462  63.618246    70.189    70.189  2 56305.16690694 17.802
 168 128.477938  63.618342    70.279    70.279  2 56315.08254992 17.333
 169 128.479244  63.620165    69.668    69.668  2 56324.99819105 17.009
 170 128.480043  63.621733    72.471    73.324  3 56334.91383126 17.035
 171 128.476754  63.620607    72.086    71.307  3 56344.82946992 16.461
 172 128.476026  63.618517    70.365    70.365  2 56354.74510639 16.588
 173 128.475273  63.617204    70.858    70.858  2 56364.66075098 16.186
 174 128.479358  63.618864    72.051    72.051  2 56374.57640034 16.121
 176 128.479818  63.623558    65.002    65.000  4 56394.40769072 26.297
 177 128.477412  63.623634    65.677    65.678  4 56404.32333255 35.843
 178 128.480060  63.623358    66.004    65.842  3 56414.23897179 41.224
 179 128.481214  63.621648    65.851    65.880  3 56424.15460585 37.557
 180 128.476966  63.620653    71.596    71.712  3 56434.07025090 52.925
 181 128.479122  63.622477    70.875    70.830  3 56443.98590342 39.829
 182 128.475523  63.623150    70.404    70.404  2 56453.90155276 54.804
 183 128.477488  63.623089    69.568    69.546  4 56463.81719975 54.859
 184 128.480013  63.621434    68.015    68.036  3 56473.73284321 51.537
 185 128.476399  63.618021    67.876    67.876  2 56483.64848257 50.661
 187 128.478734  63.618776    70.550    70.550  2 56503.47975409 53.304
 188 128.478114  63.619926    71.031    71.031  2 56513.39538708 54.866
 189 128.479482  63.620932    70.701    70.894  3 56523.31103695 30.458
 190 128.476504  63.619406    69.028    69.028  2 56533.22668861 52.798
 192 128.476341  63.618457    69.767    69.767  2 56553.05798162 31.558
 193 128.482644  63.622072    67.307    67.355  3 56562.97362525 50.020
 194 128.478120  63.623574    67.085    67.000  4 56572.88926642 45.449
 195 128.476775  63.624012    66.388    66.475  4 56582.80490564 36.202
 196 128.477945  63.622335    67.640    67.618  4 56592.72054043 22.402
 197 128.478581  63.621221    70.714    70.714  2 56602.63619162 15.036
 198 128.476607  63.620548    71.222    70.832  3 56612.55184063 15.363
 199 128.478254  63.621991    70.500    70.413  4 56622.46748589 15.227
 200 128.479364  63.623159    71.042    70.520  3 56632.38312820 14.538
 201 128.479205  63.622318    72.019    72.371  4 56642.29876587 14.939
 202 128.477205  63.619965    71.316    71.359  3 56652.21441516 15.325
 203 128.475349  63.617742    70.182    70.182  2 56662.13006453 15.964
 204 128.478836  63.618213    69.970    69.970  2 56672.04571164 15.713
 205 128.477051  63.619937    71.504    71.496  3 56681.96135664 14.259
 206 128.479824  63.622333    71.939    71.612  4 56691.87700006 14.542
 207 128.480801  63.622600    70.340    70.607  3 56701.79263921 14.201
 208 128.475297  63.619217    71.068    71.068  2 56711.70827251 14.520
 209 128.478282  63.618781    67.718    67.718  2 56721.62391780 14.237
 210 128.479388  63.619883    70.644    70.644  2 56731.53956953 13.789
 211 128.477524  63.622129    70.981    70.981  2 56741.45521745 13.618
 212 128.478121  63.624592    72.961    72.378  3 56751.37086135 13.115
 213 128.477269  63.624704    65.265    65.256  3 56761.28649981 25.831
 214 128.477382  63.622695    65.641    65.645  4 56771.20213147 38.738
 215 128.481122  63.622547    66.166    66.333  3 56781.11778651 42.116
 216 128.481564  63.622558    72.359    72.382  3 56791.03344132 50.562
 217 128.479992  63.623323    69.733    69.712  3 56800.94909292 55.252
 218 128.478722  63.624025    71.484    70.813  3 56810.86473752 26.732
 219 128.478056  63.623438    69.953    69.891  4 56820.78037738 33.111
 220 128.482399  63.622051    67.239    68.173  3 56830.69601359 43.735
 221 128.479136  63.618442    68.221    68.221  2 56840.61164564 51.134
 222 128.477701  63.617003    67.365    67.365  2 56850.52728093 33.799
 223 128.475310  63.618682    67.279    67.279  2 56860.44293538 35.438
 224 128.479580  63.622134    67.824    67.842  3 56870.35858987 51.875
 225 128.478416  63.622939    67.819    67.889  4 56880.27424094 49.050
 226 128.478040  63.622239    66.980    66.968  4 56890.18988831 34.572
 227 128.476239  63.620826    66.835    66.781  3 56900.10553264 31.853
 228 128.480243  63.622245    67.000    66.918  3 56910.02117559 34.908
 229 128.479058  63.623564    67.182    67.054  4 56919.93681633 50.779
 230 128.478151  63.624756    68.508    67.803  3 56929.85245495 33.143
 231 128.477529  63.624194    66.761    66.647  4 56939.76808869 46.988
 232 128.479094  63.622887    66.381    66.385  4 56949.68372569 40.941
 233 128.479303  63.622022    71.784    71.590  4 56959.59937790 24.839
 234 128.480715  63.621991    72.748    73.521  3 56969.51502524 20.484
 235 128.475926  63.621145    71.882    71.315  3 56979.43066808 19.450
 236 128.479737  63.621941    72.168    72.128  4 56989.34630745 18.131
 237 128.481671  63.621058    70.017    70.132  3 56999.26194023 17.534
 238 128.478834  63.619867    70.143    70.143  2 57009.17759199 16.983
 239 128.475445  63.618482    70.489    70.489  2 57019.09324420 16.846
 240 128.477835  63.619200    70.126    70.126  2 57029.00889397 16.831
 241 128.477023  63.620228    70.474    70.235  3 57038.92454176 15.933
 242 128.480412  63.622153    70.384    70.662  3 57048.84018762 15.492
 243 128.479512  63.622101    70.306    70.431  4 57058.75582899 14.354
 244 128.482447  63.621751    70.005    70.197  3 57068.67146503 14.974
 245 128.477141  63.619754    70.032    69.860  3 57078.58709589 15.780
 246 128.475277  63.619552    69.823    69.823  2 57088.50273089 15.482
 247 128.477221  63.622424    70.357    70.357  2 57098.41838979 14.566
 248 128.479317  63.624679    73.447    74.154  4 57108.33404570 11.286
 249 128.478688  63.624529    69.469    70.398  4 57118.24969599 13.855
 250 128.479379  63.623521    67.043    66.861  4 57128.16534020 14.520
