# NaN NaN NaN ;Mean Elev.(m), Avg Gradient(m/km), RMS Gradient(m/km) - SRTM1     
#   21.203  -3.268   9.629 ;Mean Elev.(m), Avg Gradient(m/km), RMS Gradient(m/km) - ASTER GDEM
#   25.163  -3.719   8.785 ;Mean Elev.(m), Avg Gradient(m/km), RMS Gradient(m/km) - GMTED2010 
   1    40.063 54659.25059900 27.43 123.886943  66.131010 13.166  253.97  260.54  259.64
   1    37.634 54659.25059959 27.94 123.893420  66.131111 13.884  253.97  260.54  259.64
   1    38.857 54659.25060018 25.43 123.899897  66.131211  8.819  253.97  260.54  259.64
   1    39.092 54659.25060077 24.59 123.906375  66.131312  7.582  253.97  260.54  259.64
   1    39.882 54659.25060136 24.28 123.912852  66.131412  6.787  253.97  260.54  259.64
   1    40.423 54659.25060195 23.60 123.919330  66.131511  5.435  253.97  260.54  259.64
   2   106.822 54669.16624593  0.16 123.895481  66.130622  2.720  249.15  250.84  251.50
   2   108.438 54669.16624652  1.56 123.901959  66.130722  3.393  249.15  250.84  251.50
   2   108.300 54669.16624711  0.95 123.908436  66.130822  3.021  249.15  250.84  251.50
   2   107.178 54669.16624770  0.61 123.914914  66.130922  2.800  249.15  250.84  251.50
   2   106.893 54669.16624829  1.38 123.921391  66.131022  3.059  249.15  250.84  251.50
   3   -17.373 54679.08188952 29.31 123.889097  66.131339 16.722  247.82  246.43  248.88
   3   -17.859 54679.08189011 28.53 123.895574  66.131440 18.637  247.82  246.43  248.88
   3   -18.593 54679.08189070 30.86 123.902052  66.131540 29.923  247.82  246.43  248.88
   3    12.253 54679.08189129 21.08 123.908530  66.131640  4.787  247.82  246.43  248.88
   3    12.266 54679.08189188 20.50 123.915007  66.131740  6.415  247.82  246.43  248.88
   4    40.318 54688.99753366 21.76 123.901578  66.132912  8.494  245.33  249.37  248.45
   4    39.189 54688.99753425 21.84 123.908056  66.133012  7.631  245.33  249.37  248.45
   4    39.104 54688.99753484 26.00 123.914534  66.133112 16.348  245.33  249.37  248.45
   5    11.655 54698.91317339 17.64 123.888575  66.133421  2.785  245.51  249.61  247.08
   5    11.515 54698.91317398 21.10 123.895053  66.133522  7.478  245.51  249.61  247.08
   5    10.871 54698.91317458 21.63 123.901531  66.133623 10.098  245.51  249.61  247.08
   5   -24.846 54698.91317517 26.55 123.908009  66.133723 19.928  245.51  249.61  247.08
   5   -31.037 54698.91317576 26.52 123.914487  66.133823 12.688  245.51  249.61  247.08
   7    -1.921 54718.74446819 10.75 123.885016  66.130501  2.164  236.06  236.06  239.43
   7    -2.476 54718.74446878 10.66 123.891493  66.130602  2.066  236.06  236.06  239.43
   7    -3.021 54718.74446937 10.75 123.897970  66.130703  2.100  236.06  236.06  239.43
   7    -3.575 54718.74446996 10.86 123.904446  66.130803  2.330  236.06  236.06  239.43
   7    -4.121 54718.74447055 10.85 123.910923  66.130903  2.458  236.06  236.06  239.43
   7    -3.600 54718.74447114 11.00 123.917400  66.131003  2.529  236.06  236.06  239.43
   8    39.842 54728.66011798 32.70 123.894328  66.128716 22.191  229.35  228.88  231.19
   8    39.795 54728.66011857 32.47 123.900804  66.128817 22.239  229.35  228.88  231.19
   8    39.682 54728.66011916 28.55 123.907280  66.128917 11.923  229.35  228.88  231.19
   8    39.607 54728.66011975 26.66 123.913757  66.129017  8.788  229.35  228.88  231.19
   8    40.081 54728.66012034 26.67 123.920233  66.129116  7.872  229.35  228.88  231.19
   9    37.455 54738.57576553 55.16 123.896082  66.128256 18.986  236.68  235.97  238.71
   9    37.529 54738.57576612 57.07 123.902559  66.128356 10.510  236.68  235.97  238.71
   9    37.602 54738.57576671 55.07 123.909035  66.128456   -100  236.68  235.97  238.71
   9    37.671 54738.57576730 54.79 123.915511  66.128556   -100  236.68  235.97  238.71
   9    37.645 54738.57576789 54.62 123.921988  66.128655   -100  236.68  235.97  238.71
  10   105.760 54748.49141306  1.84 123.898569  66.129125  3.205  240.97  240.81  241.88
  10    86.722 54748.49141365  4.78 123.905046  66.129224  4.133  240.97  240.81  241.88
  10    86.756 54748.49141424  3.65 123.911523  66.129324  4.817  240.97  240.81  241.88
  10   106.830 54748.49141483  0.12 123.918000  66.129424  2.784  240.97  240.81  241.88
  11    83.009 54758.40705926 16.77 123.889864  66.130025   -100  248.47  247.85  248.41
  11    82.956 54758.40705985 30.06 123.896341  66.130126   -100  248.47  247.85  248.41
  11    83.130 54758.40706044 24.80 123.902819  66.130226 19.841  248.47  247.85  248.41
  11    80.913 54758.40706103 17.30 123.909296  66.130325  8.027  248.47  247.85  248.41
  11    81.092 54758.40706162  7.68 123.915773  66.130425   -100  248.47  247.85  248.41
  11    82.736 54758.40706221  3.49 123.922251  66.130524 13.357  248.47  247.85  248.41
  12    34.827 54768.32270394 35.94 123.888691  66.130107 31.214  252.69  251.73  251.88
  12    34.539 54768.32270453 37.78 123.895168  66.130207   -100  252.69  251.73  251.88
  12    34.730 54768.32270512 32.41 123.901646  66.130307 16.332  252.69  251.73  251.88
  12    34.709 54768.32270571 33.38 123.908124  66.130407 20.583  252.69  251.73  251.88
  12    34.430 54768.32270630 36.20 123.914601  66.130507 29.867  252.69  251.73  251.88
  12    34.489 54768.32270689 33.99 123.921079  66.130606 18.185  252.69  251.73  251.88
  13    35.517 54778.23834596 29.08 123.895394  66.129014 16.220  246.98  244.39  242.69
  13    35.346 54778.23834655 34.14 123.901872  66.129114   -100  246.98  244.39  242.69
  13    35.490 54778.23834714 34.42 123.908349  66.129214   -100  246.98  244.39  242.69
  13    35.712 54778.23834773 35.65 123.914827  66.129314   -100  246.98  244.39  242.69
  13    35.494 54778.23834832 35.21 123.921305  66.129413   -100  245.40  242.77  241.88
  17    39.899 54817.90089830 15.60 123.897049  66.130292  4.226  235.30  229.92  217.27
  17    38.797 54817.90089889 15.02 123.903527  66.130393  3.534  235.30  229.92  217.27
  17    38.611 54817.90089948 14.87 123.910004  66.130493  3.354  235.30  229.92  217.27
  17    38.863 54817.90090008 15.30 123.916482  66.130593  3.795  235.30  229.92  217.27
  18    38.108 54827.81654760 14.53 123.884351  66.131037  3.592  240.93  235.65  222.36
  18    39.596 54827.81654819 14.61 123.890829  66.131138  3.462  240.93  235.65  222.36
  18    37.695 54827.81654878 14.76 123.897306  66.131239  3.227  240.93  235.65  222.36
  18    39.054 54827.81654937 14.90 123.903784  66.131339  4.040  240.93  235.65  222.36
  18    38.645 54827.81654996 14.86 123.910262  66.131439  4.263  240.93  235.65  222.36
  18    36.571 54827.81655055 14.88 123.916739  66.131539  2.968  240.93  235.65  222.36
  19    36.624 54837.73218696 14.13 123.888565  66.131099  3.571  239.63  233.40  218.38
  19    37.491 54837.73218755 14.10 123.895042  66.131200  3.185  239.63  233.40  218.38
  19    37.582 54837.73218814 14.17 123.901520  66.131300  3.500  239.63  233.40  218.38
  19    38.738 54837.73218873 14.25 123.907997  66.131401  3.827  239.63  233.40  218.38
  19    38.306 54837.73218932 14.26 123.914475  66.131500  3.537  239.63  233.40  218.38
  20    39.435 54847.64783703 13.49 123.896796  66.131436  2.929  241.65  235.59  219.70
  20    38.829 54847.64783762 13.74 123.903273  66.131536  3.285  241.65  235.59  219.70
  20    36.972 54847.64783821 13.52 123.909751  66.131636  2.585  241.65  235.59  219.70
  20    36.532 54847.64783880 13.71 123.916228  66.131735  2.967  241.65  235.59  219.70
  21    39.757 54857.56348487 12.79 123.886719  66.131866  3.235  239.95  233.08  215.00
  21    37.194 54857.56348546 13.21 123.893196  66.131967  3.326  239.95  233.08  215.00
  21    39.651 54857.56348605 12.78 123.899674  66.132067  2.844  239.95  233.08  215.00
  21    36.471 54857.56348664 12.82 123.906152  66.132167  2.733  239.95  233.08  215.00
  21    36.129 54857.56348723 13.03 123.912629  66.132266  3.116  239.95  233.08  215.00
  21    35.932 54857.56348782 13.06 123.919107  66.132366  2.847  239.95  233.08  215.00
  22    37.493 54867.47913410 12.93 123.890910  66.132804  3.024  233.16  224.21  203.89
  22    37.184 54867.47913469 12.74 123.897389  66.132905  2.654  233.16  224.21  203.89
  22    37.170 54867.47913528 12.98 123.903867  66.133004  3.078  233.16  224.21  203.89
  22    38.717 54867.47913587 13.02 123.910345  66.133104  2.957  233.16  224.21  203.89
  22    35.943 54867.47913646 12.99 123.916823  66.133203  2.634  233.16  224.21  203.89
  23    37.201 54877.39478199 12.47 123.887911  66.132669  3.217  234.47  225.47  205.52
  23    37.561 54877.39478258 12.42 123.894390  66.132769  2.772  234.47  225.47  205.52
  23    39.051 54877.39478317 12.29 123.900868  66.132869  2.549  234.47  225.47  205.52
  23    36.870 54877.39478377 12.33 123.907346  66.132969  2.371  234.47  225.47  205.52
  23    35.936 54877.39478436 12.70 123.913824  66.133068  2.789  234.47  225.47  205.52
  24    37.031 54887.31042732 12.15 123.889991  66.131515  2.706  234.11  225.00  203.58
  24    37.757 54887.31042791 12.23 123.896469  66.131616  2.725  234.11  225.00  203.58
  24    36.484 54887.31042850 12.20 123.902947  66.131716  3.498  234.11  225.00  203.58
  24    38.465 54887.31042909 12.35 123.909426  66.131816  2.728  234.11  225.00  203.58
  24    36.773 54887.31042968 12.46 123.915904  66.131915  2.929  234.11  225.00  203.58
  25    36.415 54897.22606937 12.16 123.893427  66.129723  3.111 -100.00 -100.00 -100.00
  25    38.081 54897.22606996 12.01 123.899904  66.129823  2.683  238.38  229.49  209.57
  25    38.654 54897.22607056 12.31 123.906382  66.129923  2.850  238.38  229.49  209.57
  25    36.362 54897.22607115 12.04 123.912860  66.130023  2.570  238.38  229.49  209.57
  25    36.552 54897.22607174 12.31 123.919338  66.130122  2.890  238.38  229.49  209.57
  26    36.280 54907.14170846 11.67 123.893012  66.128584  2.798  238.63  229.34  207.55
  26    37.887 54907.14170905 11.87 123.899490  66.128684  3.145  238.63  229.34  207.55
  26    35.955 54907.14170964 12.02 123.905967  66.128784  2.720  238.63  229.34  207.55
  26    36.003 54907.14171023 11.83 123.912445  66.128883  3.130  238.63  229.34  207.55
  26    36.916 54907.14171082 12.05 123.918922  66.128983  2.698  238.63  229.34  207.55
  27    36.267 54917.05734663 11.14 123.895763  66.128725  2.323  242.90  234.10  213.80
  27    38.135 54917.05734722 11.29 123.902240  66.128825  2.893  242.90  234.10  213.80
  27    36.342 54917.05734781 11.15 123.908718  66.128925  2.594  242.90  234.10  213.80
  27    37.041 54917.05734840 11.22 123.915195  66.129024  2.419  242.90  234.10  213.80
  27    36.406 54917.05734899 11.28 123.921673  66.129124  2.614  242.90  234.10  213.80
  28    38.458 54926.97298385 11.21 123.889540  66.129316  2.207  241.27  231.42  209.47
  28    38.098 54926.97298444 11.28 123.896018  66.129417  2.195  241.27  231.42  209.47
  28    36.045 54926.97298503 11.29 123.902495  66.129517  2.440  241.27  231.42  209.47
  28    36.504 54926.97298562 11.54 123.908972  66.129617  2.604  241.27  231.42  209.47
  28    36.561 54926.97298621 11.36 123.915449  66.129716  2.547  241.27  231.42  209.47
  28    36.445 54926.97298680 11.54 123.921927  66.129815  2.702  241.27  231.42  209.47
  29    36.565 54936.88862099 10.97 123.889518  66.129572  2.667  241.69  232.17  209.57
  29    36.375 54936.88862159 10.94 123.895995  66.129673  2.795  241.69  232.17  209.57
  29    37.813 54936.88862218 11.07 123.902472  66.129773  2.568  241.69  232.17  209.57
  29    38.421 54936.88862277 11.07 123.908949  66.129873  2.670  241.69  232.17  209.57
  29    36.577 54936.88862336 11.10 123.915427  66.129973  2.875  241.69  232.17  209.57
  29    36.337 54936.88862395 11.16 123.921904  66.130072  2.666  241.69  232.17  209.57
  30    82.431 54946.80425681 10.51 123.895036  66.129212  6.764  254.93  248.38  229.54
  30    80.442 54946.80425740 13.83 123.901512  66.129312 14.151  254.93  248.38  229.54
  30    80.767 54946.80425799 11.90 123.907989  66.129413 18.129  254.93  248.38  229.54
  31    39.503 54956.71989034 32.33 123.895604  66.128175 16.741  250.43  247.79  243.12
  31    38.985 54956.71989093 33.26 123.902080  66.128275 20.533  250.43  247.79  243.12
  31    38.952 54956.71989152 32.97 123.908556  66.128376 17.653  250.43  247.79  243.12
  31    35.458 54956.71989211 37.66 123.915032  66.128476   -100  250.43  247.79  243.12
  31    39.228 54956.71989270 33.33 123.921508  66.128576 20.791  250.43  247.79  243.12
  32    40.480 54966.63553922 34.55 123.898657  66.127718 22.115  250.17  249.64  249.43
  32    39.504 54966.63553981 30.05 123.905133  66.127819 13.176  250.17  249.64  249.43
  32    39.573 54966.63554040 31.63 123.911608  66.127919 17.317  250.17  249.64  249.43
  32    40.808 54966.63554099 30.02 123.918085  66.128019 15.402  250.17  249.64  249.43
  32    41.050 54966.63554158 30.51 123.924561  66.128118 12.835  250.17  249.64  249.43
  33    43.348 54976.55118674 40.49 123.897175  66.128172 31.409 -100.00 -100.00 -100.00
  33    43.400 54976.55118733 36.64 123.903651  66.128272 16.751 -100.00 -100.00 -100.00
  33    43.382 54976.55118792 36.62 123.910127  66.128372 18.552 -100.00 -100.00 -100.00
  33    43.430 54976.55118851 40.69 123.916604  66.128472 31.612  215.65  218.99  226.02
  33    43.410 54976.55118910 42.52 123.923080  66.128572   -100  215.65  218.99  226.02
  34    91.150 54986.46683409 22.68 123.893691  66.129291 19.776  238.50  240.26  241.65
  34    91.720 54986.46683468 17.90 123.900168  66.129392 14.378  238.50  240.26  241.65
  34    91.804 54986.46683527 21.95 123.906645  66.129492 23.152  238.50  240.26  241.65
  34    91.379 54986.46683586 26.59 123.913121  66.129592 29.880  238.50  240.26  241.65
  34    92.518 54986.46683645 16.99 123.919598  66.129691 10.445  238.50  240.26  241.65
  35    87.504 54996.38248143 24.10 123.889041  66.130217 29.463  236.21  239.04  239.54
  35    87.785 54996.38248202 19.82 123.895518  66.130318 22.776  236.21  239.04  239.54
  35    87.663 54996.38248261 29.76 123.901996  66.130418 26.751  236.21  239.04  239.54
  35    87.864 54996.38248320 25.97 123.908473  66.130518 10.812  236.21  239.04  239.54
  35    87.706 54996.38248379 26.48 123.914950  66.130618 16.387  236.21  239.04  239.54
  35    87.410 54996.38248438 20.16 123.921427  66.130718 25.764  236.21  239.04  239.54
  37    84.583 55016.21377117 19.22 123.885755  66.131060 18.782  249.30  252.35  250.93
  37    87.011 55016.21377176 19.12 123.892232  66.131161  8.225  249.30  252.35  250.93
  37    86.430 55016.21377235 21.86 123.898710  66.131261 16.700  249.30  252.35  250.93
  37    86.205 55016.21377294 23.75 123.905187  66.131362   -100  249.30  252.35  250.93
  37    84.617 55016.21377353  8.74 123.911665  66.131461  9.846  249.30  252.35  250.93
  37    84.518 55016.21377412 22.52 123.918143  66.131561 25.437  249.30  252.35  250.93
  39    40.164 55036.04505556 30.26 123.884008  66.132422 26.556  245.01  243.54  245.96
  39    40.317 55036.04505615 24.70 123.890485  66.132523 10.826  245.01  243.54  245.96
  39    39.896 55036.04505674 25.73 123.896963  66.132624 14.601  245.01  243.54  245.96
  39    39.700 55036.04505733 23.48 123.903441  66.132724  8.809  245.01  243.54  245.96
  39    39.297 55036.04505793 24.23 123.909919  66.132824 10.272  245.01  243.54  245.96
  39    39.069 55036.04505852 30.17 123.916397  66.132923 27.669  245.01  243.54  245.96
  40    40.089 55045.96069687 31.00 123.885237  66.132762 23.002  248.70  249.64  249.85
  40    36.167 55045.96069746 33.54 123.891715  66.132863   -100  248.70  249.64  249.85
  40    36.226 55045.96069805 36.16 123.898193  66.132963   -100  248.70  249.64  249.85
  40    36.155 55045.96069864 35.01 123.904670  66.133063   -100  248.70  249.64  249.85
  40    36.188 55045.96069923 31.09 123.911148  66.133163 26.736  248.70  249.64  249.85
  40    39.090 55045.96069982 29.85 123.917626  66.133263 18.195  248.70  249.64  249.85
  41    39.390 55055.87633760 25.70 123.900046  66.132093  7.551  242.81  245.75  244.87
  41    38.782 55055.87633819 26.42 123.906523  66.132194 10.140  242.81  245.75  244.87
  41    39.021 55055.87633878 25.11 123.913001  66.132294  7.303  242.81  245.75  244.87
  41    39.686 55055.87633937 28.23 123.919478  66.132393 10.746  242.81  245.75  244.87
  42    40.019 55065.79197437 25.75 123.896980  66.130054 10.632  242.05  243.57  243.06
  42    38.316 55065.79197496 27.99 123.903456  66.130155 16.986  242.05  243.57  243.06
  42    39.006 55065.79197555 25.04 123.909933  66.130255  9.843  242.05  243.57  243.06
  42    40.142 55065.79197614 25.73 123.916410  66.130355 12.031  242.05  243.57  243.06
  43    36.709 55075.70762267 53.15 123.891910  66.128552 21.482  247.00  249.89  247.86
  43    37.077 55075.70762326 54.20 123.898386  66.128653   -100  247.00  249.89  247.86
  43    36.891 55075.70762385 55.24 123.904862  66.128753 13.520  247.00  249.89  247.86
  43    36.786 55075.70762444 56.50 123.911339  66.128853 26.312  247.00  249.89  247.86
  43    36.846 55075.70762503 55.52 123.917815  66.128953 29.416  247.00  249.89  247.86
  44    84.119 55085.62327058  6.66 123.892897  66.128336 23.771  239.08  239.59  240.91
  44   102.623 55085.62327117  0.80 123.899373  66.128437  5.617  239.08  239.59  240.91
  44    84.695 55085.62327176  7.89 123.905849  66.128537  5.474  239.08  239.59  240.91
  44    85.063 55085.62327235  9.84 123.912325  66.128636  6.572  239.08  239.59  240.91
  44    85.084 55085.62327294 13.82 123.918802  66.128736 10.157  239.08  239.59  240.91
  48    83.368 55125.28585229 29.25 123.898088  66.128547   -100  242.38  240.19  241.67
  48    83.828 55125.28585288 27.94 123.904565  66.128647 19.277  242.38  240.19  241.67
  48    83.367 55125.28585347 17.47 123.911043  66.128747   -100  242.38  240.19  241.67
  48    83.361 55125.28585406 15.51 123.917520  66.128846   -100  242.38  240.19  241.67
  48    83.050 55125.28585465 11.20 123.923997  66.128945 31.706 -100.00 -100.00 -100.00
  49    77.300 55135.20149311 14.03 123.899667  66.127795  8.448 -100.00 -100.00 -100.00
  49   106.104 55135.20149370  6.10 123.906144  66.127895  4.586 -100.00 -100.00 -100.00
  49   104.169 55135.20149429  0.63 123.912621  66.127995  3.888  241.44  238.56  239.21
  49   106.410 55135.20149489  3.88 123.919099  66.128095  3.108  241.44  238.56  239.21
  49    74.920 55135.20149548 11.49 123.925576  66.128194  7.066  241.44  238.56  239.21
  50    80.247 55145.11713174 10.75 123.900424  66.127774  6.804  240.51  237.36  235.62
  50    82.529 55145.11713233  8.25 123.906901  66.127874  6.678  240.51  237.36  235.62
  50   102.571 55145.11713292  2.74 123.913379  66.127974  4.185  240.51  237.36  235.62
  50    81.086 55145.11713351  7.95 123.919856  66.128074  6.710  240.51  237.36  235.62
  51    34.933 55155.03276932 28.76 123.897247  66.128771 12.563 -100.00 -100.00 -100.00
  51    34.822 55155.03276991 27.98 123.903724  66.128871 10.808 -100.00 -100.00 -100.00
  51    34.916 55155.03277050 26.95 123.910202  66.128971  8.440  238.95  235.81  232.64
  51    34.728 55155.03277109 26.86 123.916679  66.129071  7.755  238.95  235.81  232.64
  51    34.782 55155.03277168 26.36 123.923157  66.129170  6.793  238.95  235.81  232.64
  52    35.629 55164.94840692 24.61 123.891364  66.129730  8.564  234.15  230.29  225.95
  52    35.515 55164.94840752 24.99 123.897841  66.129831  8.655  234.15  230.29  225.95
  52    35.412 55164.94840811 24.34 123.904319  66.129931  7.003  234.15  230.29  225.95
  52    35.449 55164.94840870 23.98 123.910797  66.130031  6.092  234.15  230.29  225.95
  52    35.229 55164.94840929 23.57 123.917274  66.130131  5.850  234.15  230.29  225.95
  53    36.038 55174.86404452 21.71 123.887722  66.130476  5.645  233.97  229.69  223.87
  53    39.478 55174.86404511 22.00 123.894200  66.130577  4.985  233.97  229.69  223.87
  53    35.807 55174.86404570 21.81 123.900677  66.130677  5.456  233.97  229.69  223.87
  53    35.574 55174.86404629 22.56 123.907155  66.130777  5.045  233.97  229.69  223.87
  53    35.747 55174.86404688 22.42 123.913632  66.130877  4.536  233.97  229.69  223.87
  53    35.482 55174.86404747 22.89 123.920110  66.130977  5.418  233.97  229.69  223.87
  54    37.890 55184.77968461 18.15 123.888695  66.130485  7.686  234.70  230.17  222.85
  54    35.552 55184.77968520 21.17 123.895173  66.130586  9.209  234.70  230.17  222.85
  54    35.656 55184.77968579 20.87 123.901650  66.130687  6.898  234.70  230.17  222.85
  54    35.808 55184.77968638 20.69 123.908127  66.130787  5.873  234.70  230.17  222.85
  54    35.910 55184.77968697 20.91 123.914605  66.130887  5.622  234.70  230.17  222.85
  54    35.578 55184.77968756 21.34 123.921082  66.130987  6.237  234.70  230.17  222.85
  55    35.701 55194.69533570 20.79 123.888203  66.130734  5.507  232.40  227.07  218.57
  55    35.752 55194.69533629 20.16 123.894680  66.130834  5.203  232.40  227.07  218.57
  55    35.732 55194.69533689 20.10 123.901157  66.130935  4.362  232.40  227.07  218.57
  55    35.586 55194.69533748 21.58 123.907634  66.131035  7.282  232.40  227.07  218.57
  55    35.704 55194.69533807 19.98 123.914112  66.131135  4.446  232.40  227.07  218.57
  55    35.605 55194.69533866 21.04 123.920589  66.131235  5.289  232.40  227.07  218.57
  56    35.704 55204.61098571 19.66 123.889871  66.131589  6.165  236.41  231.63  222.67
  56    37.112 55204.61098630 18.65 123.896349  66.131690  4.657  236.41  231.63  222.67
  56    35.207 55204.61098689 21.01 123.902826  66.131790  7.618  236.41  231.63  222.67
  56    35.367 55204.61098748 19.92 123.909304  66.131890  5.169  236.41  231.63  222.67
  56    35.633 55204.61098807 19.46 123.915781  66.131990  4.693  236.41  231.63  222.67
  57    35.856 55214.52663480 19.15 123.888638  66.132746  5.716  234.08  228.54  217.57
  57    36.984 55214.52663539 18.34 123.895116  66.132847  3.737  234.08  228.54  217.57
  57    35.547 55214.52663598 18.93 123.901594  66.132947  5.336  234.08  228.54  217.57
  57    35.882 55214.52663657 18.78 123.908072  66.133047  4.205  234.08  228.54  217.57
  57    34.992 55214.52663716 19.59 123.914550  66.133146  5.983  234.08  228.54  217.57
  58    36.290 55224.44228340 17.59 123.887479  66.132955  5.762  234.70  228.88  217.59
  58    36.942 55224.44228399 17.39 123.893957  66.133055  5.257  234.70  228.88  217.59
  58    37.429 55224.44228458 17.11 123.900435  66.133155  4.088  234.70  228.88  217.59
  58    35.690 55224.44228517 17.48 123.906913  66.133255  3.850  234.70  228.88  217.59
  58    35.838 55224.44228576 18.09 123.913392  66.133355  4.692  234.70  228.88  217.59
  59    35.741 55234.35793028 18.26 123.887383  66.131504  6.695  233.04  226.78  214.55
  59    37.358 55234.35793087 17.14 123.893861  66.131605  4.717  233.04  226.78  214.55
  59    36.062 55234.35793146 17.08 123.900339  66.131705  4.857  233.04  226.78  214.55
  59    35.568 55234.35793205 17.45 123.906817  66.131805  4.603  233.04  226.78  214.55
  59    35.892 55234.35793264 16.88 123.913295  66.131904  4.192  233.04  226.78  214.55
  59    35.653 55234.35793323 17.36 123.919773  66.132004  4.035  233.04  226.78  214.55
  60    36.338 55244.27357425 15.44 123.891019  66.129127  3.475  233.27  226.80  214.35
  60    37.884 55244.27357484 15.84 123.897497  66.129227  4.123  233.27  226.80  214.35
  60    37.884 55244.27357543 15.86 123.903974  66.129327  3.591  233.27  226.80  214.35
  60    35.631 55244.27357602 16.43 123.910452  66.129427  4.133  233.27  226.80  214.35
  60    35.518 55244.27357661 16.21 123.916930  66.129527  4.193  233.27  226.80  214.35
  61    38.153 55254.18921546 15.19 123.897273  66.127527  3.636  234.37  227.97  214.27
  61    38.003 55254.18921605 15.90 123.903750  66.127627  4.676  234.37  227.97  214.27
  61    37.194 55254.18921664 15.45 123.910227  66.127727  3.597  234.37  227.97  214.27
  61    36.008 55254.18921723 15.33 123.916704  66.127826  3.373  234.37  227.97  214.27
  61    35.311 55254.18921782 15.77 123.923181  66.127926  4.095 -100.00 -100.00 -100.00
  62    37.951 55264.10485405 14.35 123.895190  66.127814  2.840  236.26  229.68  216.06
  62    36.065 55264.10485464 14.56 123.901667  66.127914  3.048  236.26  229.68  216.06
  62    36.093 55264.10485523 14.42 123.908145  66.128014  3.188  236.26  229.68  216.06
  62    36.819 55264.10485582 14.53 123.914622  66.128113  3.191  236.26  229.68  216.06
  62    36.460 55264.10485641 14.56 123.921099  66.128212  2.682  236.26  229.68  216.06
  63    36.621 55274.02049143 13.97 123.889918  66.129463  3.982  237.39  230.65  215.56
  63    37.382 55274.02049202 13.97 123.896395  66.129563  3.692  237.39  230.65  215.56
  63    36.276 55274.02049261 13.87 123.902872  66.129663  3.231  237.39  230.65  215.56
  63    37.151 55274.02049320 13.78 123.909350  66.129763  2.866  237.39  230.65  215.56
  63    36.619 55274.02049379 14.27 123.915827  66.129863  3.093  237.39  230.65  215.56
  63    35.927 55274.02049438 14.43 123.922305  66.129962  3.017  237.39  230.65  215.56
  64    36.230 55283.93612881 13.68 123.890409  66.130387  4.794  240.28  233.16  218.18
  64    37.847 55283.93612940 13.74 123.896887  66.130488  4.384  240.28  233.16  218.18
  64    37.356 55283.93612999 13.39 123.903364  66.130588  3.014  240.28  233.16  218.18
  64    36.656 55283.93613058 13.63 123.909841  66.130688  3.143  240.28  233.16  218.18
  64    36.273 55283.93613118 13.79 123.916319  66.130787  3.135  240.28  233.16  218.18
  65    37.111 55293.85176453 13.08 123.888794  66.129415  3.045  239.97  232.25  216.05
  65    37.881 55293.85176512 12.78 123.895271  66.129516  2.652  239.97  232.25  216.05
  65    37.827 55293.85176571 12.98 123.901748  66.129616  3.023  239.97  232.25  216.05
  65    37.391 55293.85176630 13.21 123.908225  66.129716  2.734  239.97  232.25  216.05
  65    36.655 55293.85176689 13.38 123.914702  66.129816  2.837  239.97  232.25  216.05
  65    36.227 55293.85176748 13.63 123.921179  66.129916  3.228  239.97  232.25  216.05
  66    36.169 55303.76740414 12.71 123.915290  66.127938  2.958  245.20  238.58  223.08
  66    36.043 55303.76740473 12.91 123.921766  66.128038  3.201  245.20  238.58  223.08
  67    35.432 55313.68305040 22.68 123.901912  66.126703  8.402  245.70  238.96  224.77
  67    36.058 55313.68305099 21.63 123.908387  66.126803  7.521  245.70  238.96  224.77
  67    35.697 55313.68305158 22.27 123.914863  66.126902  7.615  245.70  238.96  224.77
  67    35.689 55313.68305217 21.94 123.921339  66.127002  7.646  245.70  238.96  224.77
  67    35.240 55313.68305276 22.13 123.927815  66.127101  7.550  245.70  238.96  224.77
  68    80.413 55323.59869543 14.94 123.897413  66.127543  7.893  256.41  257.11  257.23
  68   110.006 55323.59869602 13.16 123.903889  66.127643  6.129  256.41  257.11  257.23
  68    78.689 55323.59869661 16.08 123.910365  66.127743 13.251  256.41  257.11  257.23
  68    77.098 55323.59869720 17.20 123.916841  66.127842 20.803  256.41  257.11  257.23
  68    83.183 55323.59869779 13.03 123.923317  66.127942 11.241  256.41  257.11  257.23
  69    80.032 55333.51433893  6.78 123.890221  66.129350 25.600 -100.00 -100.00 -100.00
  69    85.907 55333.51433952 10.25 123.896697  66.129450 10.912 -100.00 -100.00 -100.00
  69    86.613 55333.51434011 15.31 123.903174  66.129550  7.790 -100.00 -100.00 -100.00
  69    84.792 55333.51434070 15.52 123.909650  66.129650  7.316  255.69  256.11  258.07
  69    80.982 55333.51434129 23.15 123.916127  66.129750 14.147  255.69  256.11  258.07
  69    83.012 55333.51434188 13.18 123.922603  66.129849 19.470  255.69  256.11  258.07
  70    88.821 55343.42998257 20.45 123.886104  66.130730 16.166  227.42  227.84  232.29
  70    89.500 55343.42998316 27.89 123.892581  66.130831 12.638  227.42  227.84  232.29
  70    89.410 55343.42998376 24.98 123.899058  66.130931 10.822  227.42  227.84  232.29
  70    89.001 55343.42998435 31.94 123.905535  66.131031   -100  227.42  227.84  232.29
  70    88.652 55343.42998494 23.82 123.912012  66.131131   -100  227.42  227.84  232.29
  70    88.518 55343.42998553 18.58 123.918489  66.131231  0.834  227.42  227.84  232.29
  73    85.599 55373.17690745  4.29 123.889250  66.130472  4.315  246.77  249.81  251.00
  73   106.805 55373.17690922  1.12 123.908682  66.130773  2.599  246.77  249.81  251.00
  73   107.690 55373.17690981  2.25 123.915159  66.130873  2.627  246.77  249.81  251.00
  73    87.565 55373.17691040  3.61 123.921637  66.130972  3.489  246.77  249.81  251.00
  74    96.689 55383.09254565 24.86 123.888184  66.131439 30.954  254.26  256.80  254.61
  74   120.820 55383.09254624 13.65 123.894662  66.131540  8.216  254.26  256.80  254.61
  74    96.893 55383.09254683 20.01 123.901139  66.131640 17.006  254.26  256.80  254.61
  74   114.583 55383.09254742 23.05 123.907617  66.131741 18.863  254.26  256.80  254.61
  74    89.552 55383.09254801 23.64 123.914095  66.131840 26.333  254.26  256.80  254.61
  76    86.492 55402.92381880  6.06 123.885082  66.132560  3.721  248.45  250.70  250.20
  76    84.515 55402.92381939  5.42 123.891560  66.132661  5.236  248.45  250.70  250.20
  76   105.465 55402.92381998  0.82 123.898037  66.132762  3.087  248.45  250.70  250.20
  76   106.054 55402.92382116  3.06 123.910993  66.132962  3.864  248.45  250.70  250.20
  76    84.243 55402.92382175  5.33 123.917470  66.133062  4.182  248.45  250.70  250.20
  77    82.771 55412.83947098 29.05 123.887255  66.130954 30.948 -100.00 -100.00 -100.00
  77    83.353 55412.83947157 25.05 123.893732  66.131054 12.803 -100.00 -100.00 -100.00
  77    83.328 55412.83947216 30.34 123.900209  66.131155 16.853 -100.00 -100.00 -100.00
  77    82.729 55412.83947275 18.62 123.906686  66.131255   -100  238.77  239.90  240.50
  77    82.741 55412.83947334 19.21 123.913163  66.131355 19.797  238.77  239.90  240.50
  77    82.818 55412.83947393 28.88 123.919640  66.131455 24.147  238.77  239.90  240.50
  80    83.058 55442.58641204 24.15 123.896143  66.127597 18.244  241.66  241.85  243.14
  80    82.940 55442.58641263 22.00 123.902619  66.127698 17.479  241.66  241.85  243.14
  80    82.567 55442.58641322 23.55 123.909095  66.127797   -100  241.66  241.85  243.14
  80    82.536 55442.58641381 19.78 123.915571  66.127897  9.225  241.66  241.85  243.14
  80    82.516 55442.58641440 29.57 123.922047  66.127996   -100 -100.00 -100.00 -100.00
  81    38.631 55452.50205570 27.07 123.901794  66.129448  7.569  239.62  240.85  244.47
  81    38.703 55452.50205629 26.00 123.908271  66.129548  5.301  239.62  240.85  244.47
  81    39.071 55452.50205688 26.84 123.914747  66.129647  8.171  239.62  240.85  244.47
  81    40.177 55452.50205747 27.32 123.921224  66.129747  8.558  239.62  240.85  244.47
  82    85.218 55462.41769689 11.34 123.889044  66.130588  9.611  236.19  236.53  240.44
  82    85.958 55462.41769748  9.39 123.895521  66.130689  5.918  236.19  236.53  240.44
  82    84.377 55462.41769807  8.46 123.901998  66.130789  9.416  236.19  236.53  240.44
  82   105.899 55462.41769984  2.28 123.921430  66.131088  3.555  236.19  236.53  240.44
  84    82.343 55482.24897592 18.74 123.897704  66.127911  9.519  244.49  241.98  243.97
  84    81.326 55482.24897651 26.17 123.904181  66.128012   -100  244.49  241.98  243.97
  84    81.454 55482.24897710 12.26 123.910658  66.128112   -100  244.49  241.98  243.97
  84    81.575 55482.24897769  9.20 123.917135  66.128211 30.648  244.49  241.98  243.97
  84    81.576 55482.24897828 13.74 123.923612  66.128311 14.519  244.49  241.98  243.97
  85    82.268 55492.16461157  7.79 123.899600  66.126454  4.938  249.40  247.17  247.41
  85    79.920 55492.16461216 12.95 123.906076  66.126554 11.306  249.40  247.17  247.41
  85    79.776 55492.16461275 14.70 123.912553  66.126654 15.224  249.40  247.17  247.41
  85    79.894 55492.16461334  8.60 123.919030  66.126754  8.521  249.40  247.17  247.41
  85   100.807 55492.16461393  2.34 123.925507  66.126853  5.285  249.40  247.17  247.41
  86    34.501 55502.08024532 24.67 123.899297  66.127237  7.910  248.97  247.19  245.55
  86    34.217 55502.08024592 25.29 123.905774  66.127338  9.126  248.97  247.19  245.55
  86    34.280 55502.08024651 26.24 123.912251  66.127438 10.364  248.97  247.19  245.55
  86    34.280 55502.08024710 26.23 123.918728  66.127538  8.555  248.97  247.19  245.55
  86    34.256 55502.08024769 26.95 123.925205  66.127637  8.350  248.97  247.19  245.55
  87    35.091 55511.99588956 20.22 123.890093  66.129390  4.659  254.13  252.18  249.79
  87    34.617 55511.99589015 20.12 123.896570  66.129491  4.634  254.13  252.18  249.79
  87    34.304 55511.99589074 21.42 123.903048  66.129591  6.679  254.13  252.18  249.79
  87    34.345 55511.99589133 21.63 123.909526  66.129691  5.852  254.13  252.18  249.79
  87    34.008 55511.99589192 22.73 123.916003  66.129791  8.047  254.13  252.18  249.79
  87    33.924 55511.99589251 22.39 123.922481  66.129891  6.173  254.13  252.18  249.79
  90    34.968 55541.74283497 16.16 123.899429  66.131075  4.257  243.66  238.99  227.36
  90    34.664 55541.74283556 16.01 123.905906  66.131175  3.964  243.66  238.99  227.36
  90    34.896 55541.74283615 15.69 123.912384  66.131275  3.693  243.66  238.99  227.36
  90    34.391 55541.74283674 17.31 123.918861  66.131374  4.949  243.66  238.99  227.36
  91    35.276 55551.65848025 15.02 123.907110  66.130651  3.384  240.60  234.56  220.11
  91    34.641 55551.65848084 15.56 123.913587  66.130751  4.025  240.60  234.56  220.11
  91    34.383 55551.65848143 16.26 123.920065  66.130850  4.403  240.60  234.56  220.11
  92    36.035 55561.57412156 13.53 123.886958  66.131033  3.350  243.81  237.06  221.19
  92    35.848 55561.57412215 13.61 123.893436  66.131133  3.294  243.81  237.06  221.19
  92    35.225 55561.57412274 13.64 123.899913  66.131234  3.291  243.81  237.06  221.19
  92    35.190 55561.57412333 14.38 123.906391  66.131334  3.347  243.81  237.06  221.19
  92    35.269 55561.57412392 14.41 123.912868  66.131433  3.413  243.81  237.06  221.19
  92    34.549 55561.57412452 14.90 123.919346  66.131533  3.413  243.81  237.06  221.19
  93    36.970 55571.48976417 12.89 123.888986  66.132316  3.420  241.09  233.01  214.30
  93    37.487 55571.48976476 12.67 123.895464  66.132417  2.718  241.09  233.01  214.30
  93    36.790 55571.48976535 12.93 123.901942  66.132517  2.987  241.09  233.01  214.30
  93    35.759 55571.48976594 12.91 123.908420  66.132617  3.199  241.09  233.01  214.30
  93    35.307 55571.48976653 13.26 123.914898  66.132716  3.045  241.09  233.01  214.30
  94    36.159 55581.40540536 12.41 123.888161  66.132482  2.844  241.95  234.48  215.37
  94    37.349 55581.40540595 12.28 123.894639  66.132582  2.542  241.95  234.48  215.37
  94    37.307 55581.40540654 12.40 123.901117  66.132683  2.901  241.95  234.48  215.37
  94    35.989 55581.40540713 12.44 123.907595  66.132783  2.620  241.95  234.48  215.37
  94    35.533 55581.40540772 12.50 123.914073  66.132882  2.744  241.95  234.48  215.37
  95    37.617 55591.32104370 11.93 123.890455  66.130701  3.068  240.98  232.29  210.99
  95    37.829 55591.32104429 11.84 123.896933  66.130801  2.477  240.98  232.29  210.99
  95    37.523 55591.32104488 11.78 123.903411  66.130902  2.719  240.98  232.29  210.99
  95    35.729 55591.32104547 12.42 123.909889  66.131002  2.937  240.98  232.29  210.99
  95    36.467 55591.32104606 12.52 123.916366  66.131101  3.252  240.98  232.29  210.99
  96    36.610 55601.23667900 11.28 123.894807  66.128040  2.503  236.48  226.26  203.47
  96    36.890 55601.23667959 11.37 123.901285  66.128140  2.522  236.48  226.26  203.47
  96    38.716 55601.23668018 11.60 123.907762  66.128240  2.672  236.48  226.26  203.47
  96    36.169 55601.23668077 11.79 123.914239  66.128340  3.056  236.48  226.26  203.47
  96    35.808 55601.23668136 11.52 123.920717  66.128440  2.490  236.48  226.26  203.47
  97    36.702 55611.15231247 11.36 123.902863  66.126523  3.151  236.43  226.27  202.36
  97    36.299 55611.15231306 11.30 123.909340  66.126624  2.971  236.43  226.27  202.36
  97    36.044 55611.15231365 11.45 123.915817  66.126724  2.607  236.43  226.27  202.36
  97    35.766 55611.15231424 11.58 123.922294  66.126823  3.025  236.43  226.27  202.36
  98    36.737 55621.06794423 10.94 123.899207  66.127206  2.952  238.63  227.52  204.42
  98    36.353 55621.06794482 11.09 123.905684  66.127307  2.600  238.63  227.52  204.42
  98    36.028 55621.06794541 11.09 123.912161  66.127407  2.452  238.63  227.52  204.42
  98    35.782 55621.06794600 11.05 123.918638  66.127507  2.394  238.63  227.52  204.42
  98    35.898 55621.06794659 11.46 123.925115  66.127606  2.953  238.63  227.52  204.42
  99    36.590 55630.98359628 10.51 123.890114  66.129313  2.804  239.12  228.40  205.84
  99    36.112 55630.98359687 10.75 123.896592  66.129414  3.145  239.12  228.40  205.84
  99    36.223 55630.98359746 10.63 123.903069  66.129515  2.927  239.12  228.40  205.84
  99    36.281 55630.98359805 10.67 123.909547  66.129615  2.856  239.12  228.40  205.84
  99    36.271 55630.98359864 10.61 123.916024  66.129715  2.894  239.12  228.40  205.84
  99    36.091 55630.98359923 11.05 123.922501  66.129814  2.974  239.12  228.40  205.84
 100    37.690 55640.89924680  9.90 123.886763  66.130504  2.507  241.84  231.22  209.25
 100    37.040 55640.89924739 10.27 123.893241  66.130604  2.896  241.84  231.22  209.25
 100    38.116 55640.89924798 10.02 123.899718  66.130705  2.736  241.84  231.22  209.25
 100    38.306 55640.89924857 10.14 123.906195  66.130805  2.573  241.84  231.22  209.25
 100    38.612 55640.89924916 10.21 123.912673  66.130905  3.111  241.84  231.22  209.25
 100    36.506 55640.89924975 10.45 123.919150  66.131005  3.134  241.84  231.22  209.25
 101    36.622 55650.81489694 10.40 123.908650  66.129993  2.797  242.97  233.26  212.26
 101    36.349 55650.81489753 10.26 123.915127  66.130093  2.440  242.97  233.26  212.26
 101    36.353 55650.81489812 10.55 123.921604  66.130192  2.816  242.97  233.26  212.26
 102    37.626 55660.73054075 10.21 123.901275  66.127658  2.953  243.52  233.63  213.35
 102    38.473 55660.73054135 10.27 123.907751  66.127758  2.829  243.52  233.63  213.35
 102    36.395 55660.73054194 10.30 123.914228  66.127858  2.661  243.52  233.63  213.35
 102    36.212 55660.73054253 10.29 123.920704  66.127957  2.658  243.52  233.63  213.35
 103    65.240 55670.64618223  2.51 123.905019  66.126606  5.430  254.35  254.01  251.33
 103    52.631 55670.64618282  6.03 123.911495  66.126706  8.404  254.35  254.01  251.33
 103    39.452 55670.64618341  7.46 123.917971  66.126806  9.998  254.35  254.01  251.33
 103    40.204 55670.64618400  7.52 123.924447  66.126905  7.968  254.35  254.01  251.33
 104    38.971 55680.56182096 25.99 123.897747  66.127516 10.400  251.52  244.69  226.60
 104    39.149 55680.56182155 24.16 123.904223  66.127616  7.238  251.52  244.69  226.60
 104    38.287 55680.56182214 28.34 123.910699  66.127716 16.949  251.52  244.69  226.60
 104    35.416 55680.56182273 29.19 123.917175  66.127815 18.998  251.52  244.69  226.60
 104    39.755 55680.56182332 24.89 123.923651  66.127915  8.967  251.52  244.69  226.60
 106    40.134 55700.39309344 49.77 123.886092  66.131521   -100  242.40  242.17  245.88
 106    39.782 55700.39309403 53.75 123.892569  66.131622  9.829  242.40  242.17  245.88
 106    40.000 55700.39309462 53.70 123.899046  66.131723   -100  242.40  242.17  245.88
 106    39.776 55700.39309521 55.69 123.905524  66.131823  7.758  242.40  242.17  245.88
 106    39.876 55700.39309580 54.73 123.912001  66.131923   -100  242.40  242.17  245.88
 106    39.981 55700.39309639 52.74 123.918479  66.132023   -100  242.40  242.17  245.88
 111    36.360 55749.97132419 29.33 123.897913  66.131748 14.181  245.27  248.65  252.67
 111    38.505 55749.97132478 29.75 123.904391  66.131848 15.353  245.27  248.65  252.67
 111    38.835 55749.97132537 28.36 123.910868  66.131948 11.562  245.27  248.65  252.67
 111    39.221 55749.97132596 30.43 123.917346  66.132048 14.511  245.27  248.65  252.67
 112    38.835 55759.88696750 25.09 123.901417  66.131673  8.668  247.81  248.98  249.25
 112    38.871 55759.88696809 26.41 123.907894  66.131773 12.090  247.81  248.98  249.25
 112    39.389 55759.88696868 26.01 123.914372  66.131873  9.952  247.81  248.98  249.25
 113   103.027 55769.80260625  3.40 123.886293  66.130231  4.330 -100.00 -100.00 -100.00
 113    84.027 55769.80260685  8.12 123.892770  66.130332  7.866 -100.00 -100.00 -100.00
 113    83.208 55769.80260744  8.18 123.899247  66.130433  7.539 -100.00 -100.00 -100.00
 113    82.060 55769.80260803 12.55 123.905724  66.130533 14.526  249.54  253.81  251.49
 113    84.428 55769.80260862  7.52 123.912201  66.130633  8.471  249.54  253.81  251.49
 113    85.509 55769.80260921  6.82 123.918678  66.130733  8.711  249.54  253.81  251.49
 114    81.878 55779.71824376 30.54 123.893961  66.128307   -100 -100.00 -100.00 -100.00
 114    81.616 55779.71824435 29.56 123.900437  66.128407 21.205 -100.00 -100.00 -100.00
 114    83.771 55779.71824494 20.64 123.906913  66.128508   -100  251.78  257.35  253.01
 114    83.589 55779.71824553 25.20 123.913389  66.128608 10.903  251.78  257.35  253.01
 114    82.119 55779.71824612 28.08 123.919865  66.128707 32.026  251.78  257.35  253.01
 117   104.876 55809.46515770  1.08 123.890508  66.128850  4.925  242.68  241.62  245.00
 117    81.383 55809.46515829  8.96 123.896984  66.128950 10.561  242.68  241.62  245.00
 117    82.287 55809.46515888  8.76 123.903461  66.129051  9.235  242.68  241.62  245.00
 117    86.829 55809.46515947  2.38 123.909938  66.129151  5.921  242.68  241.62  245.00
 117   104.022 55809.46516006  1.16 123.916414  66.129251  6.366  242.68  241.62  245.00
 117    88.509 55809.46516065  8.54 123.922891  66.129351  9.802  242.68  241.62  245.00
 119    39.756 55829.29645107 25.64 123.889676  66.129797 11.915  238.64  238.06  243.01
 119    39.897 55829.29645166 24.23 123.896154  66.129898  9.312  238.64  238.06  243.01
 119    41.068 55829.29645225 22.17 123.902631  66.129999  7.195  238.64  238.06  243.01
 119    38.813 55829.29645284 23.20 123.909109  66.130099  8.668  238.64  238.06  243.01
 119    40.799 55829.29645343 21.81 123.915586  66.130199  7.164  238.64  238.06  243.01
 119    40.466 55829.29645402 21.90 123.922064  66.130298  7.038  238.64  238.06  243.01
 120    80.406 55839.21209139  9.35 123.892610  66.128213  6.330 -100.00 -100.00 -100.00
 120   107.873 55839.21209198  2.84 123.899087  66.128314  3.804 -100.00 -100.00 -100.00
 120   109.891 55839.21209375  5.25 123.918519  66.128614  6.161  239.04  237.42  243.05
 121    81.375 55849.12772898 23.40 123.899123  66.127062 17.251  238.45  235.01  234.90
 121    82.944 55849.12772957 28.16 123.905600  66.127162 31.936  238.45  235.01  234.90
 121    82.566 55849.12773016 28.50 123.912077  66.127263  9.117  238.45  235.01  234.90
 121    82.735 55849.12773075 21.23 123.918554  66.127362  4.864  238.45  235.01  234.90
 121    82.808 55849.12773134 13.14 123.925032  66.127462   -100  238.45  235.01  234.90
 123    95.203 55868.95901314  1.31 123.905909  66.130205  2.435  244.03  240.51  237.99
 123    85.687 55868.95901373  3.53 123.912387  66.130305  3.999  244.03  240.51  237.99
 123    83.765 55868.95901432  5.05 123.918864  66.130405  4.395  244.03  240.51  237.99
 133    39.432 55968.11545526 11.02 123.896707  66.127623  2.550  236.34  226.02  203.37
 133    38.523 55968.11545585 10.81 123.903184  66.127724  2.336  236.34  226.02  203.37
 133    38.756 55968.11545644 10.71 123.909661  66.127824  2.564  236.34  226.02  203.37
 133    38.471 55968.11545703 10.53 123.916139  66.127923  2.520  236.34  226.02  203.37
 133    37.626 55968.11545762 10.60 123.922616  66.128023  2.341  236.34  226.02  203.37
 134    38.534 55978.03109199 10.98 123.896804  66.128410  2.367  232.43  220.57  195.64
 134    38.816 55978.03109258 10.83 123.903281  66.128510  2.270  232.43  220.57  195.64
 134    38.911 55978.03109317 10.91 123.909758  66.128610  2.825  232.43  220.57  195.64
 134    38.764 55978.03109376 10.81 123.916236  66.128710  2.359  232.43  220.57  195.64
 134    37.671 55978.03109435 10.82 123.922713  66.128809  2.609  232.43  220.57  195.64
 135    40.345 55987.94672794 10.37 123.895538  66.129294  2.440  232.49  219.55  193.89
 135    39.090 55987.94672853 10.43 123.902015  66.129395  2.628  232.49  219.55  193.89
 135    38.815 55987.94672912 10.42 123.908492  66.129495  2.569  232.49  219.55  193.89
 135    38.009 55987.94672971 10.22 123.914970  66.129595  2.526  232.49  219.55  193.89
 135    38.023 55987.94673030 10.34 123.921447  66.129695  2.270  232.49  219.55  193.89
 136    39.654 55997.86236741  9.95 123.890632  66.129472  2.158  231.43  216.42  190.02
 136    39.653 55997.86236800  9.96 123.897109  66.129573  2.445  231.43  216.42  190.02
 136    38.982 55997.86236860  9.98 123.903586  66.129673  2.680  231.43  216.42  190.02
 136    38.823 55997.86236919  9.82 123.910063  66.129774  2.190  231.43  216.42  190.02
 136    37.165 55997.86236978  9.81 123.916540  66.129874  2.144  231.43  216.42  190.02
 137    38.374 56007.77801889  9.84 123.893446  66.128965  2.465  235.22  222.19  197.28
 137    39.223 56007.77801948  9.81 123.899923  66.129065  2.348  235.22  222.19  197.28
 137    38.787 56007.77802007  9.68 123.906400  66.129166  2.641  235.22  222.19  197.28
 137    37.263 56007.77802066  9.54 123.912876  66.129266  2.161  235.22  222.19  197.28
 137    36.816 56007.77802125  9.48 123.919353  66.129366  2.018  235.22  222.19  197.28
 138    39.343 56017.69366594 10.08 123.893685  66.128121  2.144  234.12  220.32  194.62
 138    38.807 56017.69366653 10.07 123.900161  66.128221  2.296  234.12  220.32  194.62
 138    38.988 56017.69366712 10.23 123.906638  66.128321  2.361  234.12  220.32  194.62
 138    38.373 56017.69366771 10.03 123.913114  66.128421  2.438  234.12  220.32  194.62
 138    38.017 56017.69366830  9.88 123.919590  66.128521  2.262  233.85  220.08  195.18
 139    38.445 56027.60931037  9.56 123.897021  66.128226  2.513  238.58  226.30  201.91
 139    38.897 56027.60931096  9.51 123.903497  66.128327  2.513  238.58  226.30  201.91
 139    37.096 56027.60931155  9.59 123.909973  66.128427  2.500  238.58  226.30  201.91
 139    38.007 56027.60931214  9.39 123.916450  66.128526  2.263  238.58  226.30  201.91
 139    36.727 56027.60931273  9.47 123.922926  66.128626  2.336  238.58  226.30  201.91
 141    39.025 56047.44059275  8.81 123.889881  66.130581  2.123  237.58  226.40  203.13
 141    39.599 56047.44059334  8.95 123.896358  66.130681  2.167  237.58  226.40  203.13
 141    39.361 56047.44059393  8.81 123.902835  66.130781  2.085  237.58  226.40  203.13
 141    40.335 56047.44059452  8.85 123.909312  66.130881  2.167  237.58  226.40  203.13
 141    37.236 56047.44059511  8.83 123.915790  66.130981  2.297  237.58  226.40  203.13
 142    83.811 56057.35623033 10.13 123.887999  66.131595  6.907  246.21  249.67  250.94
 142    82.806 56057.35623092 16.71 123.894477  66.131696  8.349  246.21  249.67  250.94
 142    80.774 56057.35623151 17.78 123.900954  66.131796  9.502  246.21  249.67  250.94
 142    81.902 56057.35623210 15.87 123.907432  66.131897 11.810  246.21  249.67  250.94
 142    81.040 56057.35623269 23.42 123.913909  66.131996 17.208  246.21  249.67  250.94
 143   107.789 56067.27186368  2.23 123.887217  66.131741  4.627 -100.00 -100.00 -100.00
 143   107.599 56067.27186427  5.19 123.893694  66.131842  4.660 -100.00 -100.00 -100.00
 143    87.473 56067.27186486 12.28 123.900172  66.131943  6.477 -100.00 -100.00 -100.00
 143    87.494 56067.27186545 13.35 123.906649  66.132043  7.705 -100.00 -100.00 -100.00
 143    87.417 56067.27186604 12.75 123.913127  66.132143  7.951  235.57  233.67  239.42
 143    87.393 56067.27186663 20.14 123.919605  66.132243 12.880  235.57  233.67  239.42
 144    88.477 56077.18751253 18.10 123.884322  66.131483 13.870 -100.00 -100.00 -100.00
 144    88.677 56077.18751312 24.52 123.890800  66.131584 11.150 -100.00 -100.00 -100.00
 144    88.961 56077.18751371 23.97 123.897277  66.131684  9.040 -100.00 -100.00 -100.00
 144    88.150 56077.18751430 24.54 123.903755  66.131785 26.783 -100.00 -100.00 -100.00
 144    88.151 56077.18751489 19.15 123.910233  66.131885   -100  218.59  220.46  225.83
 144    88.148 56077.18751548 19.14 123.916711  66.131985 23.771  218.59  220.46  225.83
 146    40.168 56097.01880924 28.02 123.899869  66.131697 17.143  236.71  242.10  242.08
 146    39.179 56097.01880983 29.54 123.906347  66.131797 21.481  236.71  242.10  242.08
 146    39.630 56097.01881042 29.31 123.912824  66.131897 20.848  236.71  242.10  242.08
 146    40.222 56097.01881101 28.71 123.919302  66.131996 16.928  236.71  242.10  242.08
 149    84.760 56126.76572043 33.48 123.893243  66.128727 10.311 -100.00 -100.00 -100.00
 149    84.727 56126.76572102 24.49 123.899719  66.128828 24.538 -100.00 -100.00 -100.00
 149    84.717 56126.76572161 22.68 123.906195  66.128928 21.737 -100.00 -100.00 -100.00
 149    84.706 56126.76572220 18.89 123.912672  66.129028  0.194  234.80  234.25  236.68
 149    84.743 56126.76572279 27.56 123.919148  66.129128   -100  234.80  234.25  236.68
 150   104.392 56136.68135441  2.92 123.894454  66.127889  3.395 -100.00 -100.00 -100.00
 150   105.798 56136.68135559  0.34 123.907406  66.128089  2.546  240.22  240.45  240.82
 150    82.512 56136.68135618  6.36 123.913882  66.128190  4.782  240.22  240.45  240.82
 150    83.103 56136.68135677  4.84 123.920358  66.128289  4.227  240.22  240.45  240.82
 151    38.966 56146.59699884 31.11 123.897483  66.128257 28.619 -100.00 -100.00 -100.00
 151    38.877 56146.59699943 30.06 123.903959  66.128358 25.305  234.82  234.59  236.16
 151    38.848 56146.59700002 29.15 123.910435  66.128458 20.428  234.82  234.59  236.16
 151    39.820 56146.59700061 25.26 123.916912  66.128558 11.374  234.82  234.59  236.16
 151    40.403 56146.59700121 29.02 123.923388  66.128657 16.034  234.82  234.59  236.16
 152    36.428 56156.51264762 53.68 123.890004  66.129013   -100 -100.00 -100.00 -100.00
 152    36.762 56156.51264822 49.96 123.896480  66.129114   -100 -100.00 -100.00 -100.00
 152    36.590 56156.51264881 54.75 123.902957  66.129214   -100  242.46  244.68  245.61
 152    36.548 56156.51264940 53.52 123.909433  66.129314   -100  242.46  244.68  245.61
 152    36.547 56156.51264999 53.85 123.915910  66.129414 23.487  242.46  244.68  245.61
 152    36.855 56156.51265058 52.19 123.922386  66.129514   -100  242.46  244.68  245.61
 153    37.635 56166.42829598 54.18 123.888017  66.129629  0.125  246.54  248.20  249.01
 153    37.807 56166.42829657 51.47 123.894494  66.129730   -100  246.54  248.20  249.01
 153    37.548 56166.42829716 54.26 123.900971  66.129831   -100  246.54  248.20  249.01
 153    37.552 56166.42829775 54.58 123.907448  66.129931 10.292  246.54  248.20  249.01
 153    37.847 56166.42829834 51.13 123.913925  66.130031   -100  246.54  248.20  249.01
 153    37.611 56166.42829893 54.73 123.920402  66.130130   -100  246.54  248.20  249.01
 158    83.209 56216.00648835 22.20 123.888109  66.130167 22.802  241.44  240.09  244.68
 158    83.382 56216.00648894 28.97 123.894586  66.130268   -100  241.44  240.09  244.68
 158    83.770 56216.00648953 25.67 123.901064  66.130369 20.073  241.44  240.09  244.68
 158    83.145 56216.00649012 13.59 123.907541  66.130469   -100  241.44  240.09  244.68
 158    83.229 56216.00649071 13.51 123.914019  66.130569   -100  241.44  240.09  244.68
 158    83.556 56216.00649130 11.81 123.920497  66.130669 12.239  241.44  240.09  244.68
 159    35.738 56225.92212795 30.37 123.884854  66.131533  9.393  241.44  239.88  241.52
 159    35.314 56225.92212854 37.42 123.891331  66.131634 26.954  241.44  239.88  241.52
 159    35.560 56225.92212913 30.66 123.897809  66.131735  9.258  241.44  239.88  241.52
 159    35.642 56225.92212972 32.86 123.904287  66.131835 13.726  241.44  239.88  241.52
 159    35.791 56225.92213031 31.09 123.910765  66.131935  9.407  241.44  239.88  241.52
 159    35.520 56225.92213090 32.69 123.917243  66.132035 12.897  241.44  239.88  241.52
 160    35.771 56235.83778324 27.60 123.885312  66.131874 13.458  239.44  235.43  231.75
 160    35.950 56235.83778383 32.12 123.891790  66.131975 21.733  239.44  235.43  231.75
 160    35.833 56235.83778442 33.95 123.898268  66.132076 23.148  239.44  235.43  231.75
 160    35.796 56235.83778501 34.78 123.904745  66.132176 28.202  239.44  235.43  231.75
 160    35.628 56235.83778560 30.13 123.911223  66.132277 16.172  239.44  235.43  231.75
 160    35.590 56235.83778619 29.02 123.917701  66.132377 13.162  239.44  235.43  231.75
 161    38.720 56245.75343486 21.08 123.888183  66.131489  4.607  238.87  235.76  232.32
 161    39.886 56245.75343545 21.64 123.894660  66.131590  5.587  238.87  235.76  232.32
 161    38.253 56245.75343604 21.49 123.901137  66.131691  5.327  238.87  235.76  232.32
 161    38.616 56245.75343663 21.29 123.907615  66.131791  4.550  238.87  235.76  232.32
 161    38.488 56245.75343722 21.47 123.914093  66.131891  4.417  238.87  235.76  232.32
 162    37.975 56255.66908120 21.13 123.888954  66.131150  5.437  233.70  228.81  222.75
 162    37.575 56255.66908179 19.98 123.895431  66.131251  3.975  233.70  228.81  222.75
 162    38.595 56255.66908238 19.68 123.901908  66.131351  4.059  233.70  228.81  222.75
 162    38.117 56255.66908297 20.54 123.908386  66.131451  4.359  233.70  228.81  222.75
 162    35.699 56255.66908356 21.04 123.914863  66.131551  4.254  233.70  228.81  222.75
 163    38.408 56265.58472358 20.16 123.888836  66.131552  5.178  232.35  227.22  219.43
 163    37.565 56265.58472417 19.66 123.895314  66.131653  4.456  232.35  227.22  219.43
 163    39.463 56265.58472476 19.10 123.901791  66.131753  4.166  232.35  227.22  219.43
 163    38.540 56265.58472535 19.59 123.908269  66.131853  4.212  232.35  227.22  219.43
 163    38.380 56265.58472594 19.73 123.914746  66.131953  4.123  232.35  227.22  219.43
 164    36.421 56275.50036389 19.13 123.884575  66.131919  5.166  234.14  229.28  220.20
 164    36.263 56275.50036448 18.62 123.891053  66.132020  4.300  234.14  229.28  220.20
 164    39.360 56275.50036507 18.85 123.897530  66.132121  4.711  234.14  229.28  220.20
 164    37.523 56275.50036566 18.83 123.904008  66.132221  4.462  234.14  229.28  220.20
 164    37.050 56275.50036625 18.24 123.910486  66.132321  3.183  234.14  229.28  220.20
 164    35.939 56275.50036684 19.31 123.916964  66.132421  5.223  234.14  229.28  220.20
 165    38.097 56285.41600991 16.53 123.886597  66.131374  4.032  232.29  226.95  217.40
 165    36.447 56285.41601050 16.14 123.893075  66.131475  3.490  232.29  226.95  217.40
 165    37.840 56285.41601109 15.90 123.899553  66.131576  3.031  232.29  226.95  217.40
 165    37.333 56285.41601168 15.90 123.906030  66.131676  2.997  232.29  226.95  217.40
 165    36.394 56285.41601227 15.83 123.912508  66.131776  2.691  232.29  226.95  217.40
 165    36.366 56285.41601286 16.32 123.918986  66.131875  2.922  232.29  226.95  217.40
 166    38.284 56295.33166100 15.18 123.893256  66.129695  2.554 -100.00 -100.00 -100.00
 166    38.103 56295.33166159 15.39 123.899734  66.129796  2.692 -100.00 -100.00 -100.00
 166    37.227 56295.33166218 15.40 123.906211  66.129896  3.050  232.52  226.70  216.62
 166    37.134 56295.33166277 15.71 123.912689  66.129996  3.305  232.52  226.70  216.62
 166    35.533 56295.33166337 16.20 123.919167  66.130095  4.099  232.52  226.70  216.62
 167    36.119 56305.24730743 14.30 123.894331  66.127772  2.767  230.07  224.19  212.66
 167    38.144 56305.24730802 14.28 123.900808  66.127872  2.923  230.07  224.19  212.66
 167    37.450 56305.24730861 14.79 123.907286  66.127972  3.067  230.07  224.19  212.66
 167    35.735 56305.24730920 14.68 123.913763  66.128072  2.969  230.07  224.19  212.66
 167    35.712 56305.24730979 14.88 123.920240  66.128172  2.959  230.07  224.19  212.66
 168    38.428 56315.16295044 13.63 123.896672  66.127407  2.725  232.43  226.38  214.33
 168    38.059 56315.16295104 13.46 123.903149  66.127507  2.377  232.43  226.38  214.33
 168    38.313 56315.16295163 13.58 123.909626  66.127607  2.882  232.43  226.38  214.33
 168    36.197 56315.16295222 14.10 123.916103  66.127707  3.794  232.43  226.38  214.33
 168    35.019 56315.16295281 14.25 123.922581  66.127806  3.767  232.43  226.38  214.33
 169    38.369 56325.07859106 12.73 123.893531  66.128717  2.602 -100.00 -100.00 -100.00
 169    38.230 56325.07859165 12.85 123.900009  66.128818  2.408 -100.00 -100.00 -100.00
 169    38.860 56325.07859224 12.79 123.906486  66.128918  2.446  230.47  224.00  210.73
 169    35.925 56325.07859283 12.96 123.912964  66.129017  2.886  230.47  224.00  210.73
 169    37.677 56325.07859342 13.43 123.919441  66.129117  3.182  230.47  224.00  210.73
 170    36.995 56334.99423069 12.12 123.888604  66.130197  2.552  229.65  222.47  207.88
 170    38.097 56334.99423128 12.38 123.895081  66.130298  2.767  229.65  222.47  207.88
 170    38.015 56334.99423187 12.36 123.901559  66.130398  2.593  229.65  222.47  207.88
 170    37.144 56334.99423246 13.41 123.908036  66.130498  4.587  229.65  222.47  207.88
 170    38.267 56334.99423305 12.63 123.914514  66.130598  3.050  229.65  222.47  207.88
 170    36.146 56334.99423364 12.66 123.920992  66.130697  2.974  229.65  222.47  207.88
 171    39.805 56344.90986970 11.57 123.887437  66.130315  2.609  231.05  223.28  208.33
 171    37.877 56344.90987029 11.59 123.893914  66.130416  2.682  231.05  223.28  208.33
 171    39.044 56344.90987088 11.47 123.900391  66.130517  2.199  231.05  223.28  208.33
 171    38.458 56344.90987147 11.66 123.906869  66.130617  2.425  231.05  223.28  208.33
 171    38.940 56344.90987206 11.62 123.913346  66.130717  2.670  231.05  223.28  208.33
 171    39.318 56344.90987265 11.99 123.919824  66.130816  2.628  231.05  223.28  208.33
 172    38.232 56354.82550709 11.02 123.894135  66.129242  2.419  235.80  228.61  213.70
 172    38.400 56354.82550768 10.91 123.900612  66.129343  2.109  235.80  228.61  213.70
 172    37.456 56354.82550827 11.04 123.907089  66.129443  2.370  235.80  228.61  213.70
 172    37.044 56354.82550886 11.01 123.913566  66.129543  2.318  235.80  228.61  213.70
 172    36.751 56354.82550945 11.11 123.920043  66.129643  2.206  235.80  228.61  213.70
 173    38.893 56364.74115234 10.80 123.897084  66.128074  2.361  233.62  225.40  208.41
 173    38.505 56364.74115293 10.75 123.903561  66.128174  2.386  233.62  225.40  208.41
 173    37.443 56364.74115352 10.70 123.910037  66.128275  2.440  233.62  225.40  208.41
 173    36.914 56364.74115411 10.71 123.916513  66.128374  2.314  233.62  225.40  208.41
 173    36.801 56364.74115470 10.76 123.922990  66.128474  2.309  233.62  225.40  208.41
 174    38.473 56374.65680128 10.59 123.897907  66.128222  2.424  237.55  229.16  212.35
 174    38.225 56374.65680187 10.45 123.904383  66.128322  2.332  237.55  229.16  212.35
 174    38.506 56374.65680246 10.42 123.910860  66.128422  2.287  237.55  229.16  212.35
 174    36.879 56374.65680305 10.51 123.917336  66.128522  2.365  237.55  229.16  212.35
 174    36.453 56374.65680364 10.72 123.923813  66.128621  2.570  237.55  229.16  212.35
 176    36.994 56394.48809037  9.74 123.889660  66.131674  2.638  248.25  242.42  226.58
 176    37.982 56394.48809096  9.94 123.896137  66.131774  2.486  248.25  242.42  226.58
 176    37.415 56394.48809155  9.86 123.902615  66.131875  2.662  248.25  242.42  226.58
 176    37.085 56394.48809214  9.86 123.909092  66.131974  2.586  248.25  242.42  226.58
 176    38.454 56394.48809273  9.84 123.915569  66.132074  2.402  248.25  242.42  226.58
 177    36.791 56404.40373189 22.23 123.884803  66.132410  9.324  257.26  254.32  248.06
 177    36.797 56404.40373248 24.87 123.891280  66.132510 15.317  257.26  254.32  248.06
 177    36.889 56404.40373307 23.88 123.897758  66.132611 12.095  257.26  254.32  248.06
 177    36.908 56404.40373366 23.80 123.904235  66.132711 10.062  257.26  254.32  248.06
 177    36.874 56404.40373425 23.16 123.910713  66.132811 11.636  257.26  254.32  248.06
 177    37.210 56404.40373484 22.59 123.917191  66.132911  9.645  257.26  254.32  248.06
 178    79.521 56414.31937105 20.19 123.887420  66.132187 16.561 -100.00 -100.00 -100.00
 178    82.278 56414.31937164 18.06 123.893898  66.132288 16.209 -100.00 -100.00 -100.00
 178    82.016 56414.31937223 21.99 123.900375  66.132388 26.880 -100.00 -100.00 -100.00
 178    81.888 56414.31937282 22.55 123.906853  66.132488 20.873 -100.00 -100.00 -100.00
 178    83.837 56414.31937341 17.00 123.913331  66.132588 13.394  245.19  247.41  249.43
 179    82.166 56424.23500505 11.40 123.887127  66.131106  9.069 -100.00 -100.00 -100.00
 179    83.950 56424.23500564 10.68 123.893605  66.131207  6.797 -100.00 -100.00 -100.00
 179    82.327 56424.23500623 13.29 123.900082  66.131308  9.234 -100.00 -100.00 -100.00
 179    80.199 56424.23500682 14.89 123.906560  66.131408 13.290  262.62  262.45  265.34
 179    84.600 56424.23500741 15.67 123.913038  66.131508 12.130  262.62  262.45  265.34
 179    84.185 56424.23500800 16.44 123.919515  66.131608 11.168  262.62  262.45  265.34
 180    89.279 56434.15065087  6.50 123.888462  66.130808 22.400  228.69  229.65  238.05
 180    89.318 56434.15065146 21.52 123.894939  66.130909 27.285  228.69  229.65  238.05
 180    89.296 56434.15065205 17.39 123.901417  66.131009 13.940  228.69  229.65  238.05
 180   110.225 56434.15065264  4.11 123.907894  66.131109  5.173  228.69  229.65  238.05
 180   110.173 56434.15065323  0.06 123.914372  66.131209  3.184  228.69  229.65  238.05
 180    89.002 56434.15065382 12.96 123.920850  66.131309  7.717  228.69  229.65  238.05
 181    86.960 56444.06630263 15.85 123.883887  66.131175  4.797  237.91  238.89  241.07
 181    87.725 56444.06630322 19.80 123.890364  66.131276  6.565  237.91  238.89  241.07
 181    86.833 56444.06630381 25.44 123.896842  66.131377 10.166  237.91  238.89  241.07
 181    85.999 56444.06630440 29.93 123.903320  66.131477 19.203  237.91  238.89  241.07
 181    87.411 56444.06630499 21.81 123.909797  66.131577   -100  237.91  238.89  241.07
 181    87.572 56444.06630558 23.63 123.916275  66.131677  2.989  237.91  238.89  241.07
 183    39.729 56463.89759957 51.18 123.888458  66.131596   -100  244.44  247.53  246.66
 183    39.715 56463.89760016 50.05 123.894935  66.131696   -100  244.44  247.53  246.66
 183    39.679 56463.89760075 53.21 123.901412  66.131797  5.042  244.44  247.53  246.66
 183    39.639 56463.89760134 55.35 123.907890  66.131897 28.971  244.44  247.53  246.66
 183    39.606 56463.89760193 56.31 123.914367  66.131996 27.596  244.44  247.53  246.66
 184    83.262 56473.81324336 21.70 123.892622  66.129825 32.090  242.87  244.82  243.99
 184    85.318 56473.81324395 15.32 123.899099  66.129926  7.729  242.87  244.82  243.99
 184    84.657 56473.81324454 20.23 123.905576  66.130026 10.778  242.87  244.82  243.99
 184    83.572 56473.81324513 24.52 123.912052  66.130125 20.149  242.87  244.82  243.99
 184    85.268 56473.81324572 30.21 123.918529  66.130225 32.304  242.87  244.82  243.99
 185    39.280 56483.72888380 29.65 123.897443  66.127745 12.686 -100.00 -100.00 -100.00
 185    39.166 56483.72888439 29.14 123.903919  66.127846 12.764  236.87  237.78  239.08
 185    39.029 56483.72888498 29.00 123.910395  66.127946 13.988  236.87  237.78  239.08
 185    39.613 56483.72888557 27.85 123.916871  66.128045 12.121  236.87  237.78  239.08
 185    40.424 56483.72888616 28.39 123.923347  66.128145 12.610  236.87  237.78  239.08
 192    86.525 56553.13838313  2.85 123.904638  66.128350  4.757 -100.00 -100.00 -100.00
 192    84.408 56553.13838372  4.13 123.911115  66.128450  5.330  234.68  232.67  238.51
 192   106.057 56553.13838490  0.79 123.924070  66.128649  3.967  234.68  232.67  238.51
 194    86.108 56572.96966572 17.62 123.886356  66.132367 10.785  245.27  243.48  247.50
 194    84.071 56572.96966631 16.30 123.892834  66.132468 10.625  245.27  243.48  247.50
 194    82.878 56572.96966690  6.82 123.899312  66.132569 17.814  245.27  243.48  247.50
 194    83.642 56572.96966808  4.60 123.912269  66.132769  8.423  245.27  243.48  247.50
 194    83.996 56572.96966867 10.80 123.918747  66.132868  8.450  245.27  243.48  247.50
 195   103.806 56582.88530530  5.56 123.888971  66.133525  5.671  250.02  248.66  248.56
 195   103.299 56582.88530589  3.22 123.895449  66.133626  6.841  250.02  248.66  248.56
 195    78.863 56582.88530648 11.01 123.901927  66.133726 11.084  250.02  248.66  248.56
 195    76.890 56582.88530707 11.01 123.908406  66.133827  9.323  250.02  248.66  248.56
 195    79.031 56582.88530766 14.79 123.914884  66.133926 11.669  250.02  248.66  248.56
 196    34.480 56592.80094001 29.81 123.887451  66.132551 16.368  249.26  246.65  246.27
 196    34.561 56592.80094060 23.90 123.893928  66.132652  4.772  249.26  246.65  246.27
 196    34.335 56592.80094119 24.71 123.900406  66.132753  5.998  249.26  246.65  246.27
 196    34.083 56592.80094178 25.66 123.906884  66.132853  6.785  249.26  246.65  246.27
 196    33.914 56592.80094237 26.62 123.913362  66.132953  6.568  249.26  246.65  246.27
 197    35.632 56602.71659131 17.80 123.886445  66.130961  5.178  246.91  243.41  240.72
 197    35.411 56602.71659190 18.52 123.892923  66.131062  6.034  246.91  243.41  240.72
 197    35.176 56602.71659249 18.84 123.899400  66.131162  6.332  246.91  243.41  240.72
 197    34.235 56602.71659308 18.39 123.905877  66.131263  4.746  246.91  243.41  240.72
 197    33.753 56602.71659367 19.91 123.912355  66.131363  6.422  246.91  243.41  240.72
 197    33.667 56602.71659426 18.69 123.918832  66.131462  4.953  245.48  241.97  240.08
 198    34.578 56612.63224048 25.68 123.886037  66.130170 20.403  247.60  244.19  239.50
 198    35.296 56612.63224107 18.54 123.892514  66.130271  6.932  247.60  244.19  239.50
 198    35.553 56612.63224166 17.52 123.898992  66.130371  5.546  247.60  244.19  239.50
 198    35.120 56612.63224225 17.90 123.905469  66.130472  5.631  247.60  244.19  239.50
 198    34.464 56612.63224284 19.29 123.911946  66.130571  7.263  247.60  244.19  239.50
 198    34.340 56612.63224343 19.54 123.918423  66.130671  7.531  247.60  244.19  239.50
 199    36.422 56622.54788524 14.60 123.884267  66.130903  3.855  247.83  244.37  238.07
 199    35.956 56622.54788583 14.66 123.890744  66.131004  3.891  247.83  244.37  238.07
 199    35.916 56622.54788642 14.53 123.897222  66.131105  3.262  247.83  244.37  238.07
 199    35.786 56622.54788701 14.66 123.903699  66.131205  3.241  247.83  244.37  238.07
 199    35.463 56622.54788760 15.48 123.910177  66.131305  3.951  247.83  244.37  238.07
 199    35.403 56622.54788819 15.40 123.916654  66.131404  3.606  247.83  244.37  238.07
 200    36.134 56632.46352730 14.49 123.884606  66.131773  4.255  247.65  243.83  235.11
 200    35.734 56632.46352789 15.13 123.891084  66.131873  4.343  247.65  243.83  235.11
 200    35.688 56632.46352848 14.78 123.897562  66.131974  3.681  247.65  243.83  235.11
 200    35.495 56632.46352907 15.73 123.904040  66.132074  4.897  247.65  243.83  235.11
 200    35.019 56632.46352966 16.59 123.910517  66.132174  6.065  247.65  243.83  235.11
 200    35.372 56632.46353025 15.58 123.916995  66.132274  4.457  247.65  243.83  235.11
 201    36.004 56642.37916516 14.17 123.887226  66.131559  3.895  246.61  242.71  232.21
 201    35.821 56642.37916575 14.54 123.893704  66.131660  4.018  246.61  242.71  232.21
 201    35.574 56642.37916634 14.00 123.900182  66.131760  3.349  246.61  242.71  232.21
 201    35.637 56642.37916693 14.68 123.906660  66.131861  3.880  246.61  242.71  232.21
 201    35.395 56642.37916752 14.96 123.913138  66.131961  4.139  246.61  242.71  232.21
 201    35.185 56642.37916811 15.47 123.919616  66.132060  4.715  246.61  242.71  232.21
 202    36.164 56652.29481499 12.75 123.888451  66.129644  2.760  244.24  237.77  223.46
 202    35.961 56652.29481558 12.61 123.894928  66.129744  2.763  244.24  237.77  223.46
 202    36.079 56652.29481617 12.60 123.901406  66.129845  2.736  244.24  237.77  223.46
 202    35.628 56652.29481676 13.56 123.907884  66.129945  3.909  244.24  237.77  223.46
 202    35.675 56652.29481735 13.07 123.914361  66.130045  2.674  244.24  237.77  223.46
 202    35.276 56652.29481795 13.93 123.920839  66.130144  4.065  244.24  237.77  223.46
 203    36.383 56662.21046536 12.75 123.896496  66.127712  2.752 -100.00 -100.00 -100.00
 203    35.748 56662.21046595 12.93 123.902973  66.127812  2.820 -100.00 -100.00 -100.00
 203    35.793 56662.21046654 13.07 123.909451  66.127912  2.930 -100.00 -100.00 -100.00
 203    35.593 56662.21046713 13.32 123.915928  66.128012  2.790  240.34  233.58  218.25
 203    35.273 56662.21046772 13.55 123.922406  66.128111  3.194  240.34  233.58  218.25
 204    38.180 56672.12611272 12.37 123.903515  66.127238  2.571  237.65  230.40  212.83
 204    35.816 56672.12611331 12.49 123.909992  66.127338  2.672  237.65  230.40  212.83
 204    35.464 56672.12611390 12.86 123.916469  66.127437  2.990  237.65  230.40  212.83
 204    35.190 56672.12611449 13.55 123.922947  66.127537  3.264  237.65  230.40  212.83
 205    38.185 56682.04175765 12.19 123.902089  66.128999  2.715  236.63  228.03  209.47
 205    35.900 56682.04175824 12.26 123.908567  66.129099  2.686  236.63  228.03  209.47
 205    35.604 56682.04175883 12.71 123.915044  66.129198  3.670  236.63  228.03  209.47
 205    35.615 56682.04175942 13.02 123.921522  66.129297  4.103  236.63  228.03  209.47
 206    36.113 56691.95740003 11.49 123.894871  66.130790  2.949  235.50  226.15  205.94
 206    36.178 56691.95740062 11.37 123.901349  66.130890  2.860  235.50  226.15  205.94
 206    35.637 56691.95740121 11.76 123.907827  66.130990  3.010  235.50  226.15  205.94
 206    35.600 56691.95740180 12.33 123.914305  66.131090  4.291  235.50  226.15  205.94
 206    35.489 56691.95740239 12.00 123.920783  66.131189  3.562  235.50  226.15  205.94
 207    39.789 56701.87303830 11.00 123.885689  66.131306  2.637  238.83  229.88  209.50
 207    36.247 56701.87303889 10.96 123.892167  66.131407  2.939  238.83  229.88  209.50
 207    36.808 56701.87303948 10.75 123.898644  66.131507  2.509  238.83  229.88  209.50
 207    36.087 56701.87304007 10.96 123.905122  66.131607  2.469  238.83  229.88  209.50
 207    36.827 56701.87304066 10.94 123.911600  66.131707  2.477  238.83  229.88  209.50
 207    35.484 56701.87304125 11.51 123.918078  66.131807  3.005  238.83  229.88  209.50
 208    36.965 56711.78867264 10.66 123.887945  66.129956  2.077  237.98  228.39  207.43
 208    37.857 56711.78867323 10.71 123.894422  66.130057  2.254  237.98  228.39  207.43
 208    40.588 56711.78867382 10.66 123.900899  66.130157  2.162  237.98  228.39  207.43
 208    38.887 56711.78867441 10.77 123.907376  66.130258  2.578  237.98  228.39  207.43
 208    36.805 56711.78867500 10.67 123.913853  66.130358  2.423  237.98  228.39  207.43
 208    37.895 56711.78867559 10.99 123.920330  66.130457  2.672  237.98  228.39  207.43
 210    38.362 56731.61997029  9.75 123.897462  66.128727  2.142  242.77  233.29  213.17
 210    36.187 56731.61997088  9.92 123.903939  66.128828  2.201  242.77  233.29  213.17
 210    36.882 56731.61997147  9.88 123.910416  66.128927  2.189  242.77  233.29  213.17
 210    36.155 56731.61997206  9.85 123.916892  66.129027  2.253  242.77  233.29  213.17
 210    36.213 56731.61997265  9.98 123.923369  66.129126  2.380  242.77  233.29  213.17
 211    40.095 56741.53561726  9.97 123.887773  66.130594  2.359  247.31  239.29  219.43
 211    37.756 56741.53561785 10.14 123.894250  66.130695  2.678  247.31  239.29  219.43
 211    37.956 56741.53561844 10.05 123.900727  66.130795  2.594  247.31  239.29  219.43
 211    37.252 56741.53561903  9.86 123.907204  66.130895  2.401  247.31  239.29  219.43
 211    38.879 56741.53561962 10.01 123.913682  66.130994  2.414  247.31  239.29  219.43
 211    38.401 56741.53562021 10.21 123.920159  66.131094  2.376  247.31  239.29  219.43
 212    38.086 56751.45126102  9.49 123.890107  66.132917  2.401  245.65  237.19  217.27
 212    37.179 56751.45126161  9.47 123.896584  66.133017  2.374  245.65  237.19  217.27
 212    37.561 56751.45126220  9.44 123.903062  66.133118  1.974  245.65  237.19  217.27
 212    39.041 56751.45126279  9.53 123.909540  66.133217  2.147  245.65  237.19  217.27
 212    36.782 56751.45126338  9.69 123.916018  66.133317  2.315  245.65  237.19  217.27
 213    37.221 56761.36689905 11.69 123.885509  66.133752  3.184  245.44  237.62  219.26
 213    37.190 56761.36689964 13.25 123.891987  66.133853  5.363  245.44  237.62  219.26
 213    37.975 56761.36690023 12.12 123.898465  66.133954  3.455  245.44  237.62  219.26
 213    37.950 56761.36690082 12.23 123.904944  66.134054  3.241  245.44  237.62  219.26
 213    37.496 56761.36690141 12.58 123.911422  66.134154  4.156  245.44  237.62  219.26
 214    35.384 56771.28253087 28.51 123.886668  66.132784 19.018  262.42  259.00  253.42
 214    34.908 56771.28253146 30.16 123.893146  66.132885 24.834  262.42  259.00  253.42
 214    36.759 56771.28253205 26.58 123.899624  66.132986 13.225  262.42  259.00  253.42
 214    37.235 56771.28253264 24.84 123.906102  66.133086  9.240  262.42  259.00  253.42
 214    38.693 56771.28253323 23.86 123.912581  66.133186  8.741  262.42  259.00  253.42
 215    37.332 56781.19818559 27.32 123.884777  66.131140 12.248  260.74  257.87  255.14
 215    35.541 56781.19818618 29.09 123.891254  66.131241 19.599  260.74  257.87  255.14
 215    36.965 56781.19818677 28.38 123.897732  66.131342 17.419  260.74  257.87  255.14
 215    37.099 56781.19818736 26.36 123.904210  66.131442  9.362  260.74  257.87  255.14
 215    38.858 56781.19818795 25.40 123.910687  66.131542  9.797  260.74  257.87  255.14
 215    39.082 56781.19818854 25.33 123.917165  66.131642  9.335  260.74  257.87  255.14
 216    84.731 56791.11384064  4.47 123.888253  66.130281 11.050  250.51  248.12  250.75
 216    84.346 56791.11384123 12.52 123.894731  66.130382 31.661  250.51  248.12  250.75
 216    85.877 56791.11384182 17.65 123.901208  66.130482  9.904  250.51  248.12  250.75
 216    85.811 56791.11384242 16.59 123.907686  66.130582  9.390  250.51  248.12  250.75
 216    85.794 56791.11384301 23.96 123.914163  66.130681 13.075  250.51  248.12  250.75
 216    86.229 56791.11384360 14.74 123.920641  66.130781   -100  250.51  248.12  250.75
 217    87.643 56801.02949232 19.15 123.887928  66.130634  7.993  222.08  222.13  228.63
 217    86.457 56801.02949291 24.66 123.894405  66.130734  8.547  222.08  222.13  228.63
 217    87.346 56801.02949350 22.07 123.900883  66.130834  2.731  222.08  222.13  228.63
 217    87.353 56801.02949409 21.65 123.907360  66.130934   -100  222.08  222.13  228.63
 217    87.581 56801.02949468 29.09 123.913838  66.131033 22.151  222.08  222.13  228.63
 217    89.671 56801.02949527 24.56 123.920315  66.131133 12.227  222.08  222.13  228.63
 218    86.601 56810.94513696 22.79 123.887540  66.131526 27.842  228.92  228.77  233.05
 218    86.766 56810.94513755 27.71 123.894018  66.131627 27.050  228.92  228.77  233.05
 218    86.935 56810.94513814 27.04 123.900495  66.131727 16.436  228.92  228.77  233.05
 218    86.619 56810.94513873 18.55 123.906973  66.131827 30.555  228.92  228.77  233.05
 218    86.347 56810.94513932 22.10 123.913450  66.131926   -100  228.92  228.77  233.05
 218    86.406 56810.94513991 19.86 123.919928  66.132025 27.694  228.92  228.77  233.05
 219    86.520 56820.86077721 22.00 123.889732  66.131536 12.055  243.74  247.76  247.27
 219    85.541 56820.86077780 22.87 123.896209  66.131636 19.773  243.74  247.76  247.27
 219    85.279 56820.86077839 12.63 123.902686  66.131736   -100  243.74  247.76  247.27
 219    85.267 56820.86077898 14.29 123.909163  66.131836   -100  243.74  247.76  247.27
 219    85.757 56820.86077957 22.94 123.915641  66.131936 15.026  243.74  247.76  247.27
 224    82.746 56870.43898931 26.04 123.884636  66.130632   -100  259.06  260.86  260.13
 224    84.018 56870.43898990 20.68 123.891113  66.130732 10.524  259.06  260.86  260.13
 224    83.802 56870.43899049 24.10 123.897590  66.130833 13.886  259.06  260.86  260.13
 224    83.029 56870.43899108 17.46 123.904067  66.130933   -100  259.06  260.86  260.13
 224    83.026 56870.43899167 18.57 123.910545  66.131033  8.667  259.06  260.86  260.13
 224    83.121 56870.43899226 25.98 123.917022  66.131133   -100  259.06  260.86  260.13
 225    82.415 56880.35464043 29.22 123.885916  66.131443 29.433 -100.00 -100.00 -100.00
 225    85.040 56880.35464102 18.88 123.892394  66.131543 11.425 -100.00 -100.00 -100.00
 225    84.408 56880.35464162 29.18 123.898871  66.131644 28.419 -100.00 -100.00 -100.00
 225    84.190 56880.35464221 24.12 123.905349  66.131744   -100 -100.00 -100.00 -100.00
 225    83.943 56880.35464280 22.57 123.911826  66.131844 20.382  246.57  247.62  247.93
 225    82.252 56880.35464339 29.64 123.918304  66.131943   -100  246.57  247.62  247.93
 226    85.621 56890.27028790  5.77 123.887008  66.130701  6.906  245.40  246.82  248.30
 226    86.364 56890.27028849  3.56 123.893485  66.130801  5.029  245.40  246.82  248.30
 227   107.429 56900.18593282  2.94 123.891389  66.129478  5.753  244.51  242.95  246.53
 227    84.542 56900.18593341  2.95 123.897866  66.129579  4.943  244.51  242.95  246.53
 227   108.215 56900.18593400  2.28 123.904343  66.129679  4.510  244.51  242.95  246.53
 227   107.327 56900.18593459  1.31 123.910821  66.129778  4.412  244.51  242.95  246.53
 228    36.055 56910.10157602 32.29 123.899935  66.129810 17.744  238.37  241.50  242.94
 228    36.014 56910.10157661 33.89 123.906412  66.129909 25.726  238.37  241.50  242.94
 228    36.052 56910.10157720 31.61 123.912890  66.130009 17.430  238.37  241.50  242.94
 228    39.409 56910.10157779 28.78 123.919368  66.130108 11.810  238.37  241.50  242.94
 229    83.151 56920.01721591 10.47 123.890298  66.131216  8.551  235.20  234.71  238.98
 229    83.024 56920.01721650 14.11 123.896776  66.131316 16.270  235.20  234.71  238.98
 229    81.750 56920.01721709  3.91 123.903254  66.131416  9.337  235.20  234.71  238.98
 229   104.470 56920.01721827  1.85 123.916209  66.131615  4.465  235.20  234.71  238.98
 230    87.727 56929.93285408 20.83 123.885080  66.133020  9.973  229.53  227.02  230.20
 230    83.842 56929.93285467 24.21 123.891558  66.133121 15.483  229.53  227.02  230.20
 230    83.545 56929.93285526 29.24 123.898036  66.133221 32.640  229.53  227.02  230.20
 230    83.286 56929.93285585 24.19 123.904515  66.133321   -100  229.53  227.02  230.20
 230    84.952 56929.93285644 22.57 123.910993  66.133421   -100  229.53  227.02  230.20
 230    85.438 56929.93285703 30.39 123.917471  66.133521 30.669  229.53  227.02  230.20
 231    84.980 56939.84848801  9.81 123.885582  66.133554  6.848 -100.00 -100.00 -100.00
 231    84.594 56939.84848860 14.17 123.892060  66.133655 12.989 -100.00 -100.00 -100.00
 231    83.869 56939.84848919  9.52 123.898538  66.133756  9.630  237.10  234.84  238.06
 231   104.391 56939.84849037  0.13 123.911494  66.133956  5.136  237.10  234.84  238.06
 232    85.317 56949.76412520 11.33 123.885381  66.132637  6.295 -100.00 -100.00 -100.00
 232    81.633 56949.76412579  9.27 123.891858  66.132738  5.683 -100.00 -100.00 -100.00
 232    78.279 56949.76412638 12.04 123.898336  66.132838 12.301 -100.00 -100.00 -100.00
 232   104.085 56949.76412697  3.38 123.904814  66.132939  5.630 -100.00 -100.00 -100.00
 232    79.213 56949.76412756 10.23 123.911291  66.133039 10.177  245.84  243.60  245.10
 232    77.047 56949.76412815 10.72 123.917769  66.133139  8.851  245.84  243.60  245.10
 233    35.942 56959.67977778 22.99 123.889144  66.131183  5.211 -100.00 -100.00 -100.00
 233    38.094 56959.67977837 22.83 123.895621  66.131284  5.316 -100.00 -100.00 -100.00
 233    34.718 56959.67977896 23.92 123.902098  66.131385  5.311 -100.00 -100.00 -100.00
 233    33.552 56959.67977955 25.07 123.908575  66.131485  6.751  246.23  242.88  243.19
 233    33.527 56959.67978014 25.78 123.915053  66.131584  7.429  246.23  242.88  243.19
 235    34.320 56979.51106806 22.10 123.887871  66.130425  8.113 -100.00 -100.00 -100.00
 235    34.384 56979.51106865 24.19 123.894348  66.130526 11.863 -100.00 -100.00 -100.00
 235    34.324 56979.51106924 24.88 123.900825  66.130626 12.870  244.55  241.07  237.83
 235    34.447 56979.51106983 24.15 123.907302  66.130726 10.091  244.55  241.07  237.83
 235    34.275 56979.51107043 26.47 123.913779  66.130826 15.883  244.55  241.07  237.83
 235    34.350 56979.51107102 24.41 123.920257  66.130925 11.258  244.55  241.07  237.83
 236    39.653 56989.42670661 17.20 123.884772  66.130787  3.618  244.79  240.65  233.52
 236    39.637 56989.42670720 17.36 123.891250  66.130888  3.851  244.79  240.65  233.52
 236    39.538 56989.42670779 17.77 123.897727  66.130988  4.136  244.79  240.65  233.52
 236    37.097 56989.42670838 17.88 123.904204  66.131088  3.722  244.79  240.65  233.52
 236    38.708 56989.42670897 18.18 123.910682  66.131188  4.115  244.79  240.65  233.52
 236    34.798 56989.42670956 18.92 123.917160  66.131288  4.508  244.79  240.65  233.52
 237    36.429 56999.34233925 16.16 123.885784  66.130503  3.149  241.49  236.49  227.50
 237    39.536 56999.34233984 16.81 123.892262  66.130604  3.617  241.49  236.49  227.50
 237    39.430 56999.34234043 16.23 123.898739  66.130705  3.038  241.49  236.49  227.50
 237    34.974 56999.34234102 16.96 123.905217  66.130805  4.023  241.49  236.49  227.50
 237    38.479 56999.34234161 17.09 123.911695  66.130905  4.093  241.49  236.49  227.50
 237    34.623 56999.34234220 18.48 123.918172  66.131005  4.574  241.49  236.49  227.50
 238    39.360 57009.25799178 14.82 123.888729  66.129620  2.859  237.94  231.44  218.24
 238    39.488 57009.25799237 15.94 123.895206  66.129721  4.141  237.94  231.44  218.24
 238    35.403 57009.25799296 16.40 123.901684  66.129821  4.012  237.94  231.44  218.24
 238    34.743 57009.25799356 16.44 123.908161  66.129922  4.182  237.94  231.44  218.24
 238    34.722 57009.25799415 16.83 123.914639  66.130022  4.580  237.94  231.44  218.24
 238    34.345 57009.25799474 17.14 123.921117  66.130121  4.418  237.94  231.44  218.24
 239    36.242 57019.17364506 14.65 123.896689  66.128546  2.971  242.61  237.40  225.16
 239    35.454 57019.17364565 14.78 123.903166  66.128646  3.300  242.61  237.40  225.16
 239    35.562 57019.17364624 15.06 123.909644  66.128746  2.995  242.61  237.40  225.16
 239    34.724 57019.17364683 15.43 123.916121  66.128846  3.394  242.61  237.40  225.16
 239    34.330 57019.17364742 16.21 123.922599  66.128945  4.601  242.61  237.40  225.16
 240    36.179 57029.08929440 13.66 123.895184  66.128289  2.714  238.56  232.05  217.46
 240    35.720 57029.08929499 13.96 123.901661  66.128389  2.816  238.56  232.05  217.46
 240    35.740 57029.08929558 14.17 123.908139  66.128489  3.545  238.56  232.05  217.46
 240    35.483 57029.08929617 13.94 123.914616  66.128589  3.004  238.56  232.05  217.46
 240    34.936 57029.08929676 15.03 123.921094  66.128688  3.792  238.56  232.05  217.46
 241    39.549 57039.00494209 12.67 123.894001  66.129197  2.361  239.17  232.86  216.80
 241    37.713 57039.00494268 13.05 123.900478  66.129297  2.818  239.17  232.86  216.80
 241    35.722 57039.00494327 13.12 123.906956  66.129397  3.326  239.17  232.86  216.80
 241    36.619 57039.00494386 13.03 123.913433  66.129497  2.584  239.17  232.86  216.80
 241    36.192 57039.00494445 13.52 123.919911  66.129596  3.178  239.17  232.86  216.80
 242    39.976 57048.92058688 12.22 123.886620  66.130352  2.261  239.60  232.26  215.46
 242    39.660 57048.92058747 12.35 123.893098  66.130453  2.589  239.60  232.26  215.46
 242    39.451 57048.92058806 12.81 123.899575  66.130553  3.572  239.60  232.26  215.46
 242    38.899 57048.92058865 12.49 123.906053  66.130653  2.769  239.60  232.26  215.46
 242    38.785 57048.92058924 12.60 123.912530  66.130753  3.274  239.60  232.26  215.46
 242    38.291 57048.92058983 12.93 123.919008  66.130853  3.280  239.60  232.26  215.46
 243    39.675 57058.83622864 11.92 123.889169  66.130966  2.601  236.86  227.77  208.48
 243    36.045 57058.83622923 12.06 123.895646  66.131067  2.836  236.86  227.77  208.48
 243    39.188 57058.83622982 12.01 123.902123  66.131167  2.806  236.86  227.77  208.48
 243    36.820 57058.83623041 12.30 123.908601  66.131267  3.129  236.86  227.77  208.48
 243    35.128 57058.83623100 12.97 123.915078  66.131367  3.612  236.86  227.77  208.48
 244    37.364 57068.75186460 11.69 123.890527  66.130586  2.658  243.75  236.69  220.92
 244    36.290 57068.75186519 11.58 123.897004  66.130686  2.435  243.75  236.69  220.92
 244    39.057 57068.75186578 11.82 123.903481  66.130787  2.852  243.75  236.69  220.92
 244    38.664 57068.75186637 11.95 123.909958  66.130887  2.599  243.75  236.69  220.92
 244    35.196 57068.75186696 12.58 123.916435  66.130987  3.780  243.75  236.69  220.92
 245    39.743 57078.66749588 10.57 123.887718  66.130102  2.260  239.25  230.76  211.53
 245    39.474 57078.66749647 10.68 123.894195  66.130202  2.538  239.25  230.76  211.53
 245    36.450 57078.66749706 10.77 123.900672  66.130303  2.785  239.25  230.76  211.53
 245    37.160 57078.66749765 10.80 123.907149  66.130403  2.591  239.25  230.76  211.53
 245    38.581 57078.66749824 10.88 123.913626  66.130503  2.678  239.25  230.76  211.53
 245    37.825 57078.66749883 10.99 123.920103  66.130603  2.741  239.25  230.76  211.53
 246    36.843 57088.58313119 11.15 123.886723  66.130446  2.873  237.34  227.89  207.17
 246    39.574 57088.58313178 11.15 123.893200  66.130547  2.952  237.34  227.89  207.17
 246    37.793 57088.58313237 11.26 123.899677  66.130647  2.845  237.34  227.89  207.17
 246    35.902 57088.58313296 11.17 123.906154  66.130748  2.585  237.34  227.89  207.17
 246    35.456 57088.58313355 11.69 123.912631  66.130848  3.273  237.34  227.89  207.17
 246    35.309 57088.58313414 11.72 123.919108  66.130948  3.457  237.34  227.89  207.17
 247    39.307 57098.49879128 10.20 123.905369  66.132110  2.298  244.90  237.61  220.72
 247    36.547 57098.49879187 10.55 123.911847  66.132210  2.808  244.90  237.61  220.72
 247    36.703 57098.49879246 10.59 123.918324  66.132310  2.786  244.90  237.61  220.72
 249    60.894 57118.33009528  2.99 123.886797  66.133110  6.607  239.90  231.10  213.52
 249    40.343 57118.33009587  7.90 123.893275  66.133211 13.934  239.90  231.10  213.52
 249    37.918 57118.33009646  9.27 123.899753  66.133311 12.498  239.90  231.10  213.52
 249    37.090 57118.33009705  9.98 123.906231  66.133411  9.783  239.90  231.10  213.52
 249    36.395 57118.33009765 11.28 123.912710  66.133511  7.762  239.90  231.10  213.52
 250    37.751 57128.24573970 10.43 123.889731  66.132144  2.416  243.97  235.71  219.61
 250    36.706 57128.24574029 10.71 123.896208  66.132245  2.707  243.97  235.71  219.61
 250    36.925 57128.24574088 10.69 123.902686  66.132345  2.781  243.97  235.71  219.61
 250    37.025 57128.24574147 10.77 123.909164  66.132445  2.525  243.97  235.71  219.61
 250    36.976 57128.24574206 10.74 123.915642  66.132545  2.865  243.97  235.71  219.61
