# NaN NaN NaN ;Mean Elev.(m), Avg Gradient(m/km), RMS Gradient(m/km) - SRTM1     
#   38.000  -0.295  14.278 ;Mean Elev.(m), Avg Gradient(m/km), RMS Gradient(m/km) - ASTER GDEM
#   33.000   0.193  16.787 ;Mean Elev.(m), Avg Gradient(m/km), RMS Gradient(m/km) - GMTED2010 
   1 126.764291  64.156236    58.055    58.089 10 54665.26488787 43.400
   2 126.757329  64.158392    61.064    61.315  9 54675.18053172 23.547
   3 126.751320  64.161108   -44.793   -44.722  8 54685.09617424  3.944
   4 126.744824  64.163619    61.669    61.648  5 54695.01181525 22.316
   5 126.744844  64.163294   -43.073   -43.133  6 54704.92745459  3.293
   6 126.758132  64.158020    59.364    59.336  9 54714.84310784 36.207
   7 126.769505  64.153053   -20.408   -20.388 12 54724.75875962  6.700
   8 126.773723  64.150968    60.527    60.523 12 54734.67440837 27.796
   9 126.772406  64.152182    59.998    60.184 12 54744.59005513 28.308
  10 126.766061  64.154698    57.142    57.211 11 54754.50570089 43.772
  11 126.767364  64.154360    56.450    56.416 11 54764.42134662 46.369
  12 126.771504  64.151701    55.929    55.926 12 54774.33699007 43.640
  13 126.775971  64.149172    58.496    58.787 12 54784.25263096 20.760
  14 126.775245  64.149731    60.188    60.218 12 54794.16826928 15.245
  17 126.758324  64.158431    61.006    60.876  9 54823.91518646 14.082
  18 126.762601  64.156134    60.829    61.088 11 54833.83082711 13.427
  19 126.764465  64.154967    60.684    60.266 11 54843.74647739 13.428
  20 126.766222  64.155323    60.800    60.622 11 54853.66212650 12.854
  21 126.757664  64.158541    60.763    60.663  9 54863.57777415 12.324
  22 126.754701  64.159758    60.192    60.198  8 54873.49342228 11.966
  23 126.759007  64.157875    60.071    60.116  9 54883.40906899 11.707
  24 126.768339  64.153454    60.161    59.906 11 54893.32471300 12.048
  25 126.774635  64.149880    60.350    60.380 13 54903.24035398 11.939
  26 126.774160  64.149826    60.444    60.410 12 54913.15599282 11.407
  27 126.772784  64.151822    60.533    60.418 12 54923.07163066 11.186
  28 126.764609  64.155295    60.251    60.192 11 54932.98726699 10.766
  29 126.765281  64.155650    59.361    59.398 10 54942.90290256 11.344
  30 126.766508  64.154299    56.138    56.014 10 54952.81853640 38.643
  31 126.771446  64.151375    57.904    57.917 12 54962.73418061 44.773
  32 126.775336  64.150434    63.051    63.036 12 54972.64982962 44.737
  33 126.770760  64.153009    61.122    61.119 12 54982.56547655 52.475
  35 126.755698  64.158436    61.474    61.452  9 55002.39676847 56.486
  36 126.762411  64.156618    60.063    60.043 11 55012.31241386 54.379
  37 126.764267  64.155492    60.433    60.570 11 55022.22805736 28.012
  38 126.763334  64.156281    60.623    60.945 11 55032.14369960 24.867
  39 126.756082  64.159092    58.593    58.785  8 55042.05934044 27.806
  40 126.751091  64.161261    59.628    59.379  8 55051.97498003 25.534
  41 126.755583  64.159776    58.185    58.182  8 55061.89061860 49.398
  42 126.765866  64.155278    59.509    59.176 11 55071.80626307 30.812
  43 126.773763  64.151019    58.106    58.056 12 55081.72191280 52.407
  44 126.774301  64.150132    58.296    57.805 13 55091.63755988 34.733
  45 126.773087  64.151481    58.546    58.522 12 55101.55320607 32.766
  46 126.766253  64.154308    58.206    58.224 11 55111.46885121 42.097
  47 126.764429  64.154752    57.752    57.725 11 55121.38449490 52.649
  48 126.771365  64.151976    56.478    56.443 11 55131.30013685 48.819
  49 126.774867  64.149587    55.235    55.204 13 55141.21577650 35.521
  50 126.775073  64.149769    57.807    57.890 12 55151.13141497 29.839
  51 126.768133  64.153329    59.679    60.109 12 55161.04705263 23.367
  52 126.760690  64.157313    60.026    60.194 10 55170.96268983 20.762
  53 126.752824  64.160175    60.491    60.621  8 55180.87832561 18.783
  54 126.759049  64.158099    60.585    60.416  9 55190.79397499 18.402
  55 126.763225  64.156454    59.731    59.541 10 55200.70962583 17.966
  56 126.762853  64.156506    59.341    59.278 11 55210.62527538 17.663
  57 126.755990  64.158414    59.241    58.960  9 55220.54092369 16.203
  58 126.760982  64.157123    58.447    58.620 10 55230.45657231 16.120
  59 126.763951  64.155368    58.837    59.036 11 55240.37221757 15.635
  60 126.771893  64.151902    58.510    58.626 12 55250.28785985 15.760
  61 126.776055  64.149709    59.256    59.501 12 55260.20349944 15.871
  62 126.771691  64.150698    59.247    59.338 12 55270.11913724 14.838
  63 126.770598  64.152224    59.136    59.161 12 55280.03477523 14.360
  64 126.765377  64.154479    58.587    58.518 11 55289.95041155 13.657
  65 126.766560  64.154839    58.596    58.581 11 55299.86604624 13.632
  66 126.770099  64.152888    58.987    59.434 12 55309.78169185 27.073
  67 126.770556  64.151480    57.118    57.420 12 55319.69733782 23.910
  68 126.770473  64.151457    56.028    56.008 12 55329.61298252 43.689
  69 126.771254  64.152799    63.972    63.936 12 55339.52862688 54.923
  70 126.764932  64.155704    61.237    61.206 10 55349.44427015 50.170
  71 126.757975  64.157996    59.958    59.928  9 55359.35991141 50.839
  72 126.759568  64.157782    61.448    61.316  9 55369.27555152 22.752
  73 126.759627  64.157830    61.496    61.485  9 55379.19119003 22.917
  74 126.754565  64.159351    60.055    59.995  9 55389.10682727 53.398
  75 126.754364  64.160102    59.026    58.530  8 55399.02246404 34.493
  76 126.754587  64.159464    60.745    60.616  8 55408.93811017 24.495
  77 126.761154  64.156159    58.659    58.682  9 55418.85376180 56.252
  78 126.771573  64.152075    59.352    59.505 11 55428.76941043 29.522
  79 126.773576  64.150852    57.372    57.294 12 55438.68505536 55.407
  80 126.772483  64.151604    58.513    58.453 12 55448.60069841 55.339
  81 126.768627  64.153134    60.956    61.071 12 55458.51634081 23.303
  82 126.767821  64.153598    59.616    59.902 12 55468.43198283 28.397
  83 126.770847  64.152608    60.287    60.469 11 55478.34762206 27.849
  84 126.771086  64.152169    55.917    55.907 12 55488.26325799 45.047
  85 126.770304  64.152502    55.581    55.579 12 55498.17889155 38.962
  86 126.765544  64.154506    56.156    56.159 11 55508.09452932 21.288
  87 126.765044  64.155352    58.737    58.921 11 55518.01017954 18.079
  88 126.761078  64.156872    59.650    59.708 10 55527.92582848 15.569
  89 126.759666  64.157303    60.113    60.428  9 55537.84147581 14.681
  90 126.764518  64.156351    61.160    61.037 10 55547.75712154 13.469
  91 126.759073  64.157491    61.693    61.780  9 55557.67276435 13.044
  92 126.755257  64.158749    61.165    61.349  9 55567.58840638 12.974
  93 126.755263  64.158787    61.392    61.297  9 55577.50404807 12.659
  94 126.764467  64.155943    61.242    61.228 11 55587.41968874 12.896
  95 126.768391  64.153554    60.861    60.895 12 55597.33532580 12.508
  96 126.772439  64.151975    60.741    60.795 12 55607.25096002 12.693
  97 126.768959  64.153260    60.858    60.981 11 55617.16659134 12.414
  98 126.764527  64.155378    61.119    61.096 11 55627.08223517 11.130
  99 126.764674  64.155587    61.208    61.187 10 55636.99788688 10.305
 100 126.766700  64.154391    61.338    61.446 10 55646.91353684 10.348
 101 126.771490  64.151828    60.844    60.911 12 55656.82918434 11.122
 102 126.773197  64.150679    60.850    60.801 12 55666.74482706  9.576
 103 126.770880  64.151809    56.841    56.688 12 55676.66046631 29.104
 104 126.766986  64.154473    57.264    56.899 11 55686.57610340 29.268
 105 126.758064  64.157960    60.651    60.540  9 55696.49173876 46.490
 106 126.756701  64.159214    59.370    59.292  8 55706.40737372 49.520
 107 126.756943  64.158465    61.508    61.777  9 55716.32302355 23.404
 108 126.761389  64.157111    61.302    61.262  9 55726.23867275 23.099
 109 126.755464  64.158564    60.709    60.766  9 55736.15431902 25.781
 110 126.755505  64.159250    60.299    60.974  8 55746.06996467 25.575
 111 126.756695  64.158778    58.596    58.586  9 55755.98560866 51.104
 112 126.765043  64.155603    56.974    56.854 11 55765.90125109 54.443
 113 126.770256  64.152451    57.637    57.138 12 55775.81689032 35.029
 114 126.771252  64.151185    59.133    59.111 12 55785.73252604 52.939
 115 126.768992  64.153027    59.757    60.123 12 55795.64815918 27.449
 116 126.764271  64.156001    57.922    57.399 11 55805.56379807 34.816
 117 126.760797  64.157379    59.788    59.908 10 55815.47944677 25.674
 118 126.764294  64.155517    58.460    58.450 10 55825.39509371 54.351
 119 126.769490  64.152771    57.778    57.734 12 55835.31073638 53.458
 120 126.771592  64.151525    60.766    60.850 12 55845.22637512 27.229
 121 126.766800  64.153969    56.152    56.116 11 55855.14201018 46.541
 122 126.756845  64.158157    56.197    56.234  9 55865.05764911 43.159
 123 126.754896  64.159622    60.570    61.622  9 55874.97330196 18.197
 133 126.772841  64.151140    60.625    60.733 12 55974.12973858 14.148
 134 126.764764  64.155499    61.079    60.876 11 55984.04537376 13.476
 135 126.755863  64.159113    61.291    61.324  9 55993.96100671 12.474
 136 126.763277  64.156268    61.012    60.970 11 56003.87665841 12.938
 137 126.772487  64.151708    60.764    60.945 12 56013.79230858 12.677
 139 126.772070  64.151691    60.864    60.869 12 56033.62359747 12.144
 141 126.754661  64.160112    56.190    56.218  8 56053.45487473 41.844
 142 126.754112  64.160693    64.108    64.116  8 56063.37050976 37.591
 143 126.756416  64.158990    62.752    62.757  9 56073.28615195 30.044
 144 126.761938  64.156655    61.214    61.108 10 56083.20180264 27.710
 145 126.763698  64.156386    61.057    61.020 10 56093.11745043 54.007
 146 126.755431  64.158806    59.754    59.765  9 56103.03309490 55.861
 147 126.757797  64.158217    60.331    60.258  9 56112.94872615 26.938
 148 126.762823  64.156046    60.747    61.075 11 56122.86436565 24.086
 149 126.770552  64.152776    59.220    59.243 11 56132.78000160 54.904
 150 126.771471  64.151696    60.548    60.509 12 56142.69563922 45.153
 151 126.772513  64.151828    59.225    59.021 12 56152.61128997 34.883
 152 126.764526  64.154984    58.912    58.876 11 56162.52693805 52.398
 153 126.764713  64.156128    59.162    59.040 10 56172.44258508 30.975
 154 126.766151  64.155357    59.646    59.714 11 56182.35822758 30.838
 155 126.769971  64.153024    59.881    59.829 11 56192.27386670 29.060
 156 126.772513  64.151660    58.824    58.765 12 56202.18950294 34.913
 157 126.766691  64.154337    57.546    57.534 10 56212.10513624 48.066
 158 126.755837  64.159543    56.899    56.966  8 56222.02076697 49.320
 159 126.745896  64.162833    55.954    55.977  6 56231.93642026 35.098
 160 126.750088  64.161632    55.327    55.305  8 56241.85207335 37.105
 161 126.754765  64.159197    55.760    55.729  9 56251.76772232 36.390
 162 126.761414  64.156718    55.932    56.003 10 56261.68336677 35.573
 163 126.764457  64.156162    55.893    56.002 11 56271.59900854 34.370
 164 126.757054  64.158094    56.155    56.141  9 56281.51464864 27.375
 165 126.759723  64.157205    56.173    56.194  9 56291.43030108 24.547
 166 126.765683  64.154499    55.960    55.914 11 56301.34594950 23.657
 167 126.774897  64.150837    56.197    55.940 12 56311.26159414 22.411
 168 126.775216  64.149981    56.191    56.053 12 56321.17723557 22.107
 169 126.773321  64.151423    56.192    55.818 12 56331.09287604 20.831
 170 126.766808  64.154528    56.679    56.778 11 56341.00851545 19.093
 171 126.763601  64.156543    56.543    56.208 10 56350.92415300 17.734
 172 126.765315  64.155859    56.177    56.237 11 56360.83979186 18.177
 173 126.770744  64.152965    56.108    56.158 12 56370.75544236 18.365
 175 126.767825  64.153859    56.722    56.641 11 56390.58673390 16.407
 176 126.758526  64.157690    57.409    57.446  9 56400.50237584 23.846
 177 126.755891  64.159750    55.360    55.365  8 56410.41801587 46.528
 178 126.755358  64.160254    55.846    55.820  8 56420.33365142 42.972
 179 126.754892  64.159860    63.875    63.895  9 56430.24928822 52.289
 180 126.757242  64.158061    61.483    61.436  9 56440.16494175 48.718
 181 126.762779  64.156346    61.183    61.153 10 56450.08059314 24.322
 182 126.765798  64.155466    61.342    61.294 11 56459.99624202 56.687
 183 126.765813  64.154545    59.074    59.035 11 56469.91188731 39.695
 184 126.769059  64.153103    58.227    58.166 12 56479.82752912 51.096
 185 126.768052  64.152755    60.012    60.042 11 56489.74316646 55.255
 187 126.764500  64.155254    60.342    60.379 11 56509.57443427 32.931
 188 126.763235  64.156522    61.265    61.078 10 56519.49007557 24.581
 189 126.764812  64.155969    60.711    61.048 11 56529.40572940 23.512
 190 126.764706  64.155379    59.558    59.391 10 56539.32137901 29.994
 191 126.766761  64.154212    58.070    58.043 10 56549.23702465 47.156
 192 126.768029  64.154085    59.285    58.835 11 56559.15266778 29.587
 193 126.762679  64.156194    60.390    60.446 11 56569.06830923 29.889
 194 126.755823  64.159263    56.698    56.705  9 56578.98394918 45.656
 195 126.753014  64.161018    56.106    56.076  8 56588.89958582 36.557
 196 126.752420  64.160780    55.332    55.326  8 56598.81522978 34.057
 197 126.755805  64.158651    56.337    56.301  9 56608.73088128 23.037
 198 126.760161  64.157350    57.328    56.283 10 56618.64652785 17.087
 199 126.756089  64.158168    60.187    59.882  9 56628.56217017 14.164
 200 126.758780  64.157627    61.639    61.978 10 56638.47781024 13.379
 201 126.766421  64.155098    60.444    60.291 11 56648.39345480 13.520
 202 126.770497  64.152374    60.750    60.870 12 56658.30910694 13.569
 203 126.772228  64.151174    60.588    60.477 12 56668.22475461 13.413
 205 126.765150  64.154918    61.249    61.191 10 56688.05604233 12.957
 206 126.763977  64.155837    61.133    61.064 10 56697.97168356 12.542
 207 126.766106  64.155243    61.505    61.596 11 56707.88732060 12.393
 208 126.766909  64.154527    61.426    61.327 11 56717.80295780 12.301
 211 126.758064  64.158257    61.942    62.067  9 56747.54990340 11.074
 212 126.753570  64.160161    61.844    62.061  8 56757.46554350  9.859
 213 126.751507  64.160755    56.183    56.014  8 56767.38117802 25.989
 214 126.755895  64.158831    56.079    55.832  9 56777.29682275 39.438
 215 126.762943  64.156332    59.671    59.673 10 56787.21247979 42.910
 216 126.764534  64.155669    61.435    61.352 11 56797.12813266 31.160
 217 126.764638  64.155787    60.180    59.855 10 56807.04378022 28.669
 219 126.768604  64.153446    59.682    59.684 12 56826.87506004 54.662
 221 126.768327  64.153161    58.283    58.215 12 56846.70632598 54.449
 222 126.767497  64.154277    59.818    59.519 11 56856.62197572 27.038
 223 126.764680  64.156001    57.673    57.604 10 56866.53762866 53.006
 224 126.764656  64.155868    60.077    60.290 10 56876.45328071 25.706
 225 126.764596  64.154762    58.124    58.047 11 56886.36892972 36.126
 226 126.771266  64.152171    57.958    57.975 11 56896.28457671 39.721
 227 126.770201  64.152515    59.496    59.536 11 56906.20021983 29.648
 228 126.765150  64.155231    59.090    59.381 10 56916.11586025 28.387
 229 126.755617  64.159387    59.641    59.588  8 56926.03149829 26.639
 230 126.752173  64.161436    61.732    61.678  7 56935.94713379 25.749
 231 126.751342  64.161509    56.417    56.379  7 56945.86276440 47.306
 232 126.759612  64.157663    55.411    55.424  9 56955.77841761 39.737
 233 126.764649  64.155278    59.496    60.110 11 56965.69406748 21.264
 234 126.763967  64.155938    60.345    60.243 11 56975.60971213 18.041
 235 126.756708  64.158624    61.769    61.740  8 56985.52535151 16.073
 236 126.756375  64.159058    61.404    61.550  9 56995.44098625 14.276
 237 126.763769  64.155915    61.087    61.056 11 57005.35662900 14.230
 238 126.770823  64.151739    60.365    60.307 12 57015.27228505 14.802
 239 126.774073  64.150400    60.293    60.272 12 57025.18793621 14.172
 240 126.769267  64.153166    60.693    60.740 11 57035.10358414 13.474
 241 126.762565  64.156587    60.820    60.532 10 57045.01922934 12.469
 242 126.759965  64.157727    60.928    60.641  9 57054.93487208 11.688
 243 126.764374  64.155738    60.497    60.328 10 57064.85051082 11.561
 244 126.766138  64.154648    60.143    59.921 10 57074.76614448 11.422
 245 126.764435  64.156078    60.477    60.096 11 57084.68177427 11.667
 246 126.755948  64.159311    61.322    61.682  8 57094.59742659 11.052
 247 126.748967  64.161975    61.268    61.495  7 57104.51308228 10.077
 248 126.749556  64.162005    61.862    61.904  6 57114.42873463 10.286
 249 126.754788  64.159437    61.184    60.734  9 57124.34438144 10.134
 250 126.765905  64.155516    61.203    61.254 11 57134.26002362  6.243
