# NaN NaN NaN ;Mean Elev.(m), Avg Gradient(m/km), RMS Gradient(m/km) - SRTM1     
#  181.951 -13.382  35.764 ;Mean Elev.(m), Avg Gradient(m/km), RMS Gradient(m/km) - ASTER GDEM
#  153.299 -13.684  36.621 ;Mean Elev.(m), Avg Gradient(m/km), RMS Gradient(m/km) - GMTED2010 
   1 114.381864  60.466787   168.314   168.355  7 54666.11757951 28.149
   2 114.385425  60.469808   168.369   168.326  7 54676.03322481 27.538
   4 114.390243  60.474191   160.421   160.383  7 54695.86451045 45.685
  10 114.388716  60.473372   168.241   168.301  8 54755.35839391 25.005
  11 114.387277  60.472249   168.127   168.037  8 54765.27403923 27.268
  12 114.383948  60.467916   156.915   156.874  7 54775.18968105 49.799
  13 114.377940  60.463082   156.536   156.505  6 54785.10532001 46.930
  14 114.378212  60.463012   158.063   158.030  6 54795.02095849 27.828
  17 114.383098  60.468334   168.263   168.287  8 54824.76787996 15.403
  18 114.385064  60.469087   168.351   168.330  7 54834.68351989 15.664
  19 114.385962  60.470509   168.074   167.979  7 54844.59916993 16.305
  21 114.399752  60.479843   168.144   168.210 10 54864.43047027 16.722
  22 114.402351  60.481614   168.132   168.253 10 54874.34611937 16.355
  23 114.398773  60.478915   168.111   168.129 10 54884.26176475 18.382
  24 114.387499  60.471875   167.809   167.908  8 54894.17740544 17.160
  25 114.385321  60.468778   168.576   168.545  6 54904.09304473 14.076
  26 114.382297  60.467403   168.301   168.444  7 54914.00868289 13.987
  27 114.383748  60.469164   168.330   168.336  7 54923.92432119 15.675
  28 114.384366  60.470016   168.992   169.075  8 54933.83995849 15.541
  29 114.380925  60.467099   157.108   157.131  7 54943.75559300 28.081
  30 114.375659  60.461606   162.200   162.125  6 54953.67122494 44.349
  31 114.373977  60.459299   400.504   401.627  6 54963.58686914  0.780
  32 114.374774  60.460682   169.702   169.765  6 54973.50251782 25.766
  33 114.380226  60.465293   167.578   168.069  7 54983.41816667 31.880
  35 114.385417  60.470708   168.466   168.479  7 55003.24946193 26.948
  36 114.385353  60.470848   162.116   162.110  7 55013.16510647 45.218
  37 114.386019  60.470888   160.884   160.873  7 55023.08074963 51.539
  38 114.387504  60.472248   165.037   163.954  7 55032.99639223 33.076
  39 114.389468  60.473787   159.090   159.062  8 55042.91203415 44.157
  40 114.387074  60.472208   168.225   168.210  7 55052.82767366 27.755
  41 114.381989  60.467880   168.153   168.135  7 55062.74331038 28.122
  42 114.379586  60.464974   162.039   162.060  7 55072.65895400 39.585
  43 114.378760  60.464007   168.441   168.327  6 55082.57460214 26.573
  44 114.380320  60.465606   168.302   168.359  7 55092.49024933 28.675
  45 114.383678  60.468618   168.264   168.228  8 55102.40589663 28.731
  46 114.385462  60.470656   168.340   168.385  8 55112.32154336 28.818
  47 114.384729  60.469738   158.323   158.330  8 55122.23718718 46.494
  48 114.381557  60.466592   157.748   157.739  7 55132.15282758 50.653
  49 114.379759  60.464216   156.422   156.444  6 55142.06846612 44.492
  50 114.379812  60.464402   157.379   157.367  6 55151.98410444 27.137
  51 114.381073  60.466048   159.839   158.530  7 55161.89974323 23.805
  52 114.380254  60.466682   161.536   162.676  7 55171.81538130 20.102
  53 114.381068  60.466747   161.168   158.762  7 55181.73101788 20.530
  54 114.385052  60.469125   162.469   162.437  7 55191.64666832 19.725
  55 114.385501  60.471012   164.849   167.458  7 55201.56231874 19.104
  56 114.391820  60.474912   168.065   168.093  8 55211.47796939 18.998
  57 114.393482  60.476264   167.961   168.160  9 55221.39361886 18.394
  58 114.389832  60.474195   168.002   168.054  8 55231.30926628 16.996
  59 114.386252  60.471048   167.498   167.596  8 55241.22491035 16.789
  60 114.383305  60.468405   167.456   167.408  7 55251.14055098 15.006
  61 114.380697  60.466981   166.558   166.650  7 55261.05618944 13.187
  62 114.384568  60.468713   168.403   168.479  7 55270.97182793 14.789
  63 114.383218  60.468243   168.690   168.741  7 55280.88746556 14.063
  64 114.379670  60.465954   169.010   169.034  7 55290.80310154 13.613
  65 114.379105  60.463715   169.211   169.221  6 55300.71873548 16.590
  66 114.377688  60.462518   156.694   156.706  6 55310.63438144 32.239
  67 114.377475  60.462747   157.352   157.329  7 55320.55002698 35.601
  68 114.381136  60.465467   392.542   390.492  7 55330.46567221  3.646
  69 114.383243  60.468037   162.959   162.977  7 55340.38131719 53.302
  70 114.383516  60.469024   164.526   162.619  8 55350.29696159 36.295
  71 114.384790  60.469611   160.852   160.850  8 55360.21260391 45.302
  72 114.383640  60.469366   168.309   168.285  7 55370.12824371 28.995
  73 114.385636  60.470522   161.813   161.712  7 55380.04388244 48.412
  74 114.385158  60.470724   168.304   168.288  8 55389.95952005 28.062
  75 114.384743  60.469570   158.647   158.626  7 55399.87515639 45.541
  76 114.380190  60.466287   159.651   159.644  7 55409.79080279 53.365
  77 114.378606  60.464040   159.487   159.443  7 55419.70645268 47.336
  78 114.377184  60.462979   159.066   159.034  6 55429.62209950 48.290
  79 114.381760  60.466031   160.120   160.104  7 55439.53774495 47.649
  80 114.381761  60.467918   159.752   159.775  7 55449.45338847 45.730
  81 114.382918  60.468803   158.876   158.910  7 55459.36903162 42.392
  82 114.382700  60.467470   168.102   168.126  7 55469.28467352 28.435
  83 114.379025  60.463950   168.240   168.264  7 55479.20031163 25.950
  84 114.374836  60.460927   157.448   157.489  6 55489.11594689 47.351
  85 114.374180  60.460534   157.097   157.124  6 55499.03158046 49.887
  86 114.379688  60.464277   156.767   156.761  7 55508.94722113 50.635
  87 114.382668  60.467624   156.057   156.082  7 55518.86287183 45.950
  88 114.383632  60.469037   156.314   156.317  7 55528.77852116 31.624
  89 114.385007  60.469766   160.728   161.929  7 55538.69416862 26.596
  90 114.384625  60.470099   160.669   158.283  8 55548.60981366 25.006
  91 114.388288  60.472816   164.994   164.300  7 55558.52545769 23.362
  92 114.394039  60.476158   167.968   168.115  9 55568.44110118 21.098
  93 114.389009  60.473666   167.728   167.757  8 55578.35674214 20.309
  94 114.383060  60.468573   164.503   163.827  7 55588.27238037 17.468
  95 114.376145  60.462146   166.352   166.339  6 55598.18801527 14.362
  96 114.372112  60.458601   166.839   167.247  6 55608.10364812 13.386
  97 114.372940  60.459147   167.564   168.089  6 55618.01927993 12.048
  98 114.378521  60.464149   167.889   167.637  6 55627.93492718 12.323
  99 114.382613  60.467147   169.013   169.116  7 55637.85057913 15.822
 100 114.381150  60.465740   165.638   169.065  7 55647.76622793 21.072
 101 114.376805  60.462232   167.167   169.134  6 55657.68187330 17.590
 102 114.374071  60.460592   167.086   169.053  6 55667.59751496 15.688
 103 114.378060  60.463410   157.492   157.514  6 55677.51315518 38.494
 104 114.382917  60.467255   392.871   391.950  7 55687.42879377  3.448
 105 114.381559  60.467719   168.406   168.450  7 55697.34443014 28.981
 106 114.381583  60.466529   168.301   168.329  6 55707.26006507 29.320
 107 114.382842  60.466907   167.193   168.201  7 55717.17571649 21.453
 108 114.381356  60.467191   168.351   168.327  7 55727.09136497 28.646
 109 114.385163  60.470344   160.117   160.132  8 55737.00701256 41.847
 110 114.388819  60.473316   168.318   168.185  8 55746.92265880 27.917
 111 114.387004  60.472357   158.341   158.364  7 55756.83830198 54.116
 112 114.382798  60.468016   168.294   168.314  7 55766.75394193 27.668
 113 114.378168  60.462721   162.030   162.032  6 55776.66957878 53.984
 114 114.374197  60.459261   160.592   160.584  6 55786.58521324 49.835
 115 114.373797  60.459889   168.326   168.267  6 55796.50084689 23.618
 116 114.378810  60.464013   159.656   159.660  6 55806.41648926 36.022
 117 114.382783  60.467089   168.196   168.180  7 55816.33213925 27.791
 118 114.379027  60.464301   159.046   159.062  6 55826.24778473 34.772
 119 114.375233  60.460616   168.688   168.567  6 55836.16342564 24.210
 120 114.373060  60.458528   158.487   158.444  6 55846.07906352 51.590
 121 114.373993  60.460011   158.740   158.716  6 55855.99469944 48.724
 122 114.380386  60.465211   157.882   157.823  7 55865.91034260 51.039
 123 114.385414  60.470104   157.199   157.235  8 55875.82599627 49.585
 133 114.377701  60.463075   167.077   167.076  6 55974.98242779 12.134
 134 114.379440  60.465358   167.295   167.349  7 55984.89806436 13.649
 135 114.380919  60.465529   167.285   167.384  7 55994.81369813 14.817
 136 114.379379  60.464480   167.417   167.031  7 56004.72934994 12.766
 137 114.375211  60.461406   166.730   166.602  6 56014.64499743 12.751
 139 114.380377  60.465607   168.389   168.965  6 56034.47628687 14.508
 141 114.386449  60.471352   157.374   157.376  8 56054.30756778 41.138
 142 114.384482  60.469372   389.231   389.227  7 56064.22320217  5.516
 143 114.381325  60.467041   162.696   162.701  7 56074.13884503 52.044
 144 114.382825  60.468225   168.429   168.253  7 56084.05449506 28.920
 145 114.385112  60.469925   167.629   168.282  7 56093.97014278 31.223
 146 114.386592  60.471105   168.356   168.370  8 56103.88578817 28.963
 147 114.384834  60.469613   168.356   168.341  7 56113.80141841 27.911
 148 114.380399  60.465942   168.273   168.256  7 56123.71705595 27.543
 149 114.374309  60.460796   165.248   165.617  6 56133.63268922 35.158
 150 114.372406  60.459053   161.714   161.715  6 56143.54832770 38.519
 151 114.377938  60.462906   160.239   160.165  6 56153.46397928 44.222
 152 114.381678  60.466591   168.144   168.153  7 56163.37962935 28.658
 153 114.383973  60.468504   168.260   168.252  7 56173.29527702 28.331
 154 114.381271  60.466563   168.200   168.191  7 56183.21091872 28.537
 155 114.378057  60.463600   168.208   168.196  6 56193.12655646 26.959
 156 114.378630  60.462902   160.293   160.289  6 56203.04219204 53.342
 157 114.377739  60.463144   167.769   167.674  6 56212.95782581 27.180
 158 114.380679  60.465232   157.633   157.608  6 56222.87345841 50.950
 159 114.383139  60.468889   156.658   156.700  7 56232.78911534 49.822
 160 114.385637  60.470650   156.038   156.015  8 56242.70476801 46.528
 161 114.384684  60.470118   158.916   157.417  7 56252.62041563 31.553
 162 114.384453  60.469646   163.884   167.928  7 56262.53605883 25.324
 164 114.384550  60.469390   165.123   168.054  7 56282.36734243 20.481
 165 114.384192  60.469274   167.880   167.934  7 56292.28299445 17.897
 166 114.382576  60.467617   167.582   167.822  7 56302.19864168 17.655
 167 114.379394  60.465344   167.132   167.102  7 56312.11428444 14.370
 168 114.381265  60.465884   167.401   167.037  7 56322.02992575 14.577
 169 114.383389  60.467451   168.218   168.294  7 56331.94556655 14.194
 170 114.382966  60.467594   168.299   168.107  7 56341.86120646 12.899
 171 114.379485  60.465387   167.445   166.925  7 56351.77684348 12.786
 172 114.378806  60.463750   168.056   168.477  7 56361.69248307 11.415
 173 114.378343  60.464092   168.220   168.491  6 56371.60813238 10.485
 174 114.382106  60.467174   166.907   167.038  7 56381.52377986 17.928
 175 114.385415  60.470635   168.611   168.710  8 56391.43942528 16.093
 176 114.387835  60.472526   168.893   168.987  8 56401.35506881 20.095
 177 114.386714  60.471834   156.543   156.534  8 56411.27070896 39.058
 178 114.383574  60.469110   390.782   389.781  8 56421.18634371  3.138
 179 114.384181  60.468542   168.583   168.507  7 56431.10198249 27.995
 180 114.382918  60.469777   162.106   162.125  7 56441.01763539 54.677
 181 114.387065  60.472306   162.291   160.513  8 56450.93328641 36.426
 182 114.386444  60.471516   160.781   160.732  8 56460.84893425 38.599
 183 114.382445  60.468372   168.151   168.144  7 56470.76457816 27.549
 184 114.382112  60.466552   168.187   168.185  7 56480.68021893 27.111
 185 114.379052  60.464589   168.474   168.266  7 56490.59585557 27.225
 187 114.378627  60.463920   168.435   168.461  6 56510.42712362 26.662
 188 114.378120  60.463702   168.462   168.310  7 56520.34276710 26.056
 189 114.380058  60.464884   168.369   168.423  7 56530.25842099 27.957
 190 114.380204  60.464977   168.239   168.258  6 56540.17407065 27.384
 191 114.381883  60.466242   157.878   157.831  7 56550.08971622 51.886
 192 114.382450  60.468314   168.251   168.222  7 56560.00535940 28.544
 193 114.385928  60.471349   157.864   157.880  8 56569.92100190 53.640
 194 114.387406  60.472533   168.162   168.059  8 56579.83664262 30.175
 195 114.383855  60.469470   156.659   156.567  8 56589.75227837 51.031
 196 114.383805  60.468301   156.354   156.374  7 56599.66792379 50.880
 197 114.383991  60.468891   156.859   156.830  8 56609.58357447 34.234
 198 114.386660  60.471232   161.956   161.606  7 56619.49922084 28.715
 199 114.388430  60.472623   166.434   168.139  7 56629.41486387 26.876
 200 114.384883  60.469904   166.767   167.987  8 56639.33050272 22.848
 201 114.380361  60.465688   167.778   167.726  6 56649.24614695 19.474
 202 114.379346  60.464065   168.126   168.149  7 56659.16179799 16.088
 203 114.379041  60.464494   167.730   167.830  6 56669.07744537 15.944
 205 114.386625  60.471105   168.114   168.177  8 56688.90873507 19.129
 206 114.383271  60.469140   168.202   168.369  7 56698.82437518 15.437
 207 114.380235  60.465276   168.597   168.797  6 56708.74001045 13.497
 208 114.376645  60.462354   168.442   168.479  6 56718.65564849 11.007
 211 114.395815  60.477530   166.881   168.225  9 56748.40259809 21.269
 212 114.394619  60.476714   166.858   168.348  8 56758.31823816 26.894
 213 114.386087  60.470744   157.206   157.182  7 56768.23387084 37.316
 214 114.381724  60.467811   162.543   163.175  7 56778.14951669 34.465
 215 114.385378  60.470447   163.630   163.852  7 56788.06517330 39.861
 216 114.392362  60.475268   169.248   169.381  8 56797.98082692 27.183
 217 114.399040  60.479117   164.498   164.230 10 56807.89647475 31.141
 219 114.384182  60.469010   162.588   162.588  7 56827.72775013 44.479
 221 114.373584  60.460022   159.873   159.895  6 56847.55901327 43.576
 222 114.379688  60.465168   168.204   168.155  7 56857.47466669 27.281
 223 114.384919  60.470177   157.711   157.738  8 56867.39032135 41.625
 224 114.386210  60.471562   168.205   168.187  7 56877.30597357 27.991
 225 114.385704  60.470617   160.548   160.547  7 56887.22162217 54.075
 226 114.383197  60.468585   168.245   168.198  8 56897.13726770 27.166
 227 114.385782  60.470345   163.674   163.839  8 56907.05291135 35.183
 228 114.392541  60.475199   161.535   161.514  8 56916.96855356 54.829
 229 114.399796  60.479625   162.826   163.320 11 56926.88419377 33.695
 230 114.396360  60.477667   157.834   157.752 10 56936.79982856 53.993
 231 114.384279  60.469596   168.090   168.020  8 56946.71545644 25.655
 232 114.382851  60.467853   156.253   156.249  7 56956.63111012 49.086
 233 114.382998  60.467910   156.373   156.348  7 56966.54675891 43.812
 234 114.385323  60.470234   162.853   163.220  8 56976.46240406 26.694
 235 114.387216  60.471980   168.180   168.191  8 56986.37804462 21.429
 236 114.384179  60.469123   167.871   167.970  7 56996.29367846 17.356
 237 114.379163  60.464603   167.566   167.658  7 57006.20932164 15.326
 238 114.378289  60.463035   168.013   167.880  6 57016.12497593 14.122
 239 114.378145  60.463674   167.872   167.945  6 57026.04062653 13.986
 240 114.381982  60.467846   168.026   167.929  7 57035.95627584 15.625
 241 114.386844  60.471694   168.230   168.243  7 57045.87192257 18.318
 242 114.386205  60.471371   168.375   168.335  7 57055.78756493 16.069
 243 114.381525  60.467303   167.778   167.664  7 57065.70320132 12.867
 244 114.379837  60.464759   168.460   168.659  6 57075.61883368 13.154
 245 114.379277  60.463762   167.958   167.921  6 57085.53446330 12.179
 246 114.384446  60.469548   168.290   168.193  7 57095.45012063 15.147
 247 114.394074  60.476432   168.123   168.215  9 57105.36577885 20.736
 249 114.389561  60.473936   167.712   167.994  8 57125.19707584 21.226
 250 114.384671  60.469994   158.282   156.524  7 57135.11271528 28.804
