# NaN NaN NaN ;Mean Elev.(m), Avg Gradient(m/km), RMS Gradient(m/km) - SRTM1     
#   80.173  -5.004  14.795 ;Mean Elev.(m), Avg Gradient(m/km), RMS Gradient(m/km) - ASTER GDEM
#   70.000  -7.717  15.500 ;Mean Elev.(m), Avg Gradient(m/km), RMS Gradient(m/km) - GMTED2010 
   1 129.200904  61.492918    95.897    93.246  7 54666.28114632 26.230
   2 129.199668  61.494080   119.596   121.236  7 54676.19679062 18.040
   3 129.204711  61.494466    -3.208    -3.198  7 54686.11243425  5.040
   5 129.204798  61.496292     0.850     0.867  7 54705.94371520  7.802
   6 129.200987  61.493914   105.093   107.421  7 54715.85936760 32.808
   7 129.195423  61.491977     9.681     9.782  7 54725.77501730  4.624
  11 129.200029  61.491239   153.165   147.733  5 54765.43760475 14.467
  12 129.194691  61.491087   142.438   142.400  6 54775.35324659 22.273
  13 129.192255  61.489996   124.960   122.949  7 54785.26888637 17.902
  14 129.193135  61.490135   135.085   135.543  6 54795.18452484 12.881
  17 129.200611  61.494752   133.981   137.098  7 54824.93144619 10.645
  18 129.199218  61.493168   141.370   139.253  6 54834.84708605  6.836
  19 129.196753  61.492555   138.574   142.748  7 54844.76273577  9.105
  20 129.197523  61.492548   139.413   139.925  7 54854.67838482  6.191
  21 129.199653  61.493436   139.263   139.196  7 54864.59403367  5.394
  22 129.201703  61.493421   139.028   139.351  7 54874.50968229  4.492
  23 129.199168  61.493303   135.487   137.247  7 54884.42532787  8.374
  24 129.195558  61.491674   138.210   140.156  6 54894.34097014  6.143
  25 129.193773  61.489625    94.016    91.059  7 54904.25661000 17.647
  26 129.193337  61.489466   142.425   142.131  7 54914.17224868  4.089
  27 129.194933  61.490762   141.497   141.372  7 54924.08788687  3.575
  28 129.197314  61.492442   134.408   135.015  6 54934.00352432  7.916
  29 129.198897  61.493234    92.583    92.052  6 54943.91915988 22.050
  30 129.197812  61.493100   151.561   148.187  7 54953.83479313 11.452
  33 129.197753  61.491445   145.907   146.152  7 54983.58173435 15.059
  34 129.198507  61.493540   117.145   115.867  7 54993.49738155 29.756
  35 129.199807  61.493971    95.449    95.473  7 55003.41302791 31.619
  36 129.200340  61.493111    95.136    95.188  7 55013.32867239 35.200
  37 129.196760  61.493271   102.502   102.896  7 55023.24431502 22.469
  38 129.199853  61.492785    93.615    93.756  7 55033.15995768 32.401
  39 129.199968  61.494335   140.077   140.005  7 55043.07559917  7.642
  40 129.203946  61.494609    93.072    93.087  7 55052.99123962 29.798
  41 129.200433  61.495246    93.160    93.138  7 55062.90687712 29.628
  42 129.200449  61.492425    94.729    94.756  7 55072.82252204 48.089
  43 129.196556  61.490520    93.550    93.519  7 55082.73817024 31.352
  44 129.192861  61.490623    94.180    94.148  7 55092.65381654 30.392
  45 129.195816  61.490450   145.002   142.492  7 55102.56946317 27.719
  46 129.195986  61.491694    93.422    93.427  7 55112.48510906 39.305
  47 129.197429  61.491465    92.643    92.666  7 55122.40075290 50.355
  48 129.195797  61.490957   152.450   152.692  7 55132.31639361 13.343
  49 129.193882  61.490189   145.421   146.067  6 55142.23203235  8.769
  50 129.193838  61.490477   144.203   145.609  6 55152.14767062 10.018
  51 129.196028  61.492006   136.645   136.514  7 55162.06330929 11.370
  52 129.199819  61.493683   142.587   139.654  7 55171.97894772  6.567
  53 129.200773  61.495378   137.157   135.363  7 55181.89458433  9.212
  54 129.200157  61.494467   136.038   138.735  7 55191.81023456  8.831
  55 129.199074  61.493572   138.827   139.334  7 55201.72588475  5.816
  56 129.198145  61.493476    91.390    91.313  7 55211.64153414 21.845
  57 129.199786  61.493233   140.685   139.552  7 55221.55718328  4.736
  58 129.200496  61.492314   143.531   142.872  7 55231.47283122  3.677
  59 129.198374  61.491653   141.810   143.172  7 55241.38847567  4.149
  60 129.194722  61.490819    91.045    91.064  6 55251.30411652 17.984
  61 129.194089  61.489699    91.006    90.990  7 55261.21975549 17.008
  62 129.192693  61.490684    91.195    91.110  7 55271.13539334 16.326
  63 129.195723  61.491223    91.155    91.056  6 55281.05103161 16.357
  64 129.194091  61.493138   145.059   146.498  6 55290.96666812  1.759
  65 129.198783  61.492435    93.108    91.191  7 55300.88230320 15.628
  66 129.196515  61.491689   162.437   162.820  6 55310.79794980 15.875
  67 129.194599  61.491170   108.097   107.149  6 55320.71359528 25.093
  68 129.199840  61.489630    92.701    92.704  5 55330.62924035 39.767
  69 129.202745  61.490062    96.830    96.831  4 55340.54488483 54.892
  70 129.200316  61.492327    98.380    96.170  7 55350.46052837 27.719
  71 129.198246  61.493984    94.018    94.058  7 55360.37616991 36.175
  72 129.199091  61.494015   136.342   145.659  7 55370.29180977 10.502
  73 129.199623  61.494362   142.604   146.946  7 55380.20744814 11.487
  74 129.200785  61.494996    95.138    95.156  7 55390.12308589 33.606
  75 129.203996  61.494918    92.727    92.680  7 55400.03872285 29.963
  76 129.203086  61.494010   131.501   131.411  7 55409.95437056 11.051
  77 129.196476  61.493217    93.447    93.496  7 55419.87002049 31.976
  78 129.194971  61.491184   150.247   154.413  7 55429.78566778 11.826
  79 129.194254  61.490664   144.215   143.814  7 55439.70131236 23.000
  80 129.196397  61.490825   157.749   157.180  7 55449.61695559 24.106
  81 129.196668  61.491698    92.842    92.823  6 55459.53259811 45.990
  82 129.196946  61.491673    92.292    92.376  7 55469.44823986 32.169
  83 129.197036  61.491074    91.586    91.475  7 55479.36387848 40.325
  84 129.196938  61.490953   134.766   133.802  7 55489.27951427 20.542
  85 129.198112  61.491568   154.435   157.990  7 55499.19514792 17.397
  86 129.198436  61.492934   148.041   147.376  6 55509.11078784 10.693
  87 129.200970  61.492643   105.977   105.799  7 55519.02643825 24.288
  88 129.199152  61.493541   139.689   142.300  7 55528.94208722 10.293
  89 129.201323  61.492612   141.767   140.734  7 55538.85773494  8.310
  90 129.200523  61.492648   130.818   134.502  7 55548.77337998 15.224
  91 129.199469  61.493174   144.204   142.649  7 55558.68902314  7.754
  92 129.199684  61.493969   133.807   134.206  7 55568.60466546 11.267
  93 129.202282  61.493430   139.092   138.139  7 55578.52030725  6.578
  94 129.200424  61.492834   131.080   132.928  7 55588.43594629 10.774
  95 129.196763  61.492176   135.212   134.770  7 55598.35158213  9.444
  96 129.195910  61.491588   133.174   137.697  6 55608.26721568  9.859
  97 129.198666  61.491889   138.162   139.737  7 55618.18284766  5.273
  98 129.201146  61.492613   136.543   138.551  7 55628.09849450  7.804
  99 129.199130  61.493590   139.854   139.739  7 55638.01414565  4.164
 100 129.199692  61.492154   125.840   122.107  7 55647.92979524 10.474
 101 129.196042  61.490828    91.006    90.970  6 55657.84544148 16.834
 102 129.193774  61.490266    91.143    91.370  7 55667.76108359 16.123
 103 129.193920  61.491349   145.402   147.383  7 55677.67672297 11.199
 104 129.197500  61.493056    94.086    93.844  7 55687.59236059 33.535
 105 129.200134  61.494762   112.159   105.597  7 55697.50799684 18.567
 106 129.203536  61.494881    93.235    93.209  7 55707.42363210 38.214
 107 129.201675  61.493908    94.776    94.791  7 55717.33928324 28.355
 108 129.201822  61.492819   135.162   139.510  7 55727.25493185 10.986
 109 129.198400  61.494184   146.870   146.968  7 55737.17057826  7.508
 110 129.203197  61.493492    92.491    92.526  7 55747.08622445 32.341
 111 129.199574  61.494493    92.740    92.724  7 55757.00186764 24.965
 112 129.198419  61.493253   144.106   145.616  7 55766.91750872  6.825
 113 129.196972  61.491389    93.763    93.726  7 55776.83314686 42.994
 114 129.195625  61.490688    94.410    94.370  6 55786.74878210 30.026
 115 129.196011  61.492280   153.818   153.494  7 55796.66441543 19.792
 116 129.198282  61.493840    92.784    92.684  7 55806.58005688 28.411
 117 129.198719  61.494741    93.131    93.214  7 55816.49570573 29.951
 118 129.198287  61.493750    92.520    92.629  7 55826.41135158 36.832
 119 129.197401  61.492024    92.646    92.682  7 55836.32699308 33.318
 120 129.196860  61.490905   144.366   145.256  7 55846.24263129  9.379
 121 129.196428  61.492815   158.191   158.633  7 55856.15826667 22.805
 122 129.201485  61.493810   143.425   143.117  7 55866.07390941 19.128
 123 129.203042  61.494618   158.503   159.018  7 55875.98956217  2.912
 133 129.194345  61.491079   139.406   142.086  6 55975.14599441  3.445
 134 129.197697  61.493346   139.674   140.240  7 55985.06163086  3.120
 135 129.202774  61.494534   139.682   139.591  7 55994.97726544  2.771
 136 129.199456  61.493746   139.358   139.853  7 56004.89291756  2.428
 137 129.196038  61.491518   141.197   141.529  7 56014.80856593  2.580
 139 129.194429  61.491242    91.272    91.367  7 56034.63985422 17.396
 141 129.201748  61.495077    92.813    92.923  7 56054.47113365 34.410
 142 129.207985  61.494250    97.906    97.924  6 56064.38676888 50.522
 143 129.200059  61.495269   146.410   145.686  7 56074.30241164 11.471
 144 129.197949  61.494092    96.040    96.015  7 56084.21806126 35.099
 145 129.199154  61.493329    96.521    96.561  7 56094.13370883 36.330
 146 129.200142  61.493729   146.870   147.677  6 56104.04935413  7.822
 147 129.199115  61.493904    96.015    96.050  7 56113.96498480 35.152
 148 129.198811  61.493175    93.766    93.795  6 56123.88062344 38.515
 149 129.197541  61.492193    95.655    95.673  6 56133.79625802 42.201
 150 129.197831  61.491182   138.872   138.803  7 56143.71189731 10.326
 151 129.196016  61.491498   148.166   149.838  6 56153.62754745  6.400
 152 129.199388  61.491759    93.210    93.189  7 56163.54319669 42.520
 153 129.197181  61.493659    92.775    92.826  7 56173.45884316 38.670
 154 129.200546  61.492564    93.091    93.195  7 56183.37448545 33.402
 155 129.196064  61.492590   147.404   148.503  7 56193.29012317  7.069
 156 129.196012  61.491800    92.744    92.494  7 56203.20575870 27.295
 157 129.197938  61.492916    94.806    92.041  7 56213.12139261 27.723
 158 129.204451  61.494620    91.489    91.466  7 56223.03702565 45.994
 159 129.205055  61.495475   149.722   149.700  7 56232.95268200  4.289
 160 129.201944  61.495873   153.408   152.672  7 56242.86833402  3.979
 161 129.199164  61.494900   141.539   140.839  7 56252.78398167  5.591
 162 129.199053  61.493633   153.565   155.109  7 56262.69962502  2.837
 164 129.198833  61.494019   150.799   153.709  7 56282.53090836  2.798
 165 129.199626  61.492858   147.012   144.820  7 56292.44656035  2.102
 166 129.195271  61.492332   148.650   145.646  6 56302.36220734  2.299
 167 129.193655  61.491024   142.917   142.192  7 56312.27785050  1.945
 168 129.191552  61.491313   146.899   146.131  6 56322.19349136  0.928
 169 129.191097  61.492804   145.127   145.005  4 56332.10913175  1.343
 170 129.193243  61.493963   144.688   145.069  4 56342.02477200  0.540
 172 129.196643  61.493968   150.336   147.910  5 56361.85605060  1.121
 173 129.194497  61.492739   148.735   148.103  5 56371.77170000  0.853
 174 129.196057  61.491435    90.833    90.753  7 56381.68734702 17.055
 175 129.197587  61.492055    90.884    90.832  6 56391.60299158 17.592
 177 129.200431  61.494850   120.412   111.002  7 56411.43427444 19.633
 178 129.200982  61.495584    92.401    92.381  7 56421.34990956 36.821
 179 129.202390  61.494918   144.940   148.024  8 56431.26554884 10.169
 180 129.199970  61.493893   151.125   150.145  7 56441.18120161  8.777
 181 129.199048  61.493151   138.750   139.006  7 56451.09685204 11.805
 182 129.197854  61.492782   164.401   157.423  7 56461.01250012  7.264
 183 129.197916  61.491566   153.018   158.047  7 56470.92814512  8.689
 184 129.196538  61.491086    93.183    93.066  7 56480.84378624 36.422
 185 129.195761  61.491243    93.815    93.851  7 56490.75942340 47.005
 187 129.199232  61.493572    95.927    95.939  7 56510.59069122 50.799
 188 129.200036  61.494146    94.225    94.227  7 56520.50633481 38.713
 189 129.197851  61.493865    94.390    94.315  7 56530.42198786 35.068
 191 129.195769  61.492570   134.938   138.225  7 56550.25328222 10.883
 192 129.199585  61.491793   145.215   146.726  7 56560.16892549  7.028
 193 129.198079  61.493765    92.406    92.317  7 56570.08456701 30.126
 194 129.200160  61.495121    91.656    91.890  7 56580.00020759 44.250
 195 129.203209  61.495556   139.953   145.245  7 56589.91584440 15.310
 196 129.200338  61.495607   136.597   136.266  7 56599.83149017 14.462
 197 129.202080  61.493165   145.415   146.151  7 56609.74714120  5.634
 198 129.198166  61.494061   146.579   147.700  7 56619.66278642  5.974
 199 129.200105  61.493823   147.840   146.211  7 56629.57842910  5.346
 200 129.201209  61.493592   143.711   145.781  7 56639.49406840  6.808
 201 129.197684  61.493044    91.174    91.139  7 56649.40971331 24.344
 202 129.194610  61.491271   142.632   143.671  7 56659.32536430  6.699
 203 129.192994  61.490784   144.822   147.765  7 56669.24101148  6.898
 205 129.197452  61.492914    90.827    90.756  7 56689.07230016 21.138
 206 129.199511  61.493194    90.646    90.647  6 56698.98794119 20.241
 207 129.200159  61.492669   141.930   143.199  7 56708.90357753  3.076
 208 129.198801  61.492116   141.602   139.999  7 56718.81921680  2.583
 209 129.197260  61.491599   139.061   140.461  7 56728.73486926  4.663
 212 129.203887  61.494227    90.303    90.271  7 56758.48180271 30.200
 213 129.202787  61.495111   134.112   131.883  7 56768.39743641 13.417
 214 129.200535  61.494038   147.365   147.429  7 56778.31308326  8.142
 215 129.202372  61.491506    95.033    95.037  6 56788.22873961 34.367
 216 129.205728  61.489682    95.433    95.433  4 56798.14439260 28.885
 217 129.198852  61.492190    93.299    93.322  7 56808.06003850 34.101
 219 129.197125  61.491741   146.954   146.999  6 56827.89131678  7.024
 220 129.195719  61.491137   136.512   141.291  6 56837.80695088 12.455
 221 129.195191  61.492299    92.777    92.827  7 56847.72258193 34.777
 222 129.196189  61.492661   124.032   125.813  7 56857.63823445 15.648
 223 129.200762  61.492723    91.728    91.728  7 56867.55388817 40.863
 224 129.197797  61.493662    91.766    91.808  7 56877.46953939 38.563
 225 129.197378  61.492235    92.667    92.616  7 56887.38518795 39.541
 226 129.195649  61.490701    92.470    92.542  7 56897.30083373 43.402
 227 129.195464  61.490563    93.046    93.032  6 56907.21647681 25.260
 228 129.198293  61.491861    92.959    93.029  7 56917.13211794 26.973
 229 129.198805  61.494940   149.157   148.539  7 56927.04775675  4.889
 230 129.202508  61.495955   158.002   154.624  7 56936.96339243 12.340
 231 129.203509  61.496083   138.201   143.924  7 56946.87902283 20.045
 232 129.201275  61.493434   150.633   150.509  7 56956.79467722 12.712
 233 129.197617  61.492535   124.604   128.251  6 56966.71032568 14.082
 234 129.198291  61.492824    91.102    91.108  6 56976.62597015 27.367
 235 129.195607  61.495425   151.398   151.586  5 56986.54160948  2.055
 236 129.200792  61.494896    94.153    91.391  7 56996.45724412 24.399
 237 129.200451  61.493138    91.326    91.198  7 57006.37288866 23.661
 238 129.195793  61.491113   143.117   143.462  7 57016.28854275  5.640
 239 129.194458  61.490242   148.435   148.260  6 57026.20419323  1.764
 240 129.195666  61.491570    90.847    90.719  6 57036.11984177 21.533
 241 129.200662  61.492448    91.239    91.237  7 57046.03548815 21.593
 242 129.202469  61.493129   144.624   145.551  7 57055.95113092  2.281
 243 129.197746  61.493805   146.364   147.743  7 57065.86676792  1.505
 244 129.197566  61.493306   146.426   147.428  7 57075.78240090  1.542
 245 129.201224  61.493497   153.399   157.538  7 57085.69803099  1.191
 246 129.196378  61.495938   151.500   150.885  4 57095.61368675  0.986
 249 129.214261  61.490232   119.837   119.837  2 57125.36064248  7.852
 250 129.197975  61.493371   124.344   126.270  7 57135.27628084 14.524
