# NaN NaN NaN ;Mean Elev.(m), Avg Gradient(m/km), RMS Gradient(m/km) - SRTM1     
#   18.807     NaN     NaN ;Mean Elev.(m), Avg Gradient(m/km), RMS Gradient(m/km) - ASTER GDEM
#   24.000  -1.766   4.513 ;Mean Elev.(m), Avg Gradient(m/km), RMS Gradient(m/km) - GMTED2010 
   1 124.170928  65.764238    41.430    41.430  2 54668.15049975 27.030
   2 124.182125  65.766014    40.760    39.663  3 54678.06614517 30.328
   3 124.175143  65.767108   -47.941   -50.452  5 54687.98178764  6.273
   4 124.180810  65.768353    41.579    41.555  3 54697.89742935 48.640
   5 124.175150  65.766908   -35.401   -38.263  5 54707.81307086  6.648
   6 124.180273  65.765232    42.072    41.796  4 54717.72872304 39.225
   7 124.169970  65.762391   -14.979   -14.993  3 54727.64437124 12.090
   8 124.168787  65.761936    40.602    40.568  3 54737.56001877 48.309
   9 124.168682  65.763244    39.708    39.559  3 54747.47566617 36.570
  10 124.179809  65.765505    38.725    38.677  4 54757.39131426 40.944
  11 124.182655  65.765741    37.679    37.856  3 54767.30695951 40.864
  12 124.171643  65.763204    37.502    37.469  3 54777.22260013 39.192
  13 124.172216  65.761451    37.917    37.782  3 54787.13823942 33.227
  14 124.170514  65.761040    37.751    37.757  3 54797.05387743 30.485
  17 124.181852  65.766013    38.200    38.377  3 54826.80080263 23.711
  18 124.177315  65.765535    38.024    38.179  5 54836.71644135 21.142
  19 124.175855  65.765706    37.867    37.970  5 54846.63209070 20.322
  20 124.180051  65.766747    38.433    38.216  4 54856.54773999 19.043
  21 124.177205  65.767728    38.216    38.677  5 54866.46338866 18.639
  22 124.181419  65.768235    37.617    37.275  3 54876.37903741 18.899
  23 124.174835  65.766703    37.766    37.301  5 54886.29468218 18.175
  24 124.168427  65.764229    40.197    40.164  3 54896.21032349 15.491
  25 124.172687  65.763014    40.600    40.513  3 54906.12596315 14.540
  26 124.173729  65.762875    41.242    41.048  3 54916.04160137 14.616
  27 124.168969  65.763267    41.594    41.498  3 54925.95723886 13.526
  28 124.169954  65.763913    41.170    41.135  3 54935.87287620 13.033
  29 124.170828  65.763607    39.700    39.684  3 54945.78851159 27.652
  30 124.169917  65.762021    37.554    37.754  3 54955.70414420 36.341
  31 124.169437  65.761039    39.700    39.582  3 54965.61979191 37.049
  32 124.168560  65.761286    44.929    45.023  3 54975.53543974 33.036
  33 124.173668  65.763170    43.277    43.234  3 54985.45108802 52.391
  34 124.180044  65.765116    44.637    44.685  4 54995.36673642 25.818
  35 124.176542  65.765667    43.498    43.602  5 55005.28238238 26.181
  36 124.176992  65.765911    41.804    41.784  5 55015.19802649 50.604
  37 124.179624  65.766256    40.454    40.358  4 55025.11366939 46.604
  38 124.174816  65.766691    41.124    40.756  5 55035.02931109 29.236
  39 124.181358  65.767599    39.406    39.533  3 55044.94495308 46.372
  40 124.175375  65.766459    39.512    39.488  5 55054.86059211 44.949
  41 124.169784  65.764126    39.825    39.855  3 55064.77622887 31.676
  42 124.169560  65.762718    41.576    42.126  3 55074.69187603 28.231
  43 124.170327  65.762352    39.770    39.501  3 55084.60752401 47.908
  44 124.168300  65.762858    39.816    39.609  3 55094.52317019 47.010
  45 124.169437  65.763564    40.411    40.349  3 55104.43881654 47.295
  46 124.173027  65.763961    40.133    40.337  3 55114.35446289 48.534
  47 124.169129  65.762963    39.195    39.188  3 55124.27010605 43.828
  48 124.170971  65.762268    38.019    38.062  3 55134.18574695 42.648
  49 124.170324  65.761761    38.375    37.376  3 55144.10138549 34.682
  50 124.173288  65.762584    39.899    40.369  3 55154.01702375 27.821
  51 124.171313  65.763374    40.948    40.615  3 55163.93266190 25.587
  52 124.169441  65.764152    41.094    41.090  3 55173.84829980 23.533
  53 124.170935  65.764476    18.185    18.185  2 55183.76393830 16.355
  54 124.175712  65.765331    39.946    40.656  5 55193.67958995 21.883
  55 124.175243  65.766183    39.886    40.443  5 55203.59523986 21.647
  56 124.175772  65.767277    40.347    40.953  5 55213.51088922 20.333
  57 124.174615  65.767404    40.232    40.779  5 55223.42653795 19.372
  58 124.175764  65.766258    40.103    40.548  5 55233.34218531 18.506
  59 124.171042  65.763764    40.864    40.864  2 55243.25782887 17.220
  60 124.171031  65.762260    41.240    41.142  4 55253.17346969 16.600
  61 124.173410  65.762515    40.996    41.009  3 55263.08910867 15.911
  62 124.170986  65.763622    41.211    41.262  3 55273.00474628 15.713
  63 124.170968  65.764190    41.448    41.448  2 55282.92038377 15.195
  64 124.171097  65.763300    41.375    41.631  3 55292.83601995 14.674
  66 124.173709  65.761066    40.183    40.122  3 55312.66730357 20.620
  67 124.172189  65.761677    36.873    36.512  3 55322.58294885 41.492
  68 124.170978  65.763190    37.611    37.611  2 55332.49859297 43.380
  69 124.182402  65.765397    45.814    45.886  3 55342.41423824 54.003
  70 124.178799  65.765339    43.995    43.985  4 55352.32988179 29.079
  71 124.179870  65.765192    43.866    43.884  4 55362.24552358 26.320
  72 124.178197  65.765247    41.645    41.053  4 55372.16116313 36.630
  74 124.177129  65.767021    41.805    41.765  5 55391.99243892 48.950
  75 124.174657  65.766630    42.226    42.146  5 55401.90807481 27.567
  76 124.178655  65.765297    39.103    39.095  4 55411.82372554 41.586
  77 124.172921  65.762538    40.758    40.781  3 55421.73937448 25.627
  78 124.171082  65.761061    42.536    42.505  3 55431.65502102 23.721
  79 124.170457  65.761949    42.423    42.294  3 55441.57066564 25.507
  80 124.170623  65.763704    40.222    40.222  2 55451.48630886 44.887
  81 124.178940  65.765277    40.432    39.640  4 55461.40195211 31.581
  82 124.170906  65.763581    42.425    42.177  3 55471.31759236 26.302
  83 124.173245  65.761840    39.837    40.783  3 55481.23323063 29.433
  84 124.170510  65.760382    37.374    37.372  4 55491.14886606 42.778
  85 124.171383  65.761173    37.281    37.286  3 55501.06449991 32.717
  86 124.172331  65.763369    37.260    37.251  3 55510.98014329 29.241
  87 124.177767  65.765552    37.191    37.428  5 55520.89579354 22.713
  88 124.181541  65.766281    37.530    37.668  3 55530.81144247 21.546
  89 124.182434  65.765781    37.527    37.693  3 55540.72708946 21.919
  90 124.179779  65.765313    38.831    39.242  4 55550.64273397 17.803
  91 124.179719  65.766156    39.843    40.459  4 55560.55837722 16.143
  92 124.180956  65.767516    40.378    41.404  3 55570.47401980 14.502
  93 124.182361  65.767671    40.818    41.392  3 55580.38966132 13.733
  94 124.180955  65.765520    40.706    41.151  4 55590.30529964 13.098
  95 124.171842  65.761824    41.528    41.404  3 55600.22093405 12.539
  96 124.172973  65.760126    41.586    41.741  3 55610.13656719 12.580
  97 124.171427  65.760740    41.773    41.698  4 55620.05219882 12.061
  98 124.170502  65.763270    41.477    41.503  3 55629.96784968 11.923
  99 124.178851  65.765232    41.218    41.742  4 55639.88350142 11.071
 100 124.169935  65.763541    41.664    41.485  3 55649.79914901 10.774
 101 124.169191  65.761170    42.143    42.055  3 55659.71479396 10.404
 102 124.169009  65.760081    43.178    43.338  3 55669.63043542 10.447
 103 124.173576  65.761657    37.317    36.659  3 55679.54607536 32.505
 104 124.169773  65.763792    41.725    43.702  3 55689.46171264 29.236
 105 124.175552  65.765841    42.445    42.228  5 55699.37734932 43.169
 106 124.175976  65.765787    43.532    44.131  5 55709.29298741 29.486
 107 124.179577  65.765307    42.348    42.308  4 55719.20863826 32.536
 108 124.179489  65.765135    42.504    42.526  4 55729.12428639 47.270
 109 124.180127  65.765848    41.281    41.117  4 55739.03993320 48.974
 110 124.181566  65.766864    42.042    43.015  3 55748.95557885 26.548
 111 124.179833  65.766632    39.864    39.899  4 55758.87122183 41.365
 112 124.180900  65.765170    38.504    38.244  4 55768.78686222 48.864
 113 124.169884  65.761949    38.806    38.878  3 55778.70249825 45.796
 114 124.171328  65.760470    40.422    40.425  3 55788.61813295 44.453
 115 124.170799  65.760902    39.745    39.743  4 55798.53376627 50.668
 116 124.173277  65.762935    38.658    38.599  3 55808.44941166 38.882
 117 124.173170  65.764435    39.619    39.706  3 55818.36506070 50.243
 118 124.172691  65.763779    42.179    42.434  3 55828.28070558 22.401
 119 124.171762  65.761859    42.114    41.953  3 55838.19634599 24.392
 120 124.173187  65.760550    38.213    38.238  3 55848.11198355 33.426
 121 124.172206  65.761337    37.605    37.683  3 55858.02761878 42.848
 122 124.168393  65.763559    37.734    37.826  3 55867.94326487 37.555
 123 124.179716  65.766587    41.181    41.432  4 55877.85891783 16.437
 133 124.168686  65.761719    41.930    42.005  3 55977.01534636 13.185
 134 124.169652  65.763031    41.919    41.983  3 55986.93098270 12.801
 135 124.168485  65.763437    42.077    42.160  3 55996.84662051 11.912
 136 124.170559  65.763074    42.055    42.001  3 56006.76227216 11.808
 137 124.171673  65.761951    42.093    42.058  3 56016.67791957 11.815
 139 124.169909  65.762852    42.011    42.081  3 56036.50920669 11.092
 141 124.181574  65.766596    36.656    36.672  3 56056.34048673 45.103
 142 124.181428  65.766552    44.535    44.578  3 56066.25612053 42.241
 143 124.180327  65.766083    45.155    45.124  4 56076.17176756 55.153
 144 124.182217  65.766205    44.069    44.082  3 56086.08741688 28.996
 145 124.179687  65.766043    42.721    42.503  4 56096.00306338 30.098
 146 124.174632  65.765458    41.617    41.569  5 56105.91870751 51.229
 147 124.173122  65.764369    41.943    41.836  3 56115.83433747 52.143
 148 124.170166  65.762973    42.073    42.173  3 56125.74997513 27.655
 149 124.171484  65.761861    42.727    42.866  3 56135.66560923 23.837
 150 124.172179  65.761822    42.171    42.107  3 56145.58125164 28.193
 151 124.168594  65.762304    41.582    40.980  3 56155.49690113 28.152
 152 124.171023  65.763417    42.483    42.483  2 56165.41255022 24.849
 153 124.173537  65.763871    42.719    43.254  3 56175.32819707 24.403
 154 124.170735  65.763184    43.238    43.427  3 56185.24383830 24.487
 155 124.173436  65.762543    42.553    42.886  3 56195.15947625 23.492
 156 124.170545  65.762336    42.813    42.835  3 56205.07511074 26.841
 157 124.169256  65.763274    38.903    38.753  3 56214.99074393 45.464
 158 124.182777  65.765783    38.436    38.215  3 56224.90638262 46.226
 159 124.175157  65.766171    39.422    40.408  5 56234.82203757 27.625
 160 124.177248  65.766298    40.532    41.148  5 56244.73768948 22.616
 161 124.175822  65.765815    40.562    41.163  5 56254.65333605 22.158
 162 124.175000  65.765858    40.535    41.140  5 56264.56897859 21.072
 165 124.170670  65.763938    41.115    41.115  2 56294.31591474 17.863
 166 124.168926  65.762155    41.635    41.944  3 56304.23156131 16.280
 167 124.173687  65.762032    41.358    41.239  3 56314.14720464 15.272
 168 124.169047  65.762639    41.461    41.640  3 56324.06284509 15.025
 169 124.173189  65.764187    41.505    41.392  3 56333.97848568 14.574
 170 124.168260  65.763874    41.839    41.925  3 56343.89412469 13.290
 171 124.168474  65.762884    41.832    41.844  3 56353.80976184 12.678
 172 124.171548  65.762143    41.657    41.683  3 56363.72540542 12.791
 173 124.172031  65.762450    41.676    41.680  3 56373.64105445 12.394
 175 124.175077  65.765944    40.846    41.390  5 56393.47234512 11.557
 176 124.176051  65.766736    41.004    40.449  5 56403.38798758 28.167
 177 124.182468  65.767002    36.596    36.710  3 56413.30362762 43.536
 178 124.176877  65.765605    37.771    37.250  5 56423.21926155 41.674
 179 124.174947  65.765302    46.017    46.035  5 56433.13490476 46.224
 180 124.182067  65.766436    44.208    44.166  3 56443.05055784 27.078
 181 124.186962  65.767506    42.852    42.836  4 56452.96620816 30.374
 182 124.182439  65.766506    43.796    43.845  3 56462.88185492 22.874
 184 124.169665  65.761873    41.175    40.627  3 56482.71313794 28.144
 185 124.170094  65.761492    42.771    43.244  3 56492.62877489 24.288
 187 124.169561  65.763869    42.302    42.543  3 56512.46004238 26.863
 188 124.169271  65.764221    42.607    42.393  3 56522.37568998 27.153
 189 124.171788  65.763531    42.030    42.106  3 56532.29134271 24.071
 191 124.171875  65.762509    41.978    42.318  3 56552.12263636 25.606
 192 124.168735  65.764121    39.533    39.605  3 56562.03827885 45.360
 193 124.177847  65.766926    41.147    41.781  5 56571.95392131 27.165
 194 124.174625  65.767632    37.932    37.932  5 56581.86956078 40.488
 195 124.179648  65.766886    37.613    37.597  4 56591.78519664 42.218
 196 124.180615  65.765587    36.698    36.777  4 56601.70084619 20.369
 197 124.171789  65.764459    37.156    37.165  3 56611.61649504 18.535
 198 124.175407  65.765670    37.536    37.261  5 56621.53214061 18.218
 199 124.176770  65.766667    37.178    37.151  5 56631.44778299 17.840
 200 124.181271  65.766390    38.770    39.952  3 56641.36342161 16.704
 201 124.171419  65.763538    40.164    39.986  3 56651.27906875 15.773
 202 124.170376  65.761463    40.729    40.699  3 56661.19471878 14.645
 203 124.170738  65.761245    41.017    41.016  4 56671.11036579 14.677
 205 124.176153  65.765538    39.516    40.080  5 56690.94165458 14.761
 206 124.177511  65.765844    40.128    40.821  5 56700.85729428 13.415
 207 124.173711  65.763773    41.093    40.927  3 56710.77292864 12.338
 208 124.168465  65.762108    41.925    41.870  3 56720.68857124 11.910
 209 124.169172  65.762624    41.963    41.985  3 56730.60422323 11.811
 211 124.177672  65.767863    40.937    41.364  5 56750.43551625 10.702
 212 124.177309  65.768410    40.403    40.569  5 56760.35115525 13.069
 213 124.182166  65.767388    38.879    39.064  3 56770.26678815 31.441
 214 124.182386  65.765928    39.649    39.849  3 56780.18244025 25.740
 215 124.182424  65.765427    41.446    41.464  3 56790.09809544 40.884
 216 124.181540  65.766105    44.469    44.606  3 56800.01374734 50.810
 217 124.177906  65.766906    42.025    41.978  5 56809.92939241 40.690
 219 124.168325  65.764058    42.259    41.435  3 56829.76066806 30.339
 220 124.169724  65.761695    41.982    42.084  3 56839.67630126 48.007
 221 124.171255  65.760987    40.254    40.292  4 56849.59193486 52.695
 222 124.171857  65.762816    41.983    42.442  3 56859.50758951 26.036
 223 124.176786  65.765528    39.260    39.292  5 56869.42324371 47.880
 224 124.181317  65.766729    40.025    40.054  3 56879.33889542 27.468
 225 124.175311  65.765348    40.844    41.887  5 56889.25454260 30.302
 226 124.168006  65.763361    42.564    42.553  3 56899.17018688 23.835
 227 124.173622  65.763985    40.864    40.519  3 56909.08583012 24.354
 228 124.180352  65.766308    41.217    41.062  4 56919.00147169 30.878
 229 124.177256  65.768088    41.126    42.254  5 56928.91711026 31.816
 230 124.180492  65.768708    41.355    42.282  3 56938.83274496 26.853
 231 124.179931  65.767269    37.680    37.669  4 56948.74837955 47.157
 232 124.175142  65.765303    36.560    36.527  5 56958.66403194 39.097
 233 124.169357  65.764092    40.958    40.672  3 56968.57967905 19.193
 234 124.180759  65.765335    39.410    40.352  4 56978.49532392 19.561
 235 124.176473  65.765696    39.459    40.363  5 56988.41096287 18.537
 236 124.181760  65.765632    39.686    40.888  3 56998.32659650 17.635
 237 124.173557  65.763819    40.811    40.727  3 57008.24224516 16.800
 238 124.169587  65.762125    40.552    40.637  3 57018.15789786 15.677
 239 124.173449  65.762151    40.914    40.628  3 57028.07354806 14.947
 240 124.168796  65.763126    41.115    40.816  3 57037.98919580 13.588
 241 124.178006  65.765344    40.508    41.117  4 57047.90484234 13.804
 242 124.181293  65.766193    40.062    40.589  3 57057.82048450 13.198
 243 124.178526  65.765155    40.662    41.145  4 57067.73612046 12.687
 244 124.168271  65.763575    41.232    41.155  3 57077.65175142 12.144
 245 124.170904  65.763792    41.270    41.186  3 57087.56738423 12.058
 246 124.176845  65.766083    40.716    41.199  5 57097.48304354 11.938
 247 124.181653  65.768159    41.285    41.858  3 57107.39869985 10.776
 248 124.180941  65.768461    41.017    41.569  3 57117.31435064 10.925
 249 124.177150  65.767124    41.147    41.324  5 57127.22999487 11.571
 250 124.180246  65.765937    41.574    41.608  4 57137.14563430 14.148
