# NaN NaN NaN ;Mean Elev.(m), Avg Gradient(m/km), RMS Gradient(m/km) - SRTM1     
#   80.937  -0.605   5.623 ;Mean Elev.(m), Avg Gradient(m/km), RMS Gradient(m/km) - ASTER GDEM
#   70.000  -1.173   5.499 ;Mean Elev.(m), Avg Gradient(m/km), RMS Gradient(m/km) - GMTED2010 
   1 129.661930  61.766268    89.594    89.597  7 54668.06999580 48.498
   2 129.666218  61.768906   212.739   212.833  8 54677.98564083  9.240
   3 129.670870  61.771973     7.401     7.444  9 54687.90128464  7.432
   4 129.668263  61.771527   212.995   213.036  9 54697.81692545  9.410
   5 129.669070  61.770159     8.278     8.438  9 54707.73256727  5.480
   6 129.666328  61.767591   212.695   212.455  8 54717.64821848  8.387
   7 129.660187  61.764116    10.953    10.957  6 54727.56386677  4.198
   8 129.658501  61.763949   212.527   212.573  6 54737.47951431 10.843
   9 129.662866  61.767266   212.542   212.730  8 54747.39516254 16.017
  10 129.669884  61.771193    88.277    88.278  9 54757.31081071 48.501
  11 129.668163  61.770473    88.035    88.033  8 54767.22645558 49.894
  12 129.663760  61.766795    87.192    87.211  7 54777.14209659 41.440
  13 129.656595  61.762347    89.388    89.175  6 54787.05773481 25.411
  14 129.658762  61.762511    90.432    90.294  6 54796.97337323 23.454
  17 129.661626  61.766980    88.807    88.569  7 54826.72029767 20.440
  18 129.663924  61.768199    88.396    88.098  8 54836.63593713 20.187
  19 129.670453  61.771333    88.371    88.370  9 54846.55158756 19.191
  20 129.669157  61.772319    88.675    88.380  9 54856.46723646 18.719
  21 129.669156  61.773853    88.089    88.067  9 54866.38288558 18.120
  22 129.671240  61.774668    88.497    88.906  9 54876.29853431 17.618
  23 129.671449  61.773338    88.400    88.230  9 54886.21417968 17.493
  24 129.668207  61.770164    89.105    89.196  8 54896.12982107 17.096
  25 129.662638  61.766965    88.659    88.601  7 54906.04545953 16.240
  26 129.666031  61.767684    90.436    90.705  8 54915.96109802 15.036
  27 129.663089  61.767287    90.282    90.567  8 54925.87673553 15.230
  28 129.666979  61.768422    90.610    91.037  8 54935.79237315 15.092
  29 129.663722  61.766113   211.409   211.523  7 54945.70800780 14.571
  30 129.656926  61.761384    89.290    89.293  7 54955.62363932 40.031
  31 129.656939  61.760760   212.103   212.166  6 54965.53928687 13.455
  32 129.657190  61.761770    93.004    93.020  7 54975.45493495 41.436
  33 129.659284  61.764450    93.849    93.855  7 54985.37058325 52.787
  35 129.665261  61.768890    93.066    93.095  8 55005.20187844 26.375
  36 129.665171  61.769337    92.134    92.133  8 55015.11752260 24.139
  37 129.669320  61.771033    90.733    90.771  9 55025.03316584 49.207
  38 129.670616  61.772452    90.201    90.034  9 55034.94880821 27.798
  39 129.668742  61.772031    89.010    88.994  9 55044.86444931 43.258
  40 129.668333  61.770316    90.000    90.017  9 55054.78008864 44.105
  41 129.658036  61.764383    90.755    90.773  6 55064.69572433 39.845
  42 129.652135  61.761549    91.351    91.353  4 55074.61137054 57.210
  43 129.658852  61.763993    89.775    89.810  6 55084.52701936 44.016
  44 129.661267  61.766114    91.195    91.155  7 55094.44266625 37.096
  45 129.661435  61.767062    89.819    89.783  7 55104.35831270 44.939
  46 129.665535  61.768381    89.866    89.856  8 55114.27395935 53.561
  47 129.662477  61.766428    88.307    88.330  7 55124.18960252 32.077
  48 129.658581  61.764087    87.509    87.550  6 55134.10524274 42.689
  49 129.658508  61.763410    87.528    87.546  6 55144.02088131 28.984
  50 129.659970  61.764408    87.741    87.662  6 55153.93651950 24.400
  51 129.663446  61.766177    87.890    87.838  7 55163.85215827 23.087
  52 129.661869  61.766135    88.167    88.055  7 55173.76779611 21.012
  53 129.661844  61.765728   168.200   165.583  7 55183.68343422  2.023
  54 129.661470  61.766885    88.138    88.181  7 55193.59908546 19.718
  55 129.667548  61.770632    87.966    87.988  9 55203.51473638 19.271
  56 129.668513  61.772728    87.764    87.756  9 55213.43038604 18.539
  57 129.669934  61.773585    88.055    87.742  9 55223.34603517 16.836
  58 129.667827  61.771531    88.785    88.328  9 55233.26168214 15.662
  59 129.665891  61.768315    89.054    88.964  8 55243.17732577 15.424
  60 129.661540  61.765453    90.157    90.763  7 55253.09296597 14.621
  61 129.662636  61.766161    90.100    90.631  7 55263.00860488 13.932
  62 129.663761  61.767860    90.979    90.884  8 55272.92424289 13.972
  63 129.663438  61.767810    90.980    90.871  8 55282.83988024 13.626
  64 129.658508  61.764443    91.086    91.021  6 55292.75551553 13.020
  65 129.658459  61.761817    88.452    88.137  6 55302.67115084 16.651
  66 129.656245  61.760708    89.725    89.635  6 55312.58679809 28.289
  67 129.656531  61.762014   213.777   213.706  6 55322.50244365 14.381
  68 129.661627  61.765628   213.222   213.143  7 55332.41808875 12.765
  69 129.665945  61.768571   213.326   213.050  8 55342.33373369 10.484
  70 129.665689  61.768605    92.629    92.683  9 55352.24937763 27.066
  71 129.666373  61.768336    90.970    90.970  8 55362.16501943 47.733
  72 129.661070  61.766849    90.558    90.395  7 55372.08065850 27.822
  74 129.664440  61.769559    91.501    91.489  8 55391.91193489 42.409
  75 129.666250  61.769208    88.516    88.532  8 55401.82757109 44.385
  76 129.666391  61.767588    89.011    88.848  8 55411.74322114 31.822
  77 129.658170  61.762905    91.512    90.900  7 55421.65886939 22.889
  78 129.658616  61.762096    90.964    91.251  6 55431.57451610 24.685
  79 129.658014  61.763634    90.068    90.044  6 55441.49016089 34.347
  80 129.665902  61.768274    89.395    89.444  8 55451.40580535 34.923
  81 129.664858  61.768818    89.035    89.049  8 55461.32144787 30.227
  82 129.662776  61.766454    88.172    88.174  8 55471.23708859 44.609
  83 129.657570  61.762256    87.716    87.753  6 55481.15272588 42.544
  84 129.656911  61.760322    87.588    87.554  6 55491.06836140 46.503
  85 129.656225  61.760560    86.747    86.785  6 55500.98399511 40.526
  86 129.660414  61.764396    87.795    87.812  6 55510.89963897 26.881
  87 129.666817  61.768772    88.329    88.195  8 55520.81528969 26.596
  88 129.664616  61.768896    88.911    88.701  8 55530.73093802 23.075
  89 129.665472  61.768735    89.015    88.990  9 55540.64658497 20.923
  90 129.666241  61.768881    89.284    89.184  8 55550.56222984 19.517
  91 129.668245  61.770739    88.795    88.748  9 55560.47787348 18.878
  92 129.670773  61.772922    89.046    89.223  9 55570.39351644 18.203
  93 129.669983  61.772437    88.961    88.907  9 55580.30915779 17.881
  94 129.666218  61.768498    89.238    89.199  8 55590.22479562 17.690
  95 129.657210  61.761775    89.011    88.826  6 55600.14042950 17.667
  96 129.654986  61.758671    88.757    88.802  7 55610.05606208 17.844
  97 129.655614  61.759298    88.745    88.832  6 55619.97169392 17.269
  98 129.659312  61.764049    88.463    88.364  6 55629.88734538 16.452
  99 129.665844  61.767840    89.189    89.171  8 55639.80299723 15.711
 100 129.661360  61.765396    89.485    89.400  7 55649.71864494 15.300
 101 129.655765  61.761274    88.695    88.459  6 55659.63428903 16.166
 102 129.656377  61.760499    90.618    90.531  7 55669.54993049 11.543
 103 129.659125  61.762770   212.717   212.427  6 55679.46557048 14.159
 104 129.663935  61.766537   212.583   212.524  7 55689.38120896 11.887
 105 129.664850  61.768013    92.955    92.983  8 55699.29684534 53.165
 106 129.660871  61.766221    90.711    90.673  7 55709.21248277 28.473
 107 129.661276  61.766103    92.297    92.320  7 55719.12813340 25.792
 108 129.666507  61.768115    91.695    91.687  8 55729.04378229 51.676
 109 129.664421  61.768601    90.376    90.297  8 55738.95942885 27.793
 110 129.668260  61.770915    88.950    89.022  8 55748.87507490 39.529
 111 129.668600  61.770754    88.092    88.132  9 55758.79071799 39.265
 112 129.665698  61.767827    88.074    87.945  8 55768.70635768 38.520
 113 129.658915  61.762763    90.895    90.909  6 55778.62199360 32.673
 114 129.654691  61.759378    91.461    91.848  6 55788.53762748 28.859
 115 129.657464  61.760319    90.371    90.355  6 55798.45326126 29.765
 116 129.657745  61.762682    89.793    89.607  6 55808.36890659 27.248
 117 129.661912  61.765811    89.289    89.201  7 55818.28455642 38.934
 118 129.659607  61.764280    90.250    90.971  7 55828.20020111 29.322
 119 129.657964  61.761613    89.072    89.052  6 55838.11584134 30.781
 120 129.653998  61.758878    91.182    91.298  6 55848.03147822 24.485
 121 129.657674  61.760756    88.274    88.270  6 55857.94711407 34.713
 122 129.661475  61.764982    87.760    87.794  8 55867.86276104 41.417
 123 129.665801  61.769088    88.256    88.307  9 55877.77841369 24.161
 133 129.658349  61.762908    89.521    89.547  6 55976.93484227 15.233
 134 129.657582  61.763429    89.718    89.756  6 55986.85047838 15.291
 135 129.658363  61.763487    90.037    89.862  6 55996.76611610 15.061
 136 129.660024  61.763816    91.618    91.094  6 56006.68176769 13.927
 137 129.657607  61.762252    91.959    91.921  6 56016.59741460 13.847
 139 129.662402  61.765807    87.553    87.910  7 56036.42870275 27.110
 141 129.665452  61.768979   215.808   216.801  8 56056.25998238 15.467
 142 129.661149  61.766761   213.197   212.961  7 56066.17561562 12.558
 143 129.665368  61.768024    92.124    92.061  8 56076.09126318 33.004
 144 129.666238  61.769094    93.299    93.232  8 56086.00691254 33.906
 145 129.665977  61.769404    93.591    93.607  9 56095.92255926 50.085
 146 129.664450  61.768591    91.775    91.767  8 56105.83820359 42.678
 147 129.662727  61.766639    93.374    93.363  7 56115.75383329 39.418
 148 129.660160  61.764102    91.752    91.634  6 56125.66947069 24.958
 149 129.658163  61.761716    92.797    92.804  6 56135.58510422 28.525
 150 129.657801  61.761730    92.834    92.852  6 56145.50074641 25.256
 151 129.659106  61.763526    89.839    89.829  6 56155.41639664 34.457
 152 129.660750  61.765311    90.205    90.046  7 56165.33204592 30.245
 153 129.662999  61.766250    89.430    89.477  7 56175.24769297 35.039
 154 129.657740  61.763866    89.091    89.106  6 56185.16333383 30.741
 155 129.657383  61.762673    90.946    90.278  6 56195.07897146 24.921
 156 129.659495  61.763211    92.385    92.698  6 56204.99460653 22.377
 157 129.660370  61.764233    88.467    88.448  6 56214.91023998 41.638
 158 129.659621  61.765139    87.203    87.263  7 56224.82587712 38.769
 159 129.665663  61.768464    87.935    87.859  8 56234.74153366 26.414
 160 129.667185  61.769306    88.393    88.281  8 56244.65718558 21.890
 161 129.665695  61.768904    88.670    88.659  8 56254.57283214 20.795
 162 129.666064  61.769423    88.697    88.444  9 56264.48847489 20.413
 165 129.661771  61.766505    89.231    88.794  7 56294.23541097 18.758
 166 129.657994  61.763748    88.753    88.463  6 56304.15105721 18.546
 167 129.660095  61.764100    88.371    87.996  6 56314.06670040 18.058
 168 129.661064  61.765540    88.911    88.546  7 56323.98234147 17.159
 169 129.666926  61.768410    90.349    90.478  8 56333.89798242 15.907
 170 129.662675  61.766594    90.425    90.909  8 56343.81362123 15.594
 171 129.658259  61.763389    89.434    89.507  6 56353.72925756 16.478
 172 129.655760  61.761531    89.813    89.832  6 56363.64490024 16.456
 173 129.657824  61.763184    89.993    89.953  6 56373.56054955 15.910
 175 129.667215  61.770648    91.162    91.279  9 56393.39184162 13.160
 176 129.668715  61.771588    86.380    86.155  9 56403.30748430 35.818
 177 129.670361  61.771227   214.973   215.012  9 56413.22312395 14.362
 178 129.661603  61.766620    89.406    89.435  7 56423.13875718 42.044
 179 129.662502  61.766818    93.048    93.039  7 56433.05440052 38.751
 180 129.666364  61.769717    92.516    92.535  9 56442.97005357 25.596
 181 129.667878  61.771582   213.885   213.475  9 56452.88570371 12.440
 182 129.669707  61.771440    90.706    90.725  9 56462.80135103 46.168
 184 129.659351  61.763642    92.509    92.861  7 56482.63263346 22.725
 185 129.657825  61.762463    90.188    90.254  7 56492.54827010 35.237
 187 129.659975  61.764451    92.599    92.611  6 56512.37953809 33.253
 188 129.663627  61.765950    90.689    90.679  7 56522.29518614 37.230
 189 129.658183  61.763817    91.334    91.171  6 56532.21083806 25.763
 191 129.660101  61.764199    88.461    88.482  6 56552.04213213 33.918
 192 129.666173  61.768407    89.667    89.043  8 56561.95777587 27.520
 193 129.670159  61.771948    88.457    88.431  9 56571.87341813 54.536
 194 129.671834  61.773013    87.394    87.414  9 56581.78905811 47.543
 195 129.666079  61.769010    86.916    86.894  8 56591.70469254 46.355
 196 129.662753  61.766750    87.678    87.621  7 56601.62034131 30.596
 197 129.663139  61.767030    88.864    88.530  8 56611.53599110 18.375
 198 129.666102  61.769382    88.433    88.620  9 56621.45163691 18.235
 199 129.670310  61.771719    88.804    89.089  9 56631.36727987 17.789
 200 129.665693  61.769096    89.351    89.192  8 56641.28291750 17.747
 201 129.663270  61.765980    89.587    89.252  7 56651.19856504 17.901
 202 129.657640  61.762496    89.390    89.270  6 56661.11421443 17.119
 203 129.657212  61.762548    90.021    90.156  6 56671.02986141 16.586
 205 129.669043  61.770444    90.169    90.305  9 56690.86115141 14.898
 206 129.665722  61.769001    91.381    90.966  9 56700.77679046 15.124
 207 129.662467  61.765215    92.437    91.051  7 56710.69242446 14.591
 208 129.658256  61.762726    90.846    90.972  7 56720.60806671 14.182
 211 129.671579  61.773976    90.451    90.562  9 56750.35501331 13.429
 212 129.669591  61.773332    87.674    86.744  9 56760.27065217 19.151
 213 129.669572  61.770698   213.525   213.135  9 56770.18628448 18.372
 214 129.664914  61.768269    89.594    89.555  8 56780.10193572 38.442
 215 129.666559  61.769209    93.082    93.086  8 56790.01759120 40.901
 216 129.671192  61.772292    90.585    90.802  9 56799.93324390 31.842
 217 129.668027  61.772675    89.652    89.678  9 56809.84888900 35.297
 219 129.665897  61.768414    91.532    91.515  8 56829.68016481 32.252
 221 129.657856  61.760769    90.116    90.102  6 56849.51142964 35.752
 222 129.659204  61.764035    89.711    89.124  7 56859.42708473 29.811
 223 129.665858  61.769151    87.826    87.835  9 56869.34273964 42.917
 224 129.670963  61.771894    88.414    88.411  9 56879.25839178 39.634
 225 129.668685  61.770412    89.532    89.210  9 56889.17403928 25.680
 226 129.665604  61.768258    88.414    88.370  8 56899.08968387 35.014
 227 129.665417  61.768822    89.928    89.746  8 56909.00532665 28.997
 228 129.670826  61.772420    90.227    90.234  9 56918.92096840 50.816
 229 129.671257  61.774147    90.141    90.349  9 56928.83660738 27.453
 230 129.671042  61.773457    88.287    88.288  9 56938.75224164 43.704
 231 129.670047  61.770651    87.238    87.192  9 56948.66787568 51.010
 232 129.665354  61.768210    86.361    86.343  8 56958.58352789 37.505
 233 129.666293  61.768262    87.824    87.664  8 56968.49917573 25.759
 234 129.666727  61.768985    88.215    87.766  8 56978.41481974 23.476
 235 129.669677  61.770236    87.936    87.747  9 56988.33045959 21.873
 236 129.661226  61.766180    88.183    87.960  7 56998.24609165 21.537
 237 129.659602  61.764540    88.335    88.140  7 57008.16174065 20.742
 238 129.658835  61.763441    88.376    88.031  6 57018.07739368 19.468
 239 129.658345  61.763572    88.684    88.400  6 57027.99304353 18.417
 240 129.662453  61.766557    88.561    88.247  8 57037.90869233 17.988
 241 129.663997  61.768579    88.746    88.689  8 57047.82433825 17.575
 242 129.669676  61.770436    90.001    90.223  9 57057.73998075 15.524
 243 129.662864  61.766882    90.379    90.605  8 57067.65561593 14.999
 244 129.663102  61.765593    90.734    90.779  7 57077.57124775 14.748
 245 129.660212  61.764297    90.217    90.310  6 57087.48687968 14.409
 246 129.669258  61.770204    90.217    90.268  9 57097.40253994 13.698
 247 129.670176  61.773001    93.136    91.544  9 57107.31819623  8.259
 248 129.667688  61.772673    90.856    90.907  9 57117.23384691 11.077
 249 129.671216  61.772495    90.336    90.754  9 57127.14949192 12.173
 250 129.666164  61.769347    89.479    89.105  9 57137.06513034 12.752
