# NaN NaN NaN ;Mean Elev.(m), Avg Gradient(m/km), RMS Gradient(m/km) - SRTM1     
#   38.478  -0.978  13.987 ;Mean Elev.(m), Avg Gradient(m/km), RMS Gradient(m/km) - ASTER GDEM
#   33.384  -1.822  16.290 ;Mean Elev.(m), Avg Gradient(m/km), RMS Gradient(m/km) - GMTED2010 
   1 126.952868  64.121681    59.207    58.833 16 54665.26490794 27.016
   2 126.951469  64.122823    61.018    60.982 17 54675.18055238 22.110
   3 126.959336  64.122997    -3.266    -3.273 15 54685.09619638  7.685
   4 126.958405  64.124500    61.381    61.509 16 54695.01183798 23.131
   5 126.958422  64.124182    -1.722    -1.673 15 54704.92747732 12.641
   6 126.952258  64.122457    60.268    60.251 17 54714.84312850 38.475
   7 126.949731  64.120023     7.100     6.944 17 54724.75877880  9.486
   8 126.948387  64.118947    60.910    60.873 17 54734.67442696 22.110
   9 126.949850  64.119648    60.883    60.822 16 54744.59007402 21.050
  10 126.951841  64.120637    58.105    58.171 16 54754.50572066 50.304
  11 126.950380  64.120808    57.430    57.426 17 54764.42136610 51.461
  12 126.951737  64.118656    56.735    56.708 17 54774.33700926 45.750
  13 126.950650  64.117142    57.067    57.023 17 54784.25264956 29.458
  14 126.949930  64.117704    57.183    57.158 17 54794.16828788 22.534
  17 126.952467  64.122864    57.577    57.557 17 54823.91520712 19.184
  18 126.951173  64.121579    57.425    57.383 17 54833.83084718 17.868
  19 126.953017  64.120405    57.166    57.160 17 54843.74649746 17.981
  20 126.952001  64.121265    56.937    56.923 16 54853.66214628 16.529
  21 126.951785  64.122961    56.867    56.771 17 54863.57779482 16.029
  22 126.954378  64.123160    56.727    56.639 16 54873.49344353 15.451
  23 126.953131  64.122292    56.786    56.670 17 54883.40908965 14.826
  24 126.951348  64.119900    56.919    56.845 17 54893.32473248 14.741
  25 126.949308  64.117848    56.950    56.943 16 54903.24037258 14.059
  26 126.948829  64.117795    57.048    57.080 17 54913.15601142 12.875
  27 126.950232  64.119284    56.944    56.931 16 54923.07164955 13.043
  28 126.953164  64.120732    57.092    57.026 17 54932.98728706 12.752
  29 126.951066  64.121602    57.878    57.905 17 54942.90292233 12.797
  30 126.952283  64.120257    56.621    56.595 17 54952.81855617 40.420
  31 126.951651  64.118347    58.644    58.540 17 54962.73419980 39.903
  32 126.949989  64.118418    63.797    63.819 17 54972.64984821 36.836
  33 126.950976  64.119976    62.052    62.107 17 54982.56549574 49.954
  34 126.950409  64.122208    68.053    63.153 17 54992.48114277 37.637
  35 126.952598  64.122358    62.202    62.204 16 55002.39678943 38.229
  36 126.950984  64.122060    61.016    61.018 17 55012.31243394 47.525
  37 126.952832  64.120930    61.473    61.549 17 55022.22807743 21.907
  38 126.951905  64.121719    61.317    61.340 17 55032.14371968 22.058
  39 126.952989  64.123011    60.185    59.807 17 55042.05936139 25.172
  40 126.959100  64.123151    61.565    61.698 15 55051.97500217 24.616
  41 126.955265  64.123195    59.163    59.168 16 55061.89063985 41.291
  42 126.951651  64.121235    57.987    57.880 16 55071.80628284 31.133
  43 126.948427  64.119001    59.102    59.104 17 55081.72193140 53.348
  44 126.948957  64.118108    59.253    59.268 16 55091.63757848 26.129
  45 126.950526  64.118946    59.400    59.391 16 55101.55322496 34.534
  46 126.952034  64.120249    59.194    59.085 16 55111.46887098 53.490
  47 126.952993  64.120186    58.632    58.579 17 55121.38451498 52.841
  48 126.948832  64.119442    57.461    57.424 17 55131.30015574 49.511
  49 126.949550  64.117560    55.733    55.715 16 55141.21579510 43.412
  50 126.949756  64.117741    56.872    56.882 17 55151.13143356 30.851
  51 126.951153  64.119782    56.851    56.820 16 55161.04707211 28.211
  52 126.952053  64.122251    57.049    57.046 17 55170.96271019 25.873
  53 126.955296  64.123090    57.028    57.019 15 55180.87834716 24.235
  54 126.953178  64.122533    57.006    56.999 17 55190.79399566 23.849
  55 126.951788  64.121896    56.785    56.792 16 55200.70964590 23.356
  56 126.951415  64.121944    56.577    56.585 17 55210.62529545 23.137
  57 126.952886  64.122330    56.425    56.444 16 55220.54094465 21.619
  58 126.952327  64.122051    56.268    56.270 17 55230.45659268 21.178
  59 126.952517  64.120802    56.171    56.202 17 55240.37223764 21.240
  60 126.952120  64.118855    56.135    56.155 17 55250.28787904 20.175
  61 126.950723  64.117676    56.135    56.155 17 55260.20351803 19.928
  62 126.949136  64.118161    56.107    56.056 16 55270.11915613 19.045
  63 126.950819  64.119182    56.286    56.197 17 55280.03479442 18.269
  64 126.951155  64.120430    56.197    56.187 16 55289.95043132 17.756
  65 126.952336  64.120796    56.242    56.108 16 55299.86606602 17.097
  66 126.950313  64.119860    57.151    57.075 17 55309.78171104 29.691
  67 126.950755  64.118449    58.564    58.669 17 55319.69735701 23.114
  68 126.950671  64.118423    57.031    57.031 17 55329.61300171 41.224
  69 126.951463  64.119762    64.685    64.667 17 55339.52864606 53.196
  70 126.950714  64.121655    61.999    62.001 17 55349.44428992 49.174
  71 126.952097  64.122427    60.896    60.898 17 55359.35993207 53.600
  72 126.953693  64.122212    61.481    61.440 17 55369.27557219 19.753
  73 126.953753  64.122259    60.944    60.943 17 55379.19121069 21.300
  74 126.954248  64.122768    60.833    60.830 17 55389.10684852 51.757
  75 126.956823  64.123014    59.370    59.366 15 55399.02248558 51.942
  76 126.951498  64.123397    60.513    60.287 17 55408.93813113 21.970
  77 126.952487  64.121102    59.477    59.476 16 55418.85378217 53.340
  78 126.949012  64.119551    58.838    58.640 17 55428.76942932 28.871
  79 126.948232  64.118832    58.343    58.325 17 55438.68507396 46.636
  80 126.949918  64.119072    59.280    59.264 16 55448.60071730 51.662
  81 126.951623  64.119587    60.266    60.218 16 55458.51636029 21.451
  82 126.950831  64.120053    59.698    59.644 16 55468.43200231 21.834
  83 126.951089  64.119571    58.995    58.956 16 55478.34764125 22.026
  84 126.951331  64.119132    56.933    56.875 17 55488.26327718 43.852
  85 126.950557  64.119468    56.491    56.466 17 55498.17891074 49.296
  86 126.951354  64.120459    56.794    56.825 16 55508.09454909 24.044
  87 126.953620  64.120792    57.125    57.156 17 55518.01019961 24.274
  88 126.952433  64.121808    57.452    57.329 17 55527.92584885 20.544
  89 126.953789  64.121730    57.637    57.386 17 55537.84149647 18.431
  90 126.953083  64.121791    57.217    56.912 16 55547.75714162 16.564
  91 126.953188  64.121915    56.850    56.831 17 55557.67278501 16.111
  92 126.952157  64.122667    57.105    56.857 16 55567.58842733 16.572
  93 126.952170  64.122706    56.777    56.765 16 55577.50406903 15.844
  94 126.953043  64.121383    56.798    56.692 17 55587.41970881 15.744
  95 126.951416  64.120014    56.691    56.733 16 55597.33534529 14.840
  96 126.949913  64.119451    56.692    56.774 16 55607.25097891 14.739
  97 126.951984  64.119722    56.787    56.776 17 55617.16661082 14.476
  98 126.953104  64.120825    56.791    56.727 17 55627.08225525 13.202
  99 126.950472  64.121542    56.714    56.551 17 55636.99790665 12.638
 100 126.952479  64.120343    56.937    56.898 17 55646.91355662 12.421
 101 126.951700  64.118795    56.968    56.811 17 55656.82920352 13.041
 102 126.950622  64.118155    56.858    56.903 16 55666.74484595 11.227
 103 126.951083  64.118776    57.497    57.117 17 55676.66048550 27.379
 104 126.949984  64.120935    59.208    60.304 17 55686.57612288 25.303
 105 126.952183  64.122395    61.211    61.213 17 55696.49175942 43.140
 106 126.953612  64.123146    60.295    60.299 17 55706.40739468 56.143
 107 126.951083  64.122904    61.616    61.569 17 55716.32304421 25.036
 108 126.952742  64.122050    61.511    61.512 16 55726.23869312 22.126
 109 126.952372  64.122486    60.483    60.577 16 55736.15433998 25.920
 110 126.952413  64.123170    60.484    60.138 17 55746.06998563 21.540
 111 126.953594  64.122699    59.489    59.496 16 55755.98562962 52.230
 112 126.953597  64.121045    57.770    57.710 17 55765.90127116 55.058
 113 126.950473  64.119422    57.808    57.778 17 55775.81690950 38.635
 114 126.951461  64.118156    59.901    59.875 17 55785.73254523 53.417
 115 126.949219  64.120002    59.712    59.609 17 55795.64817837 21.178
 116 126.952839  64.121452    58.686    58.489 17 55805.56381814 26.012
 117 126.952154  64.122322    59.728    59.373 17 55815.47946714 20.407
 118 126.950103  64.121474    59.122    59.101 17 55825.39511349 39.638
 119 126.949742  64.119741    58.401    58.366 17 55835.31075556 37.018
 120 126.951838  64.118492    58.919    58.444 17 55845.22639430 23.002
 121 126.949840  64.120433    57.053    57.031 17 55855.14202966 45.763
 122 126.951003  64.122594    57.143    57.105 17 55865.05766977 50.220
 123 126.954596  64.123038    57.052    57.039 17 55874.97332321 37.505
 133 126.950300  64.118609    56.760    57.000 16 55974.12975747 15.242
 134 126.953335  64.120943    56.952    56.937 17 55984.04539383 15.124
 135 126.952778  64.123047    56.942    56.665 16 55993.96102767 14.750
 136 126.951843  64.121721    57.361    57.020 17 56003.87667848 14.463
 137 126.949925  64.119187    56.685    56.666 16 56013.79232747 13.658
 139 126.952269  64.118654    56.918    56.845 17 56033.62361666 13.108
 141 126.954338  64.123530    56.230    56.154 16 56053.45489598 51.903
 142 126.956576  64.123606    65.428    65.416 15 56063.37053130 39.108
 143 126.953329  64.122920    63.301    63.298 16 56073.28617291 31.159
 144 126.953284  64.121592    61.977    61.971 17 56083.20182301 25.111
 145 126.952267  64.121828    61.589    61.553 16 56093.11747050 37.685
 146 126.952332  64.122730    60.640    60.632 16 56103.03311585 47.306
 147 126.951916  64.122650    61.267    61.108 17 56112.94874682 21.853
 148 126.951379  64.121496    60.881    60.660 17 56122.86438573 21.644
 149 126.950770  64.119749    60.133    60.135 16 56132.78002078 51.837
 150 126.951680  64.118669    61.449    61.448 17 56142.69565841 50.020
 151 126.949953  64.119305    59.262    59.208 16 56152.61130886 37.509
 152 126.953079  64.120427    59.837    59.864 17 56162.52695813 49.093
 153 126.950511  64.122080    60.011    59.983 17 56172.44260485 24.217
 154 126.951952  64.121308    59.717    59.688 16 56182.35824736 34.919
 155 126.950220  64.119989    60.157    60.180 16 56192.27388588 20.628
 156 126.949983  64.119133    58.888    58.689 16 56202.18952183 29.372
 157 126.952495  64.120289    58.266    58.315 17 56212.10515602 44.619
 158 126.955543  64.122965    57.750    57.715 16 56222.02078823 51.558
 159 126.959480  64.123718    56.561    56.533 15 56231.93644299 36.474
 160 126.958109  64.123528    56.437    56.467 15 56241.85209549 36.708
 161 126.954444  64.122614    57.000    57.008 17 56251.76774357 33.172
 162 126.952756  64.121654    57.111    57.079 17 56261.68338714 31.425
 163 126.953024  64.121603    57.171    57.159 17 56271.59902861 30.852
 164 126.951189  64.122526    57.253    57.245 17 56281.51466930 27.442
 165 126.953852  64.121631    57.114    57.097 17 56291.43032174 24.587
 166 126.951482  64.120444    56.817    56.791 16 56301.34596928 23.959
 167 126.949584  64.118809    56.599    56.604 17 56311.26161274 22.604
 168 126.949895  64.117952    56.450    56.475 17 56321.17725417 22.278
 169 126.950776  64.118888    56.282    56.291 16 56331.09289493 21.730
 170 126.949827  64.120985    56.203    56.172 17 56341.00853493 20.392
 171 126.952173  64.121991    56.335    56.206 16 56350.92417307 19.168
 172 126.953875  64.121309    56.211    56.166 17 56360.83981193 19.191
 173 126.950959  64.119934    56.220    56.172 17 56370.75546155 19.173
 175 126.950813  64.120314    57.233    57.220 17 56390.58675338 18.023
 176 126.952635  64.122117    58.162    58.270 17 56400.50239651 23.397
 177 126.955568  64.123163    56.247    56.234 16 56410.41803713 50.262
 178 126.957819  64.123163    56.740    56.752 15 56420.33367297 40.197
 179 126.954587  64.123281    64.452    64.451 17 56430.24930947 56.177
 180 126.951374  64.122491    62.265    62.265 17 56440.16496241 57.097
 181 126.951346  64.121786    61.401    61.275 16 56450.08061321 23.062
 182 126.951580  64.121412    62.100    62.100 16 56459.99626179 56.617
 183 126.951584  64.120492    59.692    59.608 16 56469.91190708 27.974
 184 126.949275  64.120068    59.068    59.042 17 56479.82754830 48.080
 185 126.951035  64.119214    60.670    60.648 17 56489.74318594 56.043
 187 126.953057  64.120704    61.500    61.495 17 56509.57445434 53.814
 188 126.951813  64.121975    61.409    61.318 16 56519.49009564 21.725
 189 126.953389  64.121416    61.143    60.988 17 56529.40574947 19.192
 190 126.950514  64.121332    60.098    59.887 17 56539.32139878 24.538
 191 126.952561  64.120159    58.522    58.510 17 56549.23704443 36.313
 192 126.951054  64.120536    60.214    59.999 17 56559.15268726 21.801
 193 126.951261  64.121632    59.843    59.761 17 56569.06832930 25.823
 194 126.952745  64.123184    57.662    57.660 16 56578.98397014 43.644
 195 126.958261  64.123420    57.020    56.997 16 56588.89960766 40.872
 196 126.957664  64.123185    56.205    56.227 16 56598.81525162 47.737
 197 126.952712  64.122577    57.403    57.419 16 56608.73090224 32.762
 198 126.951510  64.122286    56.916    56.899 17 56618.64654821 24.347
 199 126.952992  64.122088    56.984    56.968 16 56628.56219113 18.721
 200 126.952914  64.122056    57.143    57.144 16 56638.47783090 17.408
 201 126.952227  64.121048    57.081    57.050 16 56648.39347458 17.264
 202 126.950742  64.119336    57.031    57.048 17 56658.30912612 16.365
 203 126.949693  64.118640    56.823    56.836 16 56668.22477350 15.883
 205 126.950945  64.120862    56.637    56.564 17 56688.05606211 15.248
 206 126.952546  64.121277    56.743    56.585 16 56697.97170363 15.109
 207 126.951895  64.121197    56.593    56.554 16 56707.88734038 14.650
 208 126.949919  64.120994    56.698    56.689 17 56717.80297729 14.481
 209 126.949322  64.120525    56.780    56.773 17 56727.71863007 14.662
 211 126.952174  64.122681    57.052    56.800 17 56747.54992406 14.416
 212 126.956017  64.123065    57.520    57.493 15 56757.46556505 12.445
 213 126.956745  64.123158    56.802    56.563 16 56767.38119986 21.671
 214 126.952808  64.122759    56.555    56.597 16 56777.29684370 36.775
 215 126.951514  64.121773    60.608    60.603 16 56787.21249986 40.852
 216 126.953089  64.121101    62.332    62.332 17 56797.12815273 40.597
 217 126.950419  64.121726    61.349    61.374 17 56807.04380000 26.789
 219 126.951591  64.119901    60.350    60.328 16 56826.87507953 53.358
 220 126.949196  64.119286    61.325    60.189 17 56836.79071388 42.019
 221 126.951316  64.119627    59.150    59.165 16 56846.70634547 53.207
 222 126.950495  64.120739    60.050    60.053 17 56856.62199520 25.622
 223 126.950465  64.121952    58.659    58.641 17 56866.53764844 51.578
 224 126.950444  64.121817    60.227    59.954 17 56876.45330049 20.996
 225 126.953152  64.120198    58.899    58.879 17 56886.36894979 48.294
 226 126.948723  64.119636    58.519    58.358 17 56896.28459560 30.651
 227 126.950432  64.119469    59.130    59.392 16 56906.20023901 24.336
 228 126.950943  64.121170    59.256    59.450 17 56916.11588003 23.705
 229 126.955298  64.122790    60.528    60.299 16 56926.03151955 19.719
 230 126.957415  64.123831    59.621    59.833 15 56935.94715563 24.266
 231 126.956588  64.123916    57.397    57.405 15 56945.86278624 43.576
 232 126.953733  64.122095    56.488    56.459 17 56955.77843828 49.253
 233 126.953203  64.120720    56.079    56.046 17 56965.69408756 33.308
 234 126.952527  64.121378    56.776    56.799 17 56975.60973221 25.431
 235 126.953610  64.122543    57.059    57.055 17 56985.52537247 21.305
 236 126.953293  64.122983    56.706    56.721 16 56995.44100721 20.799
 237 126.952356  64.121362    56.712    56.784 17 57005.35664907 20.450
 238 126.951064  64.118702    56.847    56.790 17 57015.27230424 17.057
 239 126.948759  64.118374    56.766    56.714 17 57025.18795481 16.015
 240 126.952278  64.119614    56.717    56.778 17 57035.10360363 15.513
 241 126.953909  64.121515    56.713    56.596 17 57045.01924971 14.872
 242 126.954085  64.122153    56.731    56.714 17 57054.93489275 13.850
 243 126.950162  64.121693    56.744    56.500 17 57064.85053060 13.630
 244 126.951914  64.120605    56.708    56.601 17 57074.76616426 13.311
 245 126.952995  64.121531    56.653    56.506 17 57084.68179434 13.943
 246 126.955615  64.122730    56.787    56.719 16 57094.59744784 13.534
 247 126.959741  64.123357    57.666    57.617 15 57104.51310471 12.343
 248 126.957564  64.123894    58.335    58.427 15 57114.42875676 12.159
 249 126.954467  64.122848    57.691    57.636 17 57124.34440269 11.844
 250 126.951699  64.121463    57.475    57.366 16 57134.26004339  9.299
