# NaN NaN NaN ;Mean Elev.(m), Avg Gradient(m/km), RMS Gradient(m/km) - SRTM1     
#   35.113  -1.169   8.031 ;Mean Elev.(m), Avg Gradient(m/km), RMS Gradient(m/km) - ASTER GDEM
#   29.313  -3.224  12.319 ;Mean Elev.(m), Avg Gradient(m/km), RMS Gradient(m/km) - GMTED2010 
   1    94.520 54667.13474838 19.40 124.774832  64.936454 10.526  246.26  252.17  248.16
   1    95.864 54667.13474897 24.64 124.780725  64.937261 13.044  246.26  252.17  248.16
   1    94.686 54667.13474956  9.65 124.786618  64.938068   -100  246.26  252.17  248.16
   2   121.192 54677.05039264  1.48 124.771959  64.937220  3.241  239.80  238.80  241.27
   2   120.635 54677.05039323  2.30 124.777852  64.938028  4.084  239.80  238.80  241.27
   2   122.000 54677.05039382  2.08 124.783746  64.938835  3.660  239.80  238.80  241.27
   3   -18.252 54686.96603543  9.79 124.767485  64.938403  2.210  243.10  249.32  248.25
   3   -17.475 54686.96603602  9.72 124.773379  64.939210  1.964  243.10  249.32  248.25
   3   -16.624 54686.96603661  9.81 124.779272  64.940017  1.978  243.10  249.32  248.25
   4    96.327 54696.88167708 31.07 124.769967  64.939587 29.001  235.17  240.13  235.96
   4    96.098 54696.88167767 19.65 124.775860  64.940395 14.836  235.17  240.13  235.96
   5   -11.534 54706.79731769 10.00 124.770948  64.938495  2.568  227.32  227.29  229.41
   5   -11.005 54706.79731828  9.82 124.776841  64.939302  2.360  227.32  227.29  229.41
   6   104.132 54716.71296988 22.93 124.773619  64.936660  8.058  227.32  227.98  229.07
   6   103.154 54716.71297047 26.93 124.779511  64.937467 12.359  227.32  227.98  229.07
   6   100.795 54716.71297106 27.73 124.785404  64.938274 27.532  227.32  227.98  229.07
   7    -3.863 54726.62861931 13.11 124.773459  64.934482  2.635  225.58  226.09  228.25
   7    -3.572 54726.62861990 13.35 124.779351  64.935289  2.533  225.58  226.09  228.25
   7    -0.442 54726.62862049 13.70 124.785243  64.936096  2.716  225.58  226.09  228.25
   8    96.486 54736.54426767 25.72 124.778158  64.934986 13.680  230.01  231.18  233.46
   8    95.459 54736.54426826 19.33 124.784051  64.935792   -100  230.01  231.18  233.46
   8    95.351 54736.54426885 16.79 124.789944  64.936599   -100  230.01  231.18  233.46
   9    95.785 54746.45991472 21.92 124.774112  64.936277 10.475  235.02  235.45  239.30
   9    95.524 54746.45991531 26.55 124.780005  64.937083 19.910  235.02  235.45  239.30
   9    95.030 54746.45991590 18.92 124.785898  64.937890   -100  235.02  235.45  239.30
  10    47.290 54756.37556116 37.93 124.768175  64.937246   -100  245.29  245.69  247.41
  10    47.137 54756.37556175 39.81 124.774068  64.938053   -100  245.29  245.69  247.41
  10    47.310 54756.37556234 39.94 124.779962  64.938860   -100  245.29  245.69  247.41
  11    46.975 54766.29120646 40.71 124.768947  64.937171 20.333  249.59  249.19  250.70
  11    47.147 54766.29120705 41.88 124.774840  64.937978 19.201  249.59  249.19  250.70
  11    46.267 54766.29120764 49.44 124.780734  64.938785 20.532  249.59  249.19  250.70
  12    46.154 54776.20684876 27.11 124.772206  64.935363  8.574  245.52  243.30  243.78
  12    45.966 54776.20684935 30.65 124.778099  64.936170 16.729  245.52  243.30  243.78
  12    45.951 54776.20684994 31.04 124.783993  64.936977 17.497  245.52  243.30  243.78
  13    46.693 54786.12248860 25.66 124.775201  64.933652 10.354  245.66  242.56  240.88
  13    46.891 54786.12248919 24.50 124.781094  64.934459  8.426  245.66  242.56  240.88
  13    47.049 54786.12248978 25.89 124.786987  64.935265  9.844  245.66  242.56  240.88
  14    46.752 54796.03812714 24.21 124.777124  64.933743  8.325  244.23  240.81  235.26
  14    46.941 54796.03812773 23.17 124.783017  64.934550  7.186  244.23  240.81  235.26
  14    46.790 54796.03812832 25.17 124.788911  64.935356 10.231  242.97  239.86  234.84
  17    48.961 54825.78504924 17.19 124.773240  64.937390  3.407  238.65  233.22  220.00
  17    47.073 54825.78504983 17.10 124.779133  64.938198  3.524  238.65  233.22  220.00
  17    49.652 54825.78505042 17.08 124.785026  64.939005  3.189  238.65  233.22  220.00
  18    46.950 54835.70068822 16.24 124.769351  64.936575  3.490  240.75  235.59  222.49
  18    49.110 54835.70068881 16.09 124.775243  64.937383  3.265  240.75  235.59  222.49
  18    46.996 54835.70068940 16.31 124.781137  64.938190  3.373  240.75  235.59  222.49
  19    46.687 54845.61633794 15.91 124.769919  64.937048  3.254  240.32  234.58  219.50
  19    46.780 54845.61633853 15.49 124.775812  64.937855  2.947  240.32  234.58  219.50
  19    46.789 54845.61633912 15.78 124.781705  64.938662  3.178  240.32  234.58  219.50
  20    46.491 54855.53198703 15.59 124.770635  64.938192  3.967  237.23  230.25  213.34
  20    46.575 54855.53198762 15.19 124.776528  64.938999  2.870  237.23  230.25  213.34
  21    46.370 54865.44763559 15.59 124.766276  64.939195  3.667  235.10  227.23  208.36
  21    46.444 54865.44763618 15.26 124.772170  64.940002  3.012  235.10  227.23  208.36
  21    46.518 54865.44763677 15.21 124.778064  64.940809  3.342  235.10  227.23  208.36
  22    46.526 54875.36328434 15.01 124.768467  64.939958  4.333  234.96  227.41  208.98
  22    46.605 54875.36328493 14.46 124.774361  64.940765  2.748  234.96  227.41  208.98
  23    46.317 54885.27893023 14.22 124.771050  64.939250  3.105  234.73  226.53  206.29
  23    50.067 54885.27893082 14.14 124.776945  64.940057  2.982  234.73  226.53  206.29
  24    46.372 54895.19457247 13.55 124.772406  64.937135  3.182  237.37  228.99  209.01
  24    46.178 54895.19457306 13.60 124.778299  64.937942  3.047  237.37  228.99  209.01
  24    49.504 54895.19457365 13.36 124.784194  64.938748  3.128  237.37  228.99  209.01
  25    46.422 54905.11021223 13.99 124.775540  64.935670  3.490  240.07  231.68  212.51
  25    46.746 54905.11021282 14.13 124.781434  64.936476  3.992  240.07  231.68  212.51
  25    47.597 54905.11021341 13.94 124.787328  64.937283  2.978  240.07  231.68  212.51
  26    46.787 54915.02585035 13.21 124.773011  64.934980  3.169  239.35  229.93  209.43
  26    46.806 54915.02585094 13.34 124.778904  64.935787  3.520  238.92  229.95  210.40
  26    46.699 54915.02585153 13.14 124.784798  64.936593  3.064  238.92  229.95  210.40
  27    47.182 54924.94148860 12.07 124.775126  64.936216  3.301  242.74  234.19  215.68
  27    46.620 54924.94148919 12.05 124.781020  64.937022  3.049  242.74  234.19  215.68
  27    47.685 54924.94148978 12.06 124.786914  64.937829  3.072  242.22  234.23  216.31
  28    46.608 54934.85712558 12.42 124.772005  64.936610  3.053 -100.00 -100.00 -100.00
  28    46.626 54934.85712617 12.32 124.777898  64.937417  3.075  240.65  230.99  210.60
  28    46.949 54934.85712676 12.01 124.783791  64.938224  2.788  240.65  230.99  210.60
  29    45.368 54944.77276091 29.03 124.772872  64.936189 22.968  252.88  245.77  229.09
  29    46.509 54944.77276150 26.96 124.778765  64.936996 13.896  252.88  245.77  229.09
  29    46.765 54944.77276209 27.58 124.784658  64.937803 15.714  252.88  245.77  229.09
  30    50.814 54954.68839431 26.35 124.778919  64.934926  9.514  253.36  250.64  245.47
  30    50.621 54954.68839490 27.47 124.784811  64.935733 10.453  253.36  250.64  245.47
  31    95.911 54964.60404025 18.21 124.777101  64.933308 11.071  246.34  246.56  248.16
  31    94.895 54964.60404084 24.02 124.782993  64.934115 29.428  246.34  246.56  248.16
  31    94.452 54964.60404143 12.14 124.788885  64.934921   -100  246.34  246.56  248.16
  32    98.527 54974.51968812 24.63 124.773869  64.933229   -100  220.27  218.58  221.10
  32    98.279 54974.51968871  8.03 124.779761  64.934036 28.160  220.27  218.58  221.10
  32    99.959 54974.51968931  3.95 124.785653  64.934843 16.410  220.27  218.58  221.10
  32   100.604 54974.51968990 20.89 124.791545  64.935650 11.504  220.27  218.58  221.10
  34    51.616 54994.35098370 53.94 124.772861  64.936868   -100  230.15  236.10  233.94
  34    51.557 54994.35098429 51.64 124.778753  64.937675   -100  230.15  236.10  233.94
  34    51.564 54994.35098488 52.24 124.784647  64.938482   -100  230.15  236.10  233.94
  36    50.705 55014.18227445 29.13 124.773359  64.937971 13.166  242.68  249.20  248.74
  36    49.752 55014.18227504 31.51 124.779252  64.938778 18.191  242.68  249.20  248.74
  37    51.446 55024.09791678 25.78 124.768268  64.937140 10.964  243.87  244.84  244.90
  37    50.952 55024.09791737 24.72 124.774161  64.937948  8.622  243.87  244.84  244.90
  37    50.737 55024.09791796 23.93 124.780055  64.938755  6.490  243.87  244.84  244.90
  38    48.669 55034.01355932 31.70 124.771080  64.938226 25.006  245.77  250.18  246.22
  38    50.218 55034.01355991 30.61 124.776973  64.939033 20.254  245.77  250.18  246.22
  39    51.158 55043.92920075 24.89 124.770149  64.938743  9.253  241.24  242.95  242.45
  39    50.539 55043.92920134 26.73 124.776042  64.939550 12.672  241.24  242.95  242.45
  41    93.621 55063.76047816 16.74 124.771547  64.936603 31.496  235.03  236.47  236.68
  41    93.432 55063.76047875 22.13 124.777439  64.937410   -100  235.03  236.47  236.68
  41    95.307 55063.76047934 20.10 124.783332  64.938218 25.478  235.03  236.47  236.68
  42    94.943 55073.67612401 22.85 124.774004  64.935334 10.057  238.83  241.28  240.56
  42    95.367 55073.67612460 28.00 124.779896  64.936141 18.393  238.83  241.28  240.56
  42    94.473 55073.67612519 18.05 124.785789  64.936948   -100  238.83  241.28  240.56
  43    48.297 55083.59177244 26.74 124.777994  64.935149  8.662  235.81  237.53  239.43
  43    50.552 55083.59177303 26.76 124.783887  64.935956  9.257  235.81  237.53  239.43
  43    50.144 55083.59177362 30.34 124.789779  64.936762 15.656  235.81  237.53  239.43
  44    51.286 55093.50741859 26.86 124.773601  64.935105 13.312  234.81  236.18  237.93
  44    50.840 55093.50741918 24.19 124.779493  64.935911  7.406  234.81  236.18  237.93
  44    50.219 55093.50741977 23.95 124.785386  64.936718  7.182  234.81  236.18  237.93
  48    46.698 55133.16999607 42.02 124.776075  64.935372 29.762  239.47  237.39  239.09
  48    46.550 55133.16999666 43.93 124.781968  64.936179   -100  239.47  237.39  239.09
  48    46.470 55133.16999725 47.37 124.787862  64.936986  8.367  239.47  237.39  239.09
  49    45.749 55143.08563494 35.95 124.777918  64.934641 25.482  237.11  234.75  234.43
  49    45.555 55143.08563553 35.04 124.783812  64.935448 24.231  237.11  234.75  234.43
  49    45.528 55143.08563612 34.28 124.789705  64.936254 22.174  237.11  234.75  234.43
  50    48.729 55153.00127265 26.50 124.773678  64.934366  8.015  239.62  237.36  235.40
  50    48.988 55153.00127324 28.87 124.779571  64.935173 11.616  239.62  237.36  235.40
  50    50.065 55153.00127383 25.49 124.785465  64.935980  6.013  239.62  237.36  235.40
  51    50.412 55162.91691136 23.44 124.775678  64.935681  4.976  235.68  232.37  229.43
  51    50.159 55162.91691195 24.20 124.781571  64.936488  5.775  235.68  232.37  229.43
  51    50.118 55162.91691254 23.90 124.787465  64.937295  5.124  235.68  232.37  229.43
  52    49.029 55172.83254913 21.72 124.771600  64.936190  4.038  240.02  237.20  233.55
  52    51.050 55172.83254972 21.84 124.777493  64.936998  4.247  240.02  237.20  233.55
  52    49.769 55172.83255031 21.51 124.783387  64.937805  4.191  240.02  237.20  233.55
  53    49.153 55182.74818610 21.21 124.774564  64.936858  4.101  237.49  234.62  229.17
  53    49.987 55182.74818669 20.68 124.780457  64.937666  3.321  237.49  234.62  229.17
  53    46.696 55182.74818728 20.78 124.786351  64.938473  3.729  237.49  234.62  229.17
  54    46.394 55192.66383689 20.52 124.769623  64.936792  3.611  231.79  227.66  220.64
  54    46.329 55192.66383748 20.39 124.775516  64.937599  3.934  231.79  227.66  220.64
  54    49.646 55192.66383807 20.43 124.781409  64.938406  3.680  231.79  227.66  220.64
  55    46.135 55202.57948683 20.09 124.768254  64.937561  3.960  234.75  230.95  222.80
  55    46.230 55202.57948742 19.87 124.774147  64.938368  3.505  234.75  230.95  222.80
  55    46.349 55202.57948801 19.63 124.780040  64.939175  3.415  234.75  230.95  222.80
  56    46.137 55212.49513651 19.26 124.770311  64.938857  3.901  235.32  231.05  222.16
  56    46.330 55212.49513710 19.05 124.776204  64.939664  3.431  235.32  231.05  222.16
  57    45.974 55222.41078533 18.12 124.768642  64.938952  4.591  233.59  228.48  218.77
  57    46.203 55222.41078592 17.76 124.774535  64.939759  3.615  233.59  228.48  218.77
  58    46.131 55232.32643305 17.42 124.769932  64.938152  3.815  235.95  231.24  220.43
  58    46.205 55232.32643364 17.29 124.775826  64.938959  3.191  235.95  231.24  220.43
  58    46.014 55232.32643423 17.62 124.781720  64.939766  4.136  235.95  231.24  220.43
  59    45.976 55242.24207747 17.77 124.770778  64.936417  5.051  234.74  229.31  218.01
  59    45.963 55242.24207806 17.04 124.776671  64.937224  3.295  234.74  229.31  218.01
  59    46.268 55242.24207865 17.06 124.782565  64.938031  3.463  234.74  229.31  218.01
  60    46.049 55252.15771902 16.64 124.776634  64.935794  3.269  235.00  228.60  216.78
  60    46.295 55252.15771961 16.70 124.782528  64.936601  3.939  235.00  228.60  216.78
  60    46.304 55252.15772020 16.70 124.788422  64.937408  3.299  235.00  228.60  216.78
  61    46.121 55262.07335774 16.50 124.776112  64.935478  4.135  236.13  230.43  217.87
  61    46.428 55262.07335833 16.42 124.782005  64.936285  3.410  236.13  230.43  217.87
  61    46.317 55262.07335892 16.44 124.787899  64.937092  3.403  236.13  230.43  217.87
  62    45.986 55271.98899525 16.31 124.772507  64.935775  3.697  238.90  232.41  219.94
  62    46.014 55271.98899584 16.16 124.778400  64.936582  3.359  238.90  232.41  219.94
  62    46.361 55271.98899643 16.20 124.784294  64.937389  3.678  238.90  232.41  219.94
  63    46.125 55281.90463317 15.92 124.774857  64.936430  3.392  239.84  234.02  220.31
  63    46.496 55281.90463376 15.88 124.780750  64.937237  3.160  239.84  234.02  220.31
  63    46.622 55281.90463435 15.69 124.786644  64.938044  2.994  239.84  234.02  220.31
  64    51.066 55291.82026925 15.82 124.771449  64.935256  3.521  241.79  234.73  220.11
  64    46.055 55291.82026984 16.27 124.777341  64.936063  3.776  241.79  234.73  220.11
  64    46.603 55291.82027043 15.50 124.783234  64.936870  3.055  240.73  233.81  219.59
  64    50.120 55291.82027102 15.73 124.789127  64.937677  3.320  240.73  233.81  219.59
  65    46.420 55301.73590420 15.56 124.778446  64.934754  3.847  245.99  239.79  226.71
  65    46.731 55301.73590479 15.46 124.784339  64.935561  3.276  245.99  239.79  226.71
  65    47.059 55301.73590538 15.19 124.790231  64.936368  3.127  245.99  239.79  226.71
  66    45.502 55311.65155160 26.53 124.775369  64.933698 17.152  243.72  236.45  224.45
  66    45.964 55311.65155219 25.00 124.781260  64.934505 13.612  243.72  236.45  224.45
  66    46.036 55311.65155278 26.03 124.787152  64.935312 15.481  243.72  236.45  224.45
  67    46.064 55321.56719711 37.92 124.775876  64.934157 28.784  260.54  260.17  258.80
  67    46.214 55321.56719770 35.54 124.781768  64.934964 22.935  260.54  260.17  258.80
  67    45.991 55321.56719829 36.41 124.787660  64.935771 29.895  259.84  259.17  257.85
  68    93.028 55331.48284160 17.42 124.776884  64.935570  9.338  252.64  253.04  254.30
  68    95.497 55331.48284219 21.78 124.782777  64.936377 10.754  252.64  253.04  254.30
  68    94.036 55331.48284278 15.97 124.788670  64.937184 19.278  252.64  253.04  254.30
  69    99.228 55341.39848581 12.17 124.775153  64.936740 16.762  225.02  225.35  227.72
  69    99.205 55341.39848640 20.06 124.781046  64.937547 11.187  225.02  225.35  227.72
  69   100.440 55341.39848699 23.15 124.786939  64.938354  9.362  225.02  225.35  227.72
  71    97.204 55361.22977174 23.98 124.773868  64.937115 12.280  243.23  245.21  243.55
  71    96.327 55361.22977233 27.94 124.779761  64.937922 21.601  243.23  245.21  243.55
  71    97.630 55361.22977292 15.67 124.785654  64.938729   -100  243.23  245.21  243.55
  73    93.201 55381.06104976 10.74 124.772295  64.937827  5.873  243.73  245.19  243.53
  73   100.545 55381.06105035 14.57 124.778188  64.938634  8.441  243.73  245.19  243.53
  74    49.675 55390.97668710 54.24 124.769293  64.938155   -100  242.02  244.76  242.01
  74    49.616 55390.97668769 55.50 124.775186  64.938963 21.326  242.02  244.76  242.01
  74    49.578 55390.97668828 51.27 124.781079  64.939770 24.310  242.02  244.76  242.01
  75    48.226 55400.89232364 49.66 124.771509  64.938023  9.230  240.57  243.26  241.84
  75    48.488 55400.89232423 52.64 124.777402  64.938830   -100  240.57  243.26  241.84
  77    51.469 55420.72362260 24.55 124.775263  64.934883 11.286  241.07  243.53  243.30
  77    51.079 55420.72362319 23.33 124.781155  64.935691  9.736  234.47  235.63  236.94
  77    50.694 55420.72362378 26.30 124.787047  64.936497 12.604  234.47  235.63  236.94
  78    48.061 55430.63926953 47.13 124.775670  64.933896 27.276  246.13  252.83  253.79
  78    47.915 55430.63927012 47.37 124.781562  64.934703   -100  246.13  252.83  253.79
  78    47.525 55430.63927072 53.20 124.787454  64.935510  1.354  246.13  252.83  253.79
  79    93.957 55440.55491402 24.04 124.773610  64.934626 14.661  240.92  244.30  243.37
  79    93.699 55440.55491461 25.01 124.779502  64.935433 13.090  240.92  244.30  243.37
  79    95.049 55440.55491520 22.53 124.785395  64.936239   -100  240.92  244.30  243.37
  80    94.669 55450.47055723 26.07 124.772949  64.936207   -100  236.46  237.68  239.52
  80    94.464 55450.47055782 19.99 124.778842  64.937014 22.873  236.46  237.68  239.52
  80    94.041 55450.47055841  1.89 124.784734  64.937821 18.286  236.46  237.68  239.52
  82    96.083 55470.30184131 19.47 124.772182  64.935606 11.591  235.56  234.20  238.44
  82    92.498 55470.30184190 11.00 124.778074  64.936413 18.914  235.56  234.20  238.44
  82    94.178 55470.30184249  3.71 124.783968  64.937220 12.190  235.56  234.20  238.44
  83    51.200 55480.21748029 24.00 124.778179  64.934598  6.577  246.51  246.81  247.95
  83    50.710 55480.21748088 24.00 124.784072  64.935405  6.943  246.51  246.81  247.95
  83    50.203 55480.21748147 24.67 124.789965  64.936212  8.584  246.51  246.81  247.95
  84    45.939 55490.13311591 39.03 124.776265  64.933236   -100  249.45  248.13  248.68
  84    46.003 55490.13311650 40.13 124.782157  64.934043   -100  249.45  248.13  248.68
  84    46.115 55490.13311709 38.04 124.788050  64.934850   -100  249.45  248.13  248.68
  85    46.061 55500.04874961 27.05 124.776027  64.933697 11.579  244.40  242.50  241.33
  85    46.078 55500.04875020 27.88 124.781920  64.934505 13.050  244.40  242.50  241.33
  85    46.047 55500.04875079 26.73 124.787813  64.935312 11.349  244.40  242.50  241.33
  86    49.098 55509.96439082 21.90 124.772636  64.935104  5.316  249.87  249.11  247.91
  86    46.559 55509.96439141 22.46 124.778529  64.935911  5.533  249.87  249.11  247.91
  86    46.504 55509.96439200 21.99 124.784422  64.936718  4.600  249.87  249.11  247.91
  87    46.455 55519.88004083 17.99 124.773405  64.936902  3.638  246.59  244.10  240.20
  87    46.496 55519.88004142 18.22 124.779298  64.937709  3.993  246.59  244.10  240.20
  87    46.448 55519.88004201 18.31 124.785192  64.938516  3.571  246.59  244.10  240.20
  88    46.575 55529.79568960 17.59 124.772221  64.937328  3.384  243.01  238.83  231.10
  88    46.638 55529.79569019 17.81 124.778114  64.938135  3.944  243.01  238.83  231.10
  88    46.656 55529.79569078 17.96 124.784007  64.938942  3.391  243.01  238.83  231.10
  89    46.648 55539.71133662 17.35 124.771410  64.936985  3.374  240.71  236.10  225.85
  89    46.546 55539.71133721 17.27 124.777303  64.937792  3.506  240.71  236.10  225.85
  89    46.608 55539.71133780 17.44 124.783196  64.938599  3.793  240.71  236.10  225.85
  90    46.466 55549.62698189 16.05 124.774797  64.937484  3.128  239.50  234.16  221.11
  90    46.369 55549.62698248 16.32 124.780690  64.938291  3.357  239.50  234.16  221.11
  91    46.176 55559.54262475 15.12 124.769951  64.937796  2.829  243.33  237.65  223.63
  91    46.170 55559.54262534 15.10 124.775844  64.938603  2.665  243.33  237.65  223.63
  91    46.161 55559.54262593 15.22 124.781738  64.939410  2.909  243.33  237.65  223.63
  92    46.343 55569.45826746 14.44 124.771839  64.939254  2.640  239.08  231.55  214.16
  92    49.450 55569.45826805 14.69 124.777732  64.940061  2.621  239.08  231.55  214.16
  93    46.174 55579.37390862 13.99 124.768370  64.938594  2.723  238.81  231.91  214.94
  93    46.322 55579.37390922 14.01 124.774264  64.939401  2.605  238.81  231.91  214.94
  93    49.274 55579.37390981 14.05 124.780158  64.940208  3.312  238.81  231.91  214.94
  94    46.048 55589.28954757 13.71 124.769957  64.936568  2.591  238.90  231.02  212.92
  94    46.194 55589.28954816 13.67 124.775850  64.937375  2.787  238.90  231.02  212.92
  94    49.191 55589.28954876 13.68 124.781744  64.938182  2.782  238.90  231.02  212.92
  95    46.069 55599.20518387 13.19 124.776359  64.934258  3.246  236.08  227.65  208.08
  95    46.189 55599.20518446 13.04 124.782253  64.935065  2.719  236.08  227.65  208.08
  95    49.314 55599.20518505 12.95 124.788146  64.935872  2.665  236.08  227.65  208.08
  96    50.101 55609.12081712 12.89 124.775968  64.932429  2.705  234.88  225.75  205.92
  96    46.497 55609.12081771 13.13 124.781861  64.933236  2.985  234.88  225.75  205.92
  96    46.334 55609.12081830 13.18 124.787754  64.934043  3.164  234.88  225.75  205.92
  97    46.477 55619.03644923 12.35 124.779420  64.933524  2.701  238.60  229.54  209.94
  97    49.563 55619.03644982 12.22 124.785313  64.934331  2.849  238.60  229.54  209.94
  97    46.725 55619.03645041 12.15 124.791206  64.935138  2.917  238.60  229.54  209.94
  98    46.344 55628.95209766 12.47 124.777218  64.935902  2.997  240.48  231.39  211.70
  98    46.464 55628.95209825 12.07 124.783111  64.936709  2.750  240.48  231.39  211.70
  98    46.595 55628.95209884 12.21 124.789004  64.937516  2.698  240.48  231.39  211.70
  99    46.403 55638.86774814 11.87 124.770765  64.936317  2.875  241.50  232.41  212.65
  99    46.443 55638.86774873 11.46 124.776658  64.937124  2.744  241.50  232.41  212.65
  99    46.393 55638.86774932 11.49 124.782551  64.937931  2.854  241.50  232.41  212.65
 100    46.521 55648.78339720 10.75 124.773864  64.935691  2.201  241.65  233.03  214.99
 100    46.932 55648.78339779 10.97 124.779756  64.936499  2.415  241.65  233.03  214.99
 100    49.810 55648.78339838 10.84 124.785649  64.937305  2.472  241.65  233.03  214.99
 101    46.572 55658.69904279 10.37 124.774026  64.933517  2.615  242.68  234.09  215.58
 101    46.918 55658.69904338 10.35 124.779918  64.934324  2.220  242.68  234.09  215.58
 101    49.226 55658.69904397 10.47 124.785811  64.935131  2.561  242.68  234.09  215.58
 102    47.469 55668.61468489 10.41 124.777077  64.933010  2.380  245.19  238.40  220.73
 102    47.158 55668.61468549 10.56 124.782969  64.933816  2.207  245.19  238.40  220.73
 102    47.294 55668.61468608 10.29 124.788861  64.934623  2.417  245.19  238.40  220.73
 103    48.222 55678.53032419 33.82 124.774376  64.933955 27.462  259.31  256.42  250.88
 103    45.060 55678.53032478 36.25 124.780268  64.934762   -100  259.31  256.42  250.88
 103    45.856 55678.53032537 32.44 124.786160  64.935569 20.089  259.31  256.42  250.88
 104    50.914 55688.44596157 33.84 124.770973  64.935790 16.000  252.24  253.30  254.22
 104    48.565 55688.44596216 35.44 124.776865  64.936597 22.010  252.24  253.30  254.22
 104    45.962 55688.44596275 38.67 124.782758  64.937404 30.268  252.24  253.30  254.22
 104    46.255 55688.44596334 36.32 124.788651  64.938211 23.470  252.24  253.30  254.22
 105    96.843 55698.36159782 14.74 124.770462  64.937129 14.267  237.73  238.65  239.53
 105    95.644 55698.36159841 14.68 124.776354  64.937937  6.643  237.73  238.65  239.53
 105    97.410 55698.36159900 17.83 124.782247  64.938744  8.514  237.73  238.65  239.53
 108    51.307 55728.10853378 24.27 124.772455  64.936477 13.777  229.83  230.14  231.43
 108    51.265 55728.10853437 21.88 124.778348  64.937284  8.160  229.83  230.14  231.43
 108    50.534 55728.10853496 25.38 124.784241  64.938091 15.901  229.83  230.14  231.43
 109    51.024 55738.02418059 26.90 124.771857  64.937434 17.252 -100.00 -100.00 -100.00
 109    50.944 55738.02418118 23.71 124.777751  64.938241  9.888  228.94  226.64  231.05
 109    50.389 55738.02418177 27.35 124.783644  64.939048 17.031  228.94  226.64  231.05
 111    94.577 55757.85546961 23.13 124.772816  64.938595 13.317  246.22  252.76  247.17
 111    95.375 55757.85547020 30.30 124.778710  64.939402  9.511  246.22  252.76  247.17
 112   119.329 55767.77111015  5.41 124.773450  64.936722  4.515  243.30  247.67  245.71
 112   121.338 55767.77111074  4.62 124.779342  64.937529  3.945  243.30  247.67  245.71
 112   119.257 55767.77111133  4.84 124.785235  64.938336  3.895  243.30  247.67  245.71
 114   102.531 55787.60238293 21.24 124.778952  64.933007 11.526  234.30  236.23  235.98
 114    95.200 55787.60238352 25.24 124.784844  64.933814 13.159  234.30  236.23  235.98
 114    95.956 55787.60238411 29.39 124.790736  64.934620   -100  234.30  236.23  235.98
 115    51.549 55797.51801629 25.00 124.776960  64.933421  7.517  242.12  247.56  248.21
 115    50.991 55797.51801688 25.42 124.782851  64.934228  8.838  242.12  247.56  248.21
 115    50.322 55797.51801748 25.65 124.788743  64.935035  7.744  242.12  247.56  248.21
 116    95.065 55807.43365950 22.45 124.775397  64.935262  8.688  242.26  243.47  244.39
 116    93.788 55807.43366009 29.71 124.781289  64.936070 22.663  242.26  243.47  244.39
 116    93.023 55807.43366068 23.33 124.787182  64.936877   -100  242.26  243.47  244.39
 118    51.527 55827.26495392 21.80 124.773789  64.935576  7.157  233.79  234.58  240.18
 118    51.149 55827.26495451 21.35 124.779682  64.936383  5.516  233.79  234.58  240.18
 118    50.631 55827.26495510 22.10 124.785575  64.937190  7.641  233.79  234.58  240.18
 119    48.345 55837.18059500 45.48 124.774842  64.933718 23.578  242.35  243.97  247.56
 119    47.815 55837.18059559 48.45 124.780734  64.934526   -100  236.10  236.55  242.60
 119    47.691 55837.18059618 53.73 124.786627  64.935333 15.806  236.10  236.55  242.60
 120    47.141 55847.09623333 43.59 124.779677  64.933005   -100  235.12  233.92  233.20
 120    46.950 55847.09623392 43.66 124.785570  64.933812   -100  235.12  233.92  233.20
 120    46.841 55847.09623451 47.92 124.791463  64.934619 23.899  235.12  233.92  233.20
 121    46.499 55857.01186848 41.64 124.775379  64.933439   -100  244.49  243.73  242.33
 121    47.036 55857.01186908 41.45 124.781272  64.934247 22.400  244.49  243.73  242.33
 121    46.485 55857.01186967 45.58 124.787165  64.935054   -100  244.49  243.73  242.33
 122    46.741 55866.92751254 36.08 124.772780  64.935709   -100  242.27  239.44  236.39
 122    46.577 55866.92751313 38.47 124.778673  64.936516   -100  242.27  239.44  236.39
 122    46.783 55866.92751372 38.33 124.784567  64.937323   -100  242.27  239.44  236.39
 123    46.473 55876.84316472 23.85 124.770926  64.937832 13.647  242.92  240.22  236.34
 123    46.558 55876.84316531 21.33 124.776820  64.938640  8.876  242.92  240.22  236.34
 123    49.761 55876.84316590 21.81 124.782713  64.939447 10.089  242.92  240.22  236.34
 133    51.509 55975.99959619 13.43 124.775345  64.934099  3.134  234.16  223.23  201.33
 133    50.019 55975.99959678 13.35 124.781238  64.934906  3.282  234.16  223.23  201.33
 133    49.766 55975.99959737 13.20 124.787131  64.935713  2.918  234.16  223.23  201.33
 134    49.447 55985.91523249 13.05 124.774855  64.935628  2.903  233.15  221.91  197.67
 134    49.594 55985.91523308 12.95 124.780748  64.936435  3.080  233.15  221.91  197.67
 134    49.779 55985.91523367 12.95 124.786641  64.937242  2.934  233.15  221.91  197.67
 135    49.622 55995.83086821 12.97 124.773688  64.936002  2.563  234.39  221.43  197.86
 135    47.049 55995.83086880 13.11 124.779581  64.936810  3.292  234.39  221.43  197.86
 135    49.337 55995.83086939 12.96 124.785474  64.937617  3.408  234.35  222.37  199.62
 136    46.828 56005.74651980 12.66 124.772324  64.935213  3.172  234.48  222.79  199.10
 136    51.033 56005.74652039 12.45 124.778216  64.936021  3.481  234.48  222.79  199.10
 136    49.874 56005.74652098 12.10 124.784109  64.936828  2.776  234.48  222.79  199.10
 137    46.579 56015.66216772 12.54 124.774695  64.933988  3.158  235.00  222.00  197.73
 137    49.459 56015.66216831 12.34 124.780587  64.934795  3.205  235.00  222.00  197.73
 137    47.236 56015.66216890 12.15 124.786480  64.935602  2.961  235.00  222.00  197.73
 139    47.247 56035.49345600 11.48 124.777933  64.935634  3.207  244.86  235.05  214.92
 139    49.513 56035.49345659 11.31 124.783826  64.936441  2.849  244.86  235.05  214.92
 141    93.194 56055.32473499 21.30 124.773222  64.938338 11.967  243.49  246.79  248.22
 141    89.382 56055.32473558 23.61 124.779115  64.939145   -100  243.49  246.79  248.22
 142   117.245 56065.24036903  2.81 124.771047  64.937689  8.170  233.37  232.31  236.57
 142   108.821 56065.24036962  1.50 124.776940  64.938496 10.240  233.37  232.31  236.57
 143    99.583 56075.15601407 32.30 124.769446  64.936750   -100  213.83  211.65  216.27
 143    99.324 56075.15601466 21.26 124.775339  64.937557   -100  213.83  211.65  216.27
 143    99.379 56075.15601525 23.09 124.781232  64.938364   -100  213.83  211.65  216.27
 145    50.370 56094.98731093 50.78 124.772989  64.937487  0.092  234.96  238.08  235.50
 145    50.294 56094.98731153 55.09 124.778882  64.938294   -100  234.96  238.08  235.50
 145    50.267 56094.98731212 53.35 124.784776  64.939101   -100  234.96  238.08  235.50
 146    96.728 56104.90295568 24.34 124.771221  64.937406 10.603  236.91  241.58  238.40
 146    97.122 56104.90295627 28.57 124.777114  64.938213 14.059  236.91  241.58  238.40
 146    96.892 56104.90295686 28.57 124.783007  64.939020   -100  236.91  241.58  238.40
 149   117.003 56134.64985876  2.73 124.776210  64.934228  6.964  238.96  243.31  240.76
 149    91.095 56134.64985935 15.76 124.782102  64.935035 10.684  238.96  243.31  240.76
 149    90.588 56134.64985994 13.23 124.787994  64.935842  7.318  238.96  243.31  240.76
 151    48.161 56154.48114961 40.31 124.776601  64.934643   -100  241.68  247.25  248.74
 151    48.232 56154.48115020 40.10 124.782493  64.935450   -100  241.68  247.25  248.74
 151    48.046 56154.48115079 42.47 124.788386  64.936257   -100  241.68  247.25  248.74
 152    96.083 56164.39679867 26.71 124.775750  64.935911 18.002  239.92  241.59  242.53
 152    95.459 56164.39679926 32.95 124.781643  64.936718   -100  239.92  241.59  242.53
 152    95.293 56164.39679985 20.94 124.787536  64.937525  6.083  239.92  241.59  242.53
 153    94.536 56174.31244530  8.33 124.772310  64.936149  5.944  237.88  242.48  242.23
 153    92.035 56174.31244589 11.13 124.778203  64.936957  7.200  237.88  242.48  242.23
 153    93.505 56174.31244648 14.10 124.784096  64.937763  8.261  237.88  242.48  242.23
 154    96.540 56184.22808716 22.53 124.773224  64.935784  9.647  237.55  238.39  240.48
 154    94.659 56184.22808775 28.85 124.779117  64.936591 22.640  237.55  238.39  240.48
 154    95.854 56184.22808834 24.36 124.785011  64.937398   -100  237.55  238.39  240.48
 155    96.750 56194.14372557 18.21 124.777991  64.935237  8.297  234.92  233.80  238.48
 155    95.058 56194.14372616 23.47 124.783884  64.936044 14.267  234.92  233.80  238.48
 155    96.066 56194.14372675 12.70 124.789777  64.936850 17.569  234.92  233.80  238.48
 156    96.417 56204.05936052 22.39 124.776284  64.934521 10.471  233.90  233.14  237.03
 156    93.684 56204.05936111 27.24 124.782176  64.935328 25.682  233.90  233.14  237.03
 156    95.020 56204.05936170 15.75 124.788070  64.936135   -100  233.90  233.14  237.03
 157   115.886 56213.97499460  1.57 124.780881  64.935943  2.900  238.27  237.18  241.95
 157    95.961 56213.97499519  5.74 124.786774  64.936750  4.095  238.27  237.18  241.95
 158    47.729 56223.89062893 42.71 124.775579  64.936766 23.630  243.21  242.26  244.98
 158    47.178 56223.89062952 46.19 124.781472  64.937573   -100  243.21  242.26  244.98
 158    46.887 56223.89063011 45.28 124.787365  64.938381  1.909  243.21  242.26  244.98
 159    46.445 56233.80628449 37.59 124.770388  64.937659   -100  248.02  247.13  246.35
 159    46.693 56233.80628508 38.93 124.776281  64.938466 30.657  248.02  247.13  246.35
 159    46.494 56233.80628567 37.53 124.782174  64.939273   -100  248.02  247.13  246.35
 160    46.255 56243.72193659 27.42 124.771343  64.938099  9.572  241.03  238.75  237.56
 160    46.331 56243.72193718 26.79 124.777236  64.938907  8.625  241.03  238.75  237.56
 161    46.684 56253.63758364 29.91 124.769764  64.937441 14.447  236.64  233.20  228.49
 161    46.831 56253.63758423 29.98 124.775657  64.938248 14.576  236.64  233.20  228.49
 161    46.701 56253.63758482 26.66 124.781550  64.939055  8.069  236.64  233.20  228.49
 162    46.788 56263.55322663 26.00 124.770838  64.937356  9.516  236.33  232.98  227.15
 162    46.762 56263.55322722 28.29 124.776730  64.938163 13.573  236.33  232.98  227.15
 162    46.734 56263.55322781 24.74 124.782624  64.938970  8.049  236.33  232.98  227.15
 164    49.336 56283.38451151 19.93 124.774374  64.937572  4.485  234.59  230.25  222.04
 164    46.886 56283.38451210 19.99 124.780268  64.938379  4.875  234.59  230.25  222.04
 165    46.817 56293.30016306 18.85 124.774318  64.936781  3.995  236.96  232.76  223.87
 165    46.820 56293.30016365 18.84 124.780211  64.937588  3.750  236.96  232.76  223.87
 165    46.586 56293.30016424 18.67 124.786105  64.938395  3.990  236.96  232.76  223.87
 166    46.455 56303.21581036 18.59 124.776314  64.935689  4.468  231.95  226.83  216.15
 166    46.561 56303.21581095 19.32 124.782207  64.936496  5.682  231.95  226.83  216.15
 166    49.589 56303.21581154 18.06 124.788101  64.937303  4.248  231.95  226.83  216.15
 167    46.446 56313.13145350 17.19 124.777595  64.935108  4.134  234.89  229.56  218.10
 167    46.440 56313.13145409 17.55 124.783489  64.935915  4.696  234.89  229.56  218.10
 167    50.655 56313.13145468 16.72 124.789382  64.936722  3.345  234.89  229.56  218.10
 168    46.496 56323.04709417 16.66 124.775018  64.935163  3.414  234.79  229.28  216.77
 168    46.419 56323.04709476 17.07 124.780912  64.935970  4.585  234.79  229.28  216.77
 168    46.395 56323.04709535 16.56 124.786806  64.936777  3.499  234.79  229.28  216.77
 169    46.097 56332.96273425 16.73 124.772399  64.935789  4.135  234.13  227.70  214.90
 169    46.236 56332.96273484 17.04 124.778293  64.936597  5.436  234.13  227.70  214.90
 169    46.519 56332.96273544 16.07 124.784186  64.937403  3.884  234.13  227.70  214.90
 170    46.457 56342.87837420 15.09 124.773901  64.936215  3.382  235.89  229.13  215.65
 170    46.804 56342.87837479 15.13 124.779794  64.937022  3.911  235.89  229.13  215.65
 170    47.930 56342.87837538 15.11 124.785687  64.937829  3.334  235.89  229.13  215.65
 171    46.441 56352.79401146 14.60 124.772317  64.935277  3.795  238.08  231.09  217.53
 171    46.905 56352.79401206 14.55 124.778209  64.936084  3.639  238.08  231.09  217.53
 171    46.622 56352.79401265 14.37 124.784102  64.936891  3.038  238.08  231.09  217.53
 172    46.330 56362.70965346 14.28 124.776556  64.934948  3.312  236.11  228.85  213.52
 172    51.037 56362.70965405 14.04 124.782448  64.935756  3.932  236.11  228.85  213.52
 172    46.736 56362.70965464 14.15 124.788341  64.936563  3.972  236.11  228.85  213.52
 173    46.435 56372.62530224 14.46 124.773091  64.934688  4.716  240.33  234.31  218.49
 173    46.891 56372.62530283 13.74 124.778983  64.935495  3.550  240.33  234.31  218.49
 173    50.903 56372.62530342 13.65 124.784876  64.936302  3.394  240.33  234.31  218.49
 175    47.607 56392.45659311 12.55 124.771906  64.937569  2.994  247.62  240.73  226.37
 175    46.928 56392.45659370 12.80 124.777799  64.938376  3.534  247.62  240.73  226.37
 175    46.455 56392.45659429 13.21 124.783692  64.939182  3.715  247.62  240.73  226.37
 176    48.803 56402.37223583 25.28 124.771463  64.938337 16.240  265.18  264.22  263.75
 176    48.630 56402.37223642 24.96 124.777356  64.939145 12.190  265.18  264.22  263.75
 177    88.164 56412.28787541 20.89 124.768208  64.937805 18.723  247.07  247.81  251.35
 177    90.048 56412.28787600 24.96 124.774101  64.938612 11.921  247.07  247.81  251.35
 177    91.403 56412.28787660 25.53 124.779994  64.939419 18.275  247.07  247.81  251.35
 178    92.127 56422.20351051  7.11 124.770595  64.937189 12.152  255.24  255.48  257.99
 178    91.912 56422.20351110 10.79 124.776488  64.937997  8.388  255.24  255.48  257.99
 178    89.778 56422.20351169 14.14 124.782382  64.938804  5.749  255.24  255.48  257.99
 179    99.082 56432.11915162 17.23 124.770959  64.936991 14.339  220.73  216.41  222.78
 179   100.595 56432.11915221 18.01 124.776852  64.937798  9.118  220.73  216.41  222.78
 179   100.585 56432.11915280 18.62 124.782745  64.938606 18.196  220.73  216.41  222.78
 180    97.318 56442.03480419 30.19 124.769989  64.937626 22.400  229.83  228.32  231.79
 180    96.805 56442.03480478 31.32 124.775882  64.938433   -100  229.83  228.32  231.79
 180    96.816 56442.03480537 15.17 124.781776  64.939240   -100  229.83  228.32  231.79
 181    51.472 56451.95045410 27.27 124.767994  64.937936 16.410  225.88  225.52  229.62
 181    50.863 56451.95045469 27.38 124.773887  64.938743 17.683  225.88  225.52  229.62
 181    50.604 56451.95045528 27.88 124.779780  64.939550 18.725  225.88  225.52  229.62
 182    50.424 56461.86610223 28.49 124.773552  64.937993  6.005  237.51  241.44  239.07
 182    50.384 56461.86610282 29.59 124.779445  64.938800  6.843  237.51  241.44  239.07
 184    51.349 56481.69738735 24.69 124.775569  64.934988  6.876  233.25  235.03  238.20
 184    50.286 56481.69738794 25.23 124.781461  64.935795  6.690  233.25  235.03  238.20
 184    50.450 56481.69738853 27.78 124.787353  64.936601 12.543  233.25  235.03  238.20
 185    51.276 56491.61302436 27.55 124.775179  64.934517 13.508  240.41  247.67  242.57
 185    50.872 56491.61302495 26.82 124.781071  64.935324 11.049  240.41  247.67  242.57
 185    50.242 56491.61302554 30.39 124.786964  64.936130 19.816  240.41  247.67  242.57
 187    97.536 56511.44429192 28.84 124.772930  64.935530 31.189  240.29  241.34  241.53
 187    97.336 56511.44429251 34.04 124.778822  64.936337   -100  240.29  241.34  241.53
 187    97.107 56511.44429310 29.74 124.784715  64.937145  3.219  240.29  241.34  241.53
 188    97.608 56521.35993735 28.67 124.771518  64.935541 19.790  240.91  244.36  242.79
 188    97.748 56521.35993794 33.23 124.777410  64.936348   -100  240.91  244.36  242.79
 188    97.522 56521.35993853 23.84 124.783303  64.937156  6.997  240.91  244.36  242.79
 192    94.917 56561.02252747 24.77 124.771129  64.936388 11.117  233.65  233.04  237.86
 192    93.876 56561.02252806 28.93 124.777022  64.937195 28.876  233.65  233.04  237.86
 192    95.615 56561.02252865 24.39 124.782916  64.938002   -100  233.65  233.04  237.86
 193    93.667 56570.93816916 22.65 124.770425  64.938134 11.773  235.15  234.00  238.44
 193    95.381 56570.93816975 20.46 124.776318  64.938941 10.588  235.15  234.00  238.44
 193    93.092 56570.93817034 27.03 124.782212  64.939748   -100  235.15  234.00  238.44
 194    46.801 56580.85380932 40.69 124.770339  64.938978   -100  246.01  244.58  245.65
 194    46.643 56580.85380991 41.17 124.776233  64.939785   -100  246.01  244.58  245.65
 195    46.604 56590.76944553 28.35 124.773198  64.938233 12.549  249.35  248.26  248.30
 195    46.697 56590.76944612 26.88 124.779092  64.939041  9.643  249.35  248.26  248.30
 196    46.291 56600.68509295 17.49 124.772397  64.936965  3.751  246.71  244.01  242.15
 196    46.229 56600.68509354 18.13 124.778290  64.937773  4.638  246.71  244.01  242.15
 196    46.183 56600.68509413 18.68 124.784183  64.938580  5.648  246.71  244.01  242.15
 197    46.797 56610.60074323 17.72 124.773858  64.936965  5.510  245.94  243.57  239.88
 197    46.602 56610.60074382 17.31 124.779751  64.937772  4.312  245.94  243.57  239.88
 197    46.563 56610.60074441 16.85 124.785644  64.938579  3.923  245.94  243.57  239.88
 198    46.578 56620.51638849 14.56 124.770973  64.937572  2.902  248.78  246.10  240.28
 198    46.650 56620.51638908 14.97 124.776866  64.938380  3.802  248.78  246.10  240.28
 198    46.399 56620.51638967 15.07 124.782760  64.939187  4.106  248.78  246.10  240.28
 199    46.663 56630.43203059 13.50 124.767250  64.937874  3.191  247.87  245.07  237.06
 199    46.634 56630.43203118 13.56 124.773143  64.938681  3.560  247.87  245.07  237.06
 199    46.548 56630.43203177 13.69 124.779036  64.939488  3.349  247.87  245.07  237.06
 200    46.728 56640.34766955 13.42 124.769048  64.937226  2.852  243.76  239.27  228.99
 200    46.630 56640.34767014 13.55 124.774941  64.938033  3.045  243.76  239.27  228.99
 200    49.490 56640.34767073 13.99 124.780835  64.938840  3.539  243.76  239.27  228.99
 201    46.597 56650.26331672 13.71 124.775938  64.935944  3.262  246.03  241.00  228.62
 201    46.663 56650.26331731 14.08 124.781832  64.936751  3.711  246.03  241.00  228.62
 201    46.577 56650.26331790 13.94 124.787725  64.937558  3.710  246.03  241.00  228.62
 202    46.681 56660.17896753 13.28 124.777550  64.934361  3.125  240.26  233.79  218.29
 202    46.760 56660.17896812 13.65 124.783444  64.935168  3.712  240.26  233.79  218.29
 202    46.829 56660.17896871 13.29 124.789337  64.935975  3.016  240.26  233.79  218.29
 203    49.619 56670.09461488 12.73 124.779217  64.934643  2.899  237.35  230.43  213.56
 203    49.485 56670.09461547 12.96 124.785111  64.935450  3.100  237.35  230.43  213.56
 205    46.570 56689.92590264 12.18 124.772775  64.937612  2.978  235.43  226.40  206.74
 205    46.544 56689.92590323 12.31 124.778669  64.938419  2.915  235.43  226.40  206.74
 205    49.431 56689.92590382 12.47 124.784563  64.939226  3.413  235.43  226.40  206.74
 206    46.641 56699.84154252 11.41 124.770421  64.937109  2.758  239.34  231.37  211.26
 206    49.017 56699.84154311 11.50 124.776315  64.937917  2.821  239.34  231.37  211.26
 206    46.599 56699.84154370 11.68 124.782208  64.938724  3.062  239.34  231.37  211.26
 207    47.030 56709.75717833 11.84 124.775472  64.935771  3.519  238.52  228.78  207.71
 207    46.624 56709.75717892 11.88 124.781365  64.936578  3.041  238.52  228.78  207.71
 207    46.630 56709.75717951 11.83 124.787258  64.937385  3.160  238.52  228.78  207.71
 208    46.663 56719.67281931 11.98 124.776278  64.934608  3.028  238.96  228.81  207.27
 208    46.754 56719.67281990 11.72 124.782171  64.935415  3.308  238.96  228.81  207.27
 208    46.925 56719.67282049 11.93 124.788063  64.936222  3.460  238.76  229.69  209.45
 209    46.730 56729.58847137 11.96 124.774044  64.935277  9.042  243.05  233.90  213.66
 209    47.272 56729.58847196 11.62 124.779936  64.936084  9.967  243.05  233.90  213.66
 209    47.162 56729.58847255 11.91 124.785829  64.936891  7.977  243.05  233.90  213.66
 211    47.586 56749.41976404 10.47 124.770473  64.939655  2.808  245.66  236.53  217.72
 211    47.151 56749.41976463 10.40 124.776367  64.940462  2.572  245.66  236.53  217.72
 212    49.015 56759.33540360 23.10 124.769696  64.939786 15.164  256.01  258.38  259.87
 212    48.621 56759.33540419 23.69 124.775590  64.940593 16.014  256.01  258.38  259.87
 213    49.166 56769.25103661 35.05 124.767625  64.937758 27.830 -100.00 -100.00 -100.00
 213    49.173 56769.25103720 29.76 124.773518  64.938566 10.686  260.63  260.20  261.37
 213    49.304 56769.25103779 29.75 124.779412  64.939373 12.367  260.63  260.20  261.37
 214    48.989 56779.16668614 28.38 124.770089  64.936731 16.602  257.56  253.01  245.94
 214    49.293 56779.16668673 26.43 124.775982  64.937539 12.234  257.56  253.01  245.94
 214    49.537 56779.16668732 26.81 124.781876  64.938346 11.151  257.56  253.01  245.94
 215    96.834 56789.08234169  5.72 124.769488  64.936674  6.196  237.82  235.68  237.19
 215    94.613 56789.08234228  7.55 124.775382  64.937481  6.721  237.82  235.68  237.19
 215    96.971 56789.08234287  4.56 124.781275  64.938288  5.212  237.82  235.68  237.19
 216    97.974 56798.99799399 26.44 124.769897  64.937881   -100  218.57  215.98  220.43
 216    97.856 56798.99799458 27.12 124.775791  64.938688 31.864  218.57  215.98  220.43
 216    97.357 56798.99799517  8.13 124.781685  64.939494 21.333  218.57  215.98  220.43
 217    96.859 56808.91363983 28.70 124.766907  64.938610   -100  226.68  229.36  228.98
 217    96.311 56808.91364042 23.06 124.772801  64.939417  1.330  226.68  229.36  228.98
 217    96.241 56808.91364101 11.20 124.778695  64.940224   -100  226.68  229.36  228.98
 219    96.528 56828.74491747 29.13 124.772003  64.936423 31.213  235.13  239.80  236.06
 219    96.433 56828.74491806 34.22 124.777895  64.937230   -100  235.13  239.80  236.06
 219    95.979 56828.74491865 23.44 124.783788  64.938036 15.306  235.13  239.80  236.06
 220    51.016 56838.66055139 26.47 124.776745  64.934310 18.231  234.47  238.79  236.63
 220    50.872 56838.66055198 25.08 124.782637  64.935117 11.047  234.47  238.79  236.63
 220    50.570 56838.66055257 30.65 124.788529  64.935924 26.283  234.47  238.79  236.63
 221    48.503 56848.57618261 51.50 124.777740  64.933516   -100  242.60  248.04  244.06
 221    48.246 56848.57618320 55.48 124.783632  64.934323 25.997  242.60  248.04  244.06
 221    48.149 56848.57618379 57.63 124.789524  64.935130   -100  242.60  248.04  244.06
 223    47.854 56868.40749064 49.38 124.773461  64.937631   -100  249.49  252.55  250.68
 223    47.848 56868.40749123 54.12 124.779354  64.938438   -100  249.49  252.55  250.68
 224    47.989 56878.32314182 44.17 124.769378  64.937870   -100  242.33  245.87  245.18
 224    47.950 56878.32314241 44.30 124.775271  64.938678   -100  242.33  245.87  245.18
 224    47.744 56878.32314300 41.03 124.781165  64.939484   -100  242.33  245.87  245.18
 225    50.924 56888.23879049 23.70 124.774392  64.937581  7.928  250.11  254.85  252.12
 225    50.184 56888.23879108 24.48 124.780285  64.938388  8.778  250.11  254.85  252.12
 227    47.630 56908.07007908 54.27 124.776009  64.936721  1.578  236.14  234.65  238.11
 227    47.801 56908.07007967 54.86 124.781903  64.937528  3.100  236.14  234.65  238.11
 227    47.457 56908.07008026 54.69 124.787797  64.938334 19.365  236.14  234.65  238.11
 228   112.518 56917.98571969 17.79 124.771465  64.938149  8.382  231.43  231.52  235.54
 228    91.563 56917.98572028 25.22 124.777358  64.938956 30.143  231.43  231.52  235.54
 230    48.258 56937.81699315 44.11 124.766774  64.939710 20.310  233.47  232.13  236.40
 230    47.829 56937.81699374 48.28 124.772667  64.940518 32.284  233.47  232.13  236.40
 231    46.781 56947.73262562 44.26 124.770460  64.938220 31.765  242.14  240.68  242.62
 231    46.613 56947.73262621 44.89 124.776353  64.939027   -100  242.14  240.68  242.62
 232    45.849 56957.64827914 36.88 124.770889  64.936648   -100  245.95  244.77  245.18
 232    45.683 56957.64827973 38.11 124.776781  64.937455   -100  245.95  244.77  245.18
 232    45.779 56957.64828032 35.26 124.782674  64.938262 30.509  245.95  244.77  245.18
 233    45.659 56967.56392748 22.02 124.772372  64.936218  8.813  247.21  245.80  244.04
 233    45.625 56967.56392807 21.45 124.778264  64.937025  6.621  247.21  245.80  244.04
 233    45.509 56967.56392866 22.75 124.784157  64.937832  9.798  247.21  245.80  244.04
 234    46.326 56977.47957170 18.95 124.771772  64.936926  5.973  245.56  243.11  239.31
 234    46.141 56977.47957229 19.75 124.777665  64.937733  7.654  245.56  243.11  239.31
 234    46.176 56977.47957288 18.69 124.783558  64.938540  5.500  245.56  243.11  239.31
 235    46.572 56987.39521122 15.78 124.768882  64.937465  2.836  244.59  241.26  236.60
 235    46.329 56987.39521181 16.21 124.774775  64.938272  3.527  244.59  241.26  236.60
 235    46.666 56987.39521240 16.25 124.780669  64.939079  3.720  244.59  241.26  236.60
 236    46.437 56997.31084509 15.56 124.770307  64.936928  3.180  241.27  237.16  229.51
 236    46.784 56997.31084568 15.34 124.776200  64.937735  2.899  241.27  237.16  229.51
 236    46.488 56997.31084627 15.55 124.782093  64.938542  3.315  241.27  237.16  229.51
 237    46.506 57007.22649196 14.59 124.772546  64.935519  2.630  238.93  232.71  221.09
 237    49.475 57007.22649255 14.78 124.778439  64.936327  3.660  238.93  232.71  221.09
 237    48.717 57007.22649314 14.51 124.784333  64.937134  3.239  238.93  232.71  221.09
 238    46.592 57017.14214597 14.21 124.775700  64.934392  2.709  241.62  236.21  223.75
 238    46.551 57017.14214656 14.31 124.781593  64.935199  3.164  241.62  236.21  223.75
 238    47.083 57017.14214715 14.32 124.787486  64.936006  3.322  241.62  236.21  223.75
 239    46.936 57027.05779612 13.71 124.775143  64.934240  2.918  238.71  232.23  218.33
 239    47.167 57027.05779671 13.91 124.781036  64.935047  2.941  238.71  232.23  218.33
 239    46.786 57027.05779730 14.02 124.786929  64.935854  3.074  238.71  232.23  218.33
 240    46.736 57036.97344449 13.00 124.774217  64.935959  2.539  238.47  232.17  216.74
 240    46.765 57036.97344508 13.32 124.780110  64.936766  2.949  238.47  232.17  216.74
 240    46.614 57036.97344567 13.57 124.786004  64.937573  3.155  238.47  232.17  216.74
 241    46.532 57046.88909018 12.83 124.772497  64.937519  2.472  240.66  233.23  216.25
 241    46.841 57046.88909077 12.92 124.778390  64.938326  2.962  240.66  233.23  216.25
 241    46.739 57046.88909136 13.08 124.784284  64.939133  2.901  240.66  233.23  216.25
 242    46.738 57056.80473212 12.33 124.770078  64.937638  2.701  240.07  231.26  212.37
 242    47.003 57056.80473271 12.35 124.775972  64.938445  2.486  240.07  231.26  212.37
 242    46.879 57056.80473330 12.64 124.781865  64.939252  3.105  239.30  231.43  214.47
 243    46.741 57066.72036904 11.96 124.772560  64.936611  2.468  242.56  235.71  219.39
 243    46.795 57066.72036963 12.50 124.778453  64.937418  3.678  242.56  235.71  219.39
 243    46.991 57066.72037022 12.41 124.784346  64.938225  3.395  242.56  235.71  219.39
 244    47.055 57076.63600141 11.93 124.773057  64.935500  3.019  241.67  232.96  214.37
 244    47.100 57076.63600200 11.88 124.778949  64.936307  3.183  241.67  232.96  214.37
 244    47.275 57076.63600259 11.78 124.784842  64.937114  2.889  241.16  233.53  216.68
 245    47.182 57086.55163130 11.84 124.775194  64.935532  3.353  240.02  230.16  211.39
 245    47.208 57086.55163190 11.38 124.781086  64.936339  2.705  240.02  230.16  211.39
 245    47.312 57086.55163249 12.05 124.786979  64.937146  3.951  240.02  230.16  211.39
 246    46.958 57096.46728989 11.47 124.770084  64.937339  2.441  245.44  237.69  221.10
 246    47.111 57096.46729048 11.48 124.775977  64.938146  2.993  245.44  237.69  221.10
 246    47.069 57096.46729107 11.54 124.781870  64.938953  3.224  245.10  238.62  223.31
 247    47.567 57106.38294577 13.81 124.766176  64.939003  3.035  252.85  254.39  255.49
 247    51.570 57106.38294636 13.61 124.772070  64.939811  3.085  252.85  254.39  255.49
 247    50.138 57106.38294695 13.34 124.777963  64.940618  2.739  252.85  254.39  255.49
 248    48.874 57116.29859747 10.90 124.768795  64.939926  2.303  235.17  225.82  209.56
 248    47.492 57116.29859806 10.94 124.774689  64.940733  2.465  235.17  225.82  209.56
 249    49.315 57126.21424276 11.43 124.771239  64.939009  3.145  242.21  234.85  221.42
 249    48.696 57126.21424335 11.79 124.777133  64.939817  3.297  242.21  234.85  221.42
 250    48.993 57136.12988271 22.17 124.774192  64.937692 10.660  248.54  243.67  233.80
 250    48.705 57136.12988330 23.60 124.780085  64.938500 12.759  248.54  243.67  233.80
