# NaN NaN NaN ;Mean Elev.(m), Avg Gradient(m/km), RMS Gradient(m/km) - SRTM1     
#   57.729  -0.904   2.528 ;Mean Elev.(m), Avg Gradient(m/km), RMS Gradient(m/km) - ASTER GDEM
#   34.007  -0.754   8.034 ;Mean Elev.(m), Avg Gradient(m/km), RMS Gradient(m/km) - GMTED2010 
   1 128.219483  63.566320    68.771    68.584  6 54659.17017061 23.857
   2 128.206329  63.563398    68.215    67.545 11 54669.08581536 26.991
   3 128.201828  63.563584   -14.838   -13.748 11 54679.00145914  9.207
   4 128.198644  63.564204    69.776    69.622 12 54688.91710186 24.478
   5 128.198346  63.564307   -12.350   -11.947 12 54698.83274272 10.440
   6 128.205232  63.564411    67.673    67.658 11 54708.74838677 39.815
   7 128.207430  63.563378    -1.222    -0.833 11 54718.66403839  4.082
   8 128.218854  63.564438    69.609    69.514  7 54728.57968850 54.121
   9 128.218821  63.564561    67.887    67.893  7 54738.49533597 49.172
  10 128.206825  63.563287    67.741    67.014 11 54748.41098214 30.984
  11 128.201145  63.563325    66.219    66.186 12 54758.32662871 49.359
  12 128.204030  63.563844    65.831    65.850 11 54768.24227392 45.227
  13 128.214777  63.564473    64.836    64.864  8 54778.15791648 40.161
  14 128.220470  63.563896    64.612    65.019  7 54788.07355600 37.816
  15 128.220941  63.563546    64.085    64.532  7 54797.98919398 36.910
  17 128.215773  63.564566    65.027    65.234  8 54817.82046874 25.719
  18 128.205215  63.563527    64.825    65.003 11 54827.73611793 23.779
  19 128.201872  63.563423    64.572    64.691 11 54837.65175655 22.594
  20 128.199074  63.563845    64.691    64.879 12 54847.56740564 20.892
  21 128.196079  63.564352    64.787    64.744 12 54857.48305421 20.307
  22 128.194886  63.565209    64.801    64.785 12 54867.39870308 19.210
  23 128.198176  63.565736    64.719    64.793 12 54877.31435168 18.606
  24 128.197607  63.564087    64.629    64.664 12 54887.22999670 18.413
  25 128.206504  63.564047    64.694    64.745 11 54897.14563933 18.526
  26 128.207295  63.563204    64.867    64.881 10 54907.06127846 17.110
  27 128.203335  63.562422    64.799    64.861 11 54916.97691590 16.521
  28 128.205192  63.563181    64.998    64.966 11 54926.89255384 15.620
  29 128.208351  63.563464    65.092    64.941 10 54936.80819122 15.095
  30 128.213956  63.563373    64.885    64.798  8 54946.72382695 40.657
  31 128.219744  63.562669    65.639    65.674  7 54956.63946068 43.606
  32 128.220605  63.562766    69.579    69.411  7 54966.55510935 34.116
  33 128.219160  63.563452    69.819    69.667  6 54976.47075697 29.803
  34 128.216902  63.564568    70.809    70.822  8 54986.38640459 40.919
  35 128.203384  63.562824    70.881    70.962 11 54996.30205101 28.485
  36 128.204269  63.563670    69.347    69.388 11 55006.21769736 38.418
  37 128.200049  63.563299    68.652    68.681 12 55016.13334091 38.058
  38 128.200741  63.564189    67.720    67.731 12 55026.04898358 44.449
  39 128.199321  63.565018    68.768    69.226 12 55035.96462554 28.218
  40 128.200226  63.565234    67.362    66.643 12 55045.88026679 32.858
  41 128.199444  63.563359    69.616    69.570 12 55055.79590588 25.384
  42 128.213064  63.563483    67.487    67.497  8 55065.71154417 37.641
  43 128.213792  63.562647    67.679    67.714  8 55075.62719277 52.287
  44 128.213348  63.563146    68.629    68.524  8 55085.54284062 27.426
  45 128.207938  63.563454    68.170    68.207 10 55095.45848643 53.115
  46 128.206944  63.563994    67.425    67.413 11 55105.37413248 38.625
  47 128.206245  63.563458    68.550    68.786 11 55115.28977820 28.637
  48 128.217653  63.564585    66.494    66.567  7 55125.20542278 39.233
  49 128.214853  63.562979    65.611    65.663  8 55135.12106315 41.997
  50 128.220300  63.563978    65.256    65.061  7 55145.03670233 38.922
  51 128.216253  63.564082    65.430    64.943  8 55154.95233980 35.669
  52 128.213851  63.564390    65.812    65.192  8 55164.86797770 32.610
  53 128.205591  63.562982    65.382    65.185 11 55174.78361468 26.538
  54 128.213549  63.564238    65.910    65.569  8 55184.69925533 25.694
  55 128.206262  63.563586    65.995    65.546 11 55194.61490571 24.649
  56 128.200757  63.564113    65.396    65.064 12 55204.53055511 24.490
  57 128.197791  63.565275    65.608    65.112 13 55214.44620419 24.066
  58 128.195223  63.565160    66.012    66.139 12 55224.36185271 22.449
  59 128.199224  63.564401    65.623    64.849 12 55234.27750001 21.492
  60 128.205718  63.562937    65.552    64.911 10 55244.19314422 20.959
  61 128.218068  63.563832    64.821    64.805  7 55254.10878613 20.918
  62 128.218355  63.564491    65.214    65.096  7 55264.02442496 19.010
  63 128.203159  63.563057    65.887    65.737 11 55273.94006120 18.578
  64 128.206264  63.564152    65.658    65.672 11 55283.85569884 18.042
  65 128.217728  63.564733    65.508    65.273  7 55293.77133573 18.143
  66 128.218421  63.562274    66.413    64.999  7 55303.68697258 17.567
  67 128.222680  63.562495    67.659    65.883  6 55313.60262043 20.333
  68 128.218590  63.562976    64.952    64.939  7 55323.51826552 46.529
  69 128.213590  63.564181    66.978    66.835  8 55333.43390935 45.580
  70 128.203522  63.563658    71.622    71.611 10 55343.34955246 56.512
  71 128.202410  63.563387    68.967    68.984 11 55353.26519599 40.108
  72 128.205952  63.563546    70.017    70.016 11 55363.18083783 24.473
  73 128.205834  63.563481    68.616    68.650 11 55373.09647744 38.115
  74 128.201107  63.563365    68.529    67.703 12 55383.01211527 28.710
  75 128.199547  63.563919    68.980    69.008 12 55392.92775264 36.429
  76 128.205244  63.564619    68.792    69.017 11 55402.84338909 26.596
  77 128.203348  63.562769    68.554    68.073 11 55412.75904056 34.942
  78 128.214843  63.562922    67.987    68.118  8 55422.67469076 39.154
  79 128.221240  63.562937    67.318    67.397  7 55432.59033785 34.804
  80 128.218654  63.563689    67.783    67.661  7 55442.50598233 32.841
  81 128.206343  63.563230    67.597    67.606 11 55452.42162437 49.270
  82 128.201690  63.563475    68.265    68.979 11 55462.33726641 26.896
  83 128.203223  63.562382    69.119    69.050 11 55472.25290714 24.620
  84 128.214554  63.562234    65.223    65.265  8 55482.16854599 30.801
  85 128.223859  63.562348    65.495    65.497  7 55492.08418242 44.510
  86 128.222944  63.562689    64.424    64.462  6 55501.99981615 37.556
  87 128.213422  63.563380    64.760    64.820  8 55511.91546022 34.730
  88 128.205756  63.564188    64.750    64.885 11 55521.83110913 24.538
  89 128.201239  63.563936    65.008    64.893 11 55531.74675695 21.182
  90 128.204336  63.563951    64.684    64.610 11 55541.66240386 19.431
  91 128.204928  63.563721    65.169    64.678 11 55551.57804848 17.621
  92 128.199088  63.563464    65.222    64.831 12 55561.49369110 16.760
  93 128.200786  63.565096    65.861    64.906 12 55571.40933387 16.817
  94 128.198847  63.564566    65.219    64.763 12 55581.32497500 16.909
  95 128.206227  63.563726    64.987    64.863 11 55591.24061384 15.972
  96 128.221078  63.563422    64.699    64.699  7 55601.15625017 15.166
  97 128.223095  63.561676    65.387    64.945  7 55611.07188298 15.604
  98 128.225174  63.562533    64.576    64.496  5 55620.98751513 15.224
  99 128.218158  63.564231    65.720    65.158  7 55630.90316741 13.942
 100 128.205335  63.563126    66.314    65.733 11 55640.81881686 13.605
 101 128.214221  63.564146    66.216    65.564  8 55650.73446585 13.485
 102 128.215423  63.562124    66.842    66.695  8 55660.65011024 12.780
 103 128.222312  63.562625    68.962    68.473  6 55670.56575205  9.632
 104 128.218809  63.563043    64.523    64.435  7 55680.48139117 38.728
 105 128.212118  63.563806    65.961    65.926  8 55690.39702823 45.812
 106 128.204774  63.563564    70.783    70.888 11 55700.31266357 36.603
 107 128.205769  63.563703    68.347    68.364 11 55710.22830325 54.164
 108 128.202676  63.562808    70.236    69.842 11 55720.14395309 24.607
 109 128.203528  63.563178    69.292    69.289 11 55730.05960115 41.232
 110 128.204120  63.563942    68.503    68.395 11 55739.97524786 26.186
 111 128.205019  63.564857    67.911    67.824 11 55749.89089334 47.931
 112 128.205327  63.564595    67.093    67.097 11 55759.80653628 47.409
 113 128.207567  63.563491    66.300    66.221 11 55769.72217647 28.971
 114 128.221670  63.564045    68.141    68.028  7 55779.63781461 30.353
 115 128.223191  63.562623    68.250    68.253  6 55789.55344891 37.534
 116 128.222970  63.562517    67.306    67.298  6 55799.46908203 46.741
 117 128.218881  63.563600    67.109    66.935  8 55809.38472862 40.000
 118 128.215037  63.564362    67.484    67.447  8 55819.30037736 38.829
 119 128.213703  63.563556    67.094    67.037  8 55829.21602180 37.238
 120 128.215684  63.562112    67.200    67.320  8 55839.13166202 33.122
 121 128.221321  63.561987    65.590    65.420  7 55849.04729960 27.305
 122 128.220872  63.562586    66.546    66.469  7 55858.96293460 44.209
 123 128.216562  63.564452    65.385    65.354  8 55868.87858270 41.901
 133 128.221574  63.563912    65.403    65.094  7 55968.03502633 19.133
 134 128.218443  63.563786    65.450    65.218  7 55977.95066269 18.450
 135 128.218494  63.564140    65.438    65.111  7 55987.86629871 18.533
 136 128.220417  63.564315    65.383    65.214  7 55997.78193857 16.684
 137 128.219669  63.563950    65.323    65.021  7 56007.69758962 16.516
 138 128.220608  63.563685    65.358    64.988  7 56017.61323667 16.235
 139 128.219383  63.564019    65.335    65.038  7 56027.52888072 16.215
 141 128.204908  63.563561    64.973    64.857 11 56047.36016250 20.622
 142 128.201779  63.563412    66.279    66.296 11 56057.27580003 46.169
 143 128.202867  63.562948    71.999    71.994 11 56067.19143358 51.952
 144 128.203964  63.563489    70.885    70.904 11 56077.10708272 53.306
 145 128.200591  63.563461    70.287    70.202 12 56087.02273129 27.581
 146 128.201553  63.564011    70.039    70.116 11 56096.93837782 28.170
 147 128.202731  63.563660    68.306    68.329 11 56106.85402211 50.170
 148 128.212701  63.564162    70.003    69.698  8 56116.76965286 25.966
 149 128.213816  63.562615    67.979    67.945  8 56126.68529049 50.530
 150 128.218031  63.562222    68.685    68.713  7 56136.60092469 49.829
 151 128.222094  63.563784    69.133    69.237  7 56146.51656924 31.887
 152 128.217110  63.564125    67.518    67.358  8 56156.43221836 35.696
 153 128.212177  63.563937    69.351    68.944  8 56166.34786654 26.966
 154 128.214404  63.564100    68.603    68.668  8 56176.26351306 42.600
 155 128.218236  63.563962    67.815    67.754  7 56186.17915473 38.040
 156 128.215373  63.562620    69.026    68.522  8 56196.09479190 26.299
 157 128.218285  63.563710    68.069    67.472  8 56206.01042678 26.667
 158 128.213466  63.563842    66.774    66.897  8 56215.92605933 35.923
 159 128.207118  63.563685    65.748    65.796 11 56225.84169837 42.490
 160 128.202135  63.563371    65.725    64.640 11 56235.75735310 40.618
 161 128.202457  63.563352    65.407    64.752 11 56245.67300448 37.575
 162 128.201941  63.563235    65.319    65.050 11 56255.58865070 35.698
 163 128.200331  63.563563    65.135    65.242 12 56265.50429302 35.667
 164 128.204588  63.564975    65.125    65.239 11 56275.41993430 32.332
 165 128.204063  63.564254    65.330    65.408 11 56285.33558002 27.272
 166 128.205787  63.562833    65.227    65.274 10 56295.25123067 26.398
 167 128.215399  63.562962    65.089    65.071  8 56305.16687801 27.128
 168 128.219524  63.563631    64.967    64.978  7 56315.08252128 24.094
 169 128.212838  63.563758    64.939    64.857  8 56324.99816153 22.400
 170 128.206543  63.563813    65.005    64.966 11 56334.91380096 21.988
 171 128.207719  63.563622    65.058    64.986 10 56344.82944010 20.142
 172 128.215004  63.563227    65.002    64.802  8 56354.74507746 19.796
 173 128.222246  63.563615    65.263    65.207  7 56364.66072294 19.836
 174 128.220988  63.564157    64.906    64.792  7 56374.57637171 19.691
 176 128.200123  63.564324    66.211    65.929 11 56394.40765972 19.113
 177 128.200376  63.564957    65.585    65.389 12 56404.32330185 34.867
 178 128.198590  63.563734    65.062    65.040 12 56414.23894060 45.822
 179 128.205079  63.563151    66.186    66.180 10 56424.15457525 34.685
 180 128.205277  63.563094    71.314    71.291 11 56434.07022079 54.169
 181 128.205634  63.564555    70.469    70.502 11 56443.98587311 28.382
 182 128.198493  63.564473    69.960    69.919 12 56453.90152206 54.092
 183 128.200464  63.564419    69.220    69.038 12 56463.81716905 31.173
 184 128.206554  63.563525    67.611    67.575 11 56473.73281291 41.903
 185 128.215394  63.562747    68.221    68.433  8 56483.64845364 32.012
 187 128.220379  63.564066    70.282    70.082  7 56503.47972546 30.962
 188 128.214434  63.564071    70.619    70.622  7 56513.39535786 40.143
 189 128.206033  63.563000    69.608    69.492 11 56523.31100664 24.352
 190 128.218124  63.564683    68.688    68.582  7 56533.22665998 39.566
 192 128.215291  63.563174    67.883    68.115  8 56553.05795270 30.752
 193 128.206483  63.563591    67.287    67.395 10 56562.97359465 36.873
 194 128.201075  63.564895    66.729    66.773 12 56572.88923572 39.949
 195 128.199742  63.565324    66.130    66.124 12 56582.80487494 44.654
 196 128.200941  63.563642    65.200    65.172 12 56592.72050973 43.154
 197 128.206902  63.563670    64.019    64.248 10 56602.63616151 40.275
 198 128.207589  63.563566    64.518    64.840 10 56612.55181081 31.600
 199 128.203893  63.563881    64.538    64.612 11 56622.46745549 24.535
 200 128.200551  63.564103    64.613    64.719 11 56632.38309731 20.970
 201 128.204825  63.564199    65.006    65.105 11 56642.29873546 19.098
 202 128.213474  63.564111    65.103    65.278  8 56652.21438594 18.803
 203 128.214290  63.562455    65.062    65.246  8 56662.13003561 17.559
 204 128.220419  63.563503    65.252    65.286  7 56672.04568301 16.982
 205 128.213308  63.564092    65.530    65.140  8 56681.96132742 16.200
 206 128.205431  63.564225    65.301    65.102 11 56691.87696965 15.727
 207 128.201992  63.563544    65.501    65.279 11 56701.79260832 14.895
 208 128.214269  63.563925    65.996    65.425  8 56711.70824358 14.061
 209 128.219912  63.564067    64.751    64.778  7 56721.62388917 15.178
 210 128.213023  63.563479    66.619    66.466  8 56731.53954001 13.704
 211 128.200502  63.563459    66.633    66.351 12 56741.45518675 13.828
 212 128.198411  63.565352    67.212    66.877 12 56751.37083035 12.812
 213 128.197561  63.565453    66.805    66.800 12 56761.28646882 20.781
 214 128.200355  63.564001    65.148    65.141 12 56771.20210077 41.148
 215 128.202305  63.563491    65.977    65.991 11 56781.11775561 43.264
 216 128.202737  63.563514    71.568    71.553 11 56791.03341043 51.480
 217 128.198503  63.563717    69.464    69.549 12 56800.94906172 53.087
 218 128.199012  63.564795    69.875    69.862 12 56810.86470652 28.831
 219 128.201027  63.564771    69.331    69.375 12 56820.78034668 26.853
 220 128.203617  63.563012    68.503    68.437 11 56830.69598269 44.090
 221 128.220787  63.563735    67.796    67.853  7 56840.61161701 45.083
 222 128.222031  63.562856    68.388    68.030  6 56850.52725260 27.058
 223 128.214301  63.563403    67.618    67.613  8 56860.44290645 36.272
 224 128.206112  63.564219    67.494    67.513 11 56870.35855956 46.158
 225 128.201388  63.564265    67.659    67.508 12 56880.27421024 50.431
 226 128.201008  63.563566    67.519    67.259 12 56890.18985761 30.376
 227 128.204532  63.563286    67.180    66.777 11 56900.10550253 29.159
 228 128.204077  63.563773    67.630    67.283 10 56910.02114498 26.582
 229 128.204661  63.565467    66.989    66.922 11 56919.93678593 49.405
 230 128.198443  63.565516    68.297    68.266 12 56929.85242395 30.216
 231 128.200505  63.565510    66.318    66.286 12 56939.76805799 49.587
 232 128.204750  63.564768    65.618    65.586 11 56949.68369529 43.870
 233 128.204961  63.563914    64.650    64.271 11 56959.59934750 39.135
 234 128.204587  63.563513    64.355    64.326 10 56969.51499464 32.512
 235 128.204239  63.563601    64.445    64.507 11 56979.43063797 25.408
 236 128.205372  63.563830    65.741    65.926 11 56989.34627705 20.687
 237 128.216169  63.564828    65.483    64.954  8 56999.26191081 20.095
 238 128.212450  63.563446    66.061    65.605  8 57009.17756247 18.960
 239 128.214386  63.563194    65.874    65.385  8 57019.09321527 18.462
 240 128.219419  63.564488    65.621    65.352  7 57029.00886534 17.743
 241 128.207971  63.563250    66.594    66.131 10 57038.92451194 16.760
 242 128.204257  63.563670    66.644    66.157 10 57048.84015702 15.542
 243 128.205148  63.563991    66.318    65.935 11 57058.75579859 14.502
 244 128.206321  63.563265    66.563    66.253 10 57068.67143443 14.331
 245 128.213458  63.563900    66.275    65.678  8 57078.58706667 13.922
 246 128.214257  63.564260    66.841    66.290  8 57088.50270197 14.185
 247 128.200207  63.563742    67.430    67.442 12 57098.41835909 14.158
 248 128.196947  63.564870    69.013    68.997 12 57108.33401441 11.151
 249 128.193656  63.564149    68.972    69.032 13 57118.24966441 10.870
 250 128.204985  63.565409    68.088    67.835 11 57128.16530979 10.721
