# NaN NaN NaN ;Mean Elev.(m), Avg Gradient(m/km), RMS Gradient(m/km) - SRTM1     
#  138.448 -71.979  70.248 ;Mean Elev.(m), Avg Gradient(m/km), RMS Gradient(m/km) - ASTER GDEM
#  131.613  -1.588  51.922 ;Mean Elev.(m), Avg Gradient(m/km), RMS Gradient(m/km) - GMTED2010 
   1   139.345 54662.13542760 26.68 118.072259  59.719824  5.675 -100.00 -100.00 -100.00
   1   146.913 54662.13542820 27.05 118.076359  59.721444  6.171 -100.00 -100.00 -100.00
   1   147.308 54662.13542879 30.17 118.080459  59.723064 11.974 -100.00 -100.00 -100.00
   2   139.414 54672.05107257 36.09 118.069288  59.720126 18.978 -100.00 -100.00 -100.00
   2   139.404 54672.05107316 38.83 118.073388  59.721747 21.948 -100.00 -100.00 -100.00
   2   139.053 54672.05107375 45.05 118.077488  59.723367   -100 -100.00 -100.00 -100.00
  10   137.554 54751.37623983 29.84 118.070039  59.721273   -100 -100.00 -100.00 -100.00
  10   137.624 54751.37624042 28.24 118.074139  59.722893 25.575 -100.00 -100.00 -100.00
  10   146.412 54751.37624101 28.11 118.078240  59.724513 24.258 -100.00 -100.00 -100.00
  11   137.500 54761.29188647 30.96 118.069119  59.720806 27.620 -100.00 -100.00 -100.00
  11   137.222 54761.29188706 27.82 118.073219  59.722426 26.907 -100.00 -100.00 -100.00
  11   146.461 54761.29188765 24.29 118.077320  59.724046 17.067 -100.00 -100.00 -100.00
  12   137.285 54771.20753094 38.92 118.071094  59.720047 21.142 -100.00 -100.00 -100.00
  12   136.947 54771.20753153 40.93 118.075195  59.721667 26.769 -100.00 -100.00 -100.00
  12   136.590 54771.20753212 45.04 118.079296  59.723287   -100 -100.00 -100.00 -100.00
  13   135.661 54781.12317216 38.69 118.072658  59.719141   -100 -100.00 -100.00 -100.00
  13   135.554 54781.12317275 40.84 118.076759  59.720761   -100 -100.00 -100.00 -100.00
  13   135.499 54781.12317334 41.28 118.080860  59.722381   -100 -100.00 -100.00 -100.00
  17   146.067 54820.78572508 11.75 118.070509  59.718379  6.451 -100.00 -100.00 -100.00
  17   146.626 54820.78572567 12.39 118.074609  59.719999  6.823 -100.00 -100.00 -100.00
  17   146.874 54820.78572627 11.16 118.078709  59.721619  5.297 -100.00 -100.00 -100.00
  18   146.270 54830.70137770 13.40 118.073456  59.720236 11.491  251.82  246.83  238.04
  18   146.857 54830.70137829 10.01 118.077556  59.721856  6.236  251.82  246.83  238.04
  19   146.475 54840.61701628  9.88 118.071575  59.720898  5.052 -100.00 -100.00 -100.00
  19   146.624 54840.61701687 10.06 118.075675  59.722518  6.307 -100.00 -100.00 -100.00
  19   147.086 54840.61701746 10.46 118.079776  59.724138  6.115 -100.00 -100.00 -100.00
  20   146.065 54850.53266524 10.39 118.069165  59.722485  5.889  245.25  237.90  223.92
  20   146.495 54850.53266583 10.05 118.073266  59.724105  6.524  245.25  237.90  223.92
  20   146.835 54850.53266643  9.91 118.077367  59.725725  6.470  245.25  237.90  223.92
  21   145.727 54860.44831393  9.55 118.067223  59.724289  7.454 -100.00 -100.00 -100.00
  21   146.132 54860.44831452  9.15 118.071324  59.725909  6.296 -100.00 -100.00 -100.00
  21   146.653 54860.44831511  9.65 118.075425  59.727529  6.339 -100.00 -100.00 -100.00
  22   145.681 54870.36396267  9.45 118.065894  59.724967  6.167 -100.00 -100.00 -100.00
  22   145.844 54870.36396326  9.76 118.069995  59.726587  7.468 -100.00 -100.00 -100.00
  22   146.526 54870.36396385  9.04 118.074097  59.728207  5.883 -100.00 -100.00 -100.00
  23   145.526 54880.27961008  9.11 118.066746  59.723734  6.471 -100.00 -100.00 -100.00
  23   146.137 54880.27961067  9.12 118.070847  59.725354  6.238 -100.00 -100.00 -100.00
  23   146.783 54880.27961126  8.38 118.074949  59.726974  5.710 -100.00 -100.00 -100.00
  24   145.851 54890.19525402  9.11 118.067570  59.720712  6.649  247.57  239.16  224.54
  24   146.291 54890.19525461  9.27 118.071671  59.722332  6.140  247.57  239.16  224.54
  24   146.711 54890.19525520  9.87 118.075773  59.723952  7.367  247.57  239.16  224.54
  25   146.401 54900.11089539  7.48 118.071202  59.719833  5.113 -100.00 -100.00 -100.00
  25   160.249 54900.11089598  7.67 118.075303  59.721453  5.647 -100.00 -100.00 -100.00
  25   147.162 54900.11089657  7.84 118.079405  59.723073  5.571 -100.00 -100.00 -100.00
  26   146.178 54910.02653415  7.43 118.069383  59.719643  5.725 -100.00 -100.00 -100.00
  26   146.547 54910.02653474  8.67 118.073484  59.721263  6.285 -100.00 -100.00 -100.00
  26   146.918 54910.02653533  8.13 118.077585  59.722883  5.894 -100.00 -100.00 -100.00
  27   160.817 54919.94217183  3.69 118.068134  59.720828  7.416 -100.00 -100.00 -100.00
  27   162.280 54919.94217242  3.17 118.072235  59.722448  5.844 -100.00 -100.00 -100.00
  27   161.070 54919.94217301  4.38 118.076336  59.724068  7.332 -100.00 -100.00 -100.00
  29   146.071 54939.77344531 18.37 118.071455  59.719567 27.491  254.78  247.10  232.27
  29   146.636 54939.77344590 16.78 118.075555  59.721187 21.571  254.78  247.10  232.27
  29   146.889 54939.77344649 19.87 118.079655  59.722807 28.001  254.78  247.10  232.27
  31   142.243 54959.60471815 45.22 118.076296  59.715794   -100  262.27  261.11  261.03
  31   142.206 54959.60471874 47.19 118.080396  59.717414   -100  262.27  261.11  261.03
  31   142.272 54959.60471933 49.27 118.084495  59.719034   -100  262.27  261.11  261.03
  33   538.072 54979.43601442  3.38 118.073975  59.719302  4.344 -100.00 -100.00 -100.00
  33   535.195 54979.43601501  3.36 118.078075  59.720921  5.537 -100.00 -100.00 -100.00
  33   538.781 54979.43601560  1.99 118.082175  59.722541  3.478 -100.00 -100.00 -100.00
  35   144.922 54999.26730923 44.10 118.071977  59.720905 21.915 -100.00 -100.00 -100.00
  35   144.824 54999.26730982 48.03 118.076077  59.722525 29.985 -100.00 -100.00 -100.00
  35   144.611 54999.26731041 52.21 118.080178  59.724145   -100 -100.00 -100.00 -100.00
  36   146.325 55009.18295482 25.88 118.071747  59.720930 11.595 -100.00 -100.00 -100.00
  36   146.854 55009.18295541 26.49 118.075848  59.722550 12.879 -100.00 -100.00 -100.00
  36   147.697 55009.18295600 29.74 118.079949  59.724170 15.819 -100.00 -100.00 -100.00
  37   140.488 55019.09859835 39.89 118.069556  59.720319 23.920 -100.00 -100.00 -100.00
  37   140.830 55019.09859894 41.97 118.073656  59.721940 24.401 -100.00 -100.00 -100.00
  37   140.739 55019.09859953 45.28 118.077757  59.723560 28.249 -100.00 -100.00 -100.00
  38   139.497 55029.01424106 37.94 118.070218  59.722115 30.482 -100.00 -100.00 -100.00
  38   139.980 55029.01424165 43.17 118.074319  59.723735 30.575 -100.00 -100.00 -100.00
  38   139.558 55029.01424224 53.48 118.078420  59.725355 12.710 -100.00 -100.00 -100.00
  39   138.284 55038.92988241 36.29 118.065585  59.721916 18.795 -100.00 -100.00 -100.00
  39   139.139 55038.92988300 39.18 118.069686  59.723536 18.359 -100.00 -100.00 -100.00
  39   139.245 55038.92988359 46.16 118.073786  59.725156   -100 -100.00 -100.00 -100.00
  40   138.606 55048.84552338 33.85 118.068962  59.723128 17.167 -100.00 -100.00 -100.00
  40   138.822 55048.84552397 35.71 118.073063  59.724748 20.791 -100.00 -100.00 -100.00
  40   138.964 55048.84552456 40.93 118.077163  59.726368 30.751 -100.00 -100.00 -100.00
  41   140.568 55058.76116179 37.92 118.071509  59.721232 17.154 -100.00 -100.00 -100.00
  41   139.926 55058.76116238 44.11 118.075609  59.722853 22.096 -100.00 -100.00 -100.00
  41   139.538 55058.76116297 53.69 118.079709  59.724472   -100 -100.00 -100.00 -100.00
  42   141.361 55068.67680027 40.02 118.071867  59.717565 25.397  267.60  266.77  265.50
  42   141.526 55068.67680086 39.36 118.075966  59.719185 27.207  267.60  266.77  265.50
  42   141.182 55068.67680145 40.97 118.080066  59.720805   -100  267.60  266.77  265.50
  43   146.932 55078.59245063 18.46 118.076738  59.718235 11.773  265.94  265.08  263.41
  43   147.160 55078.59245122 21.58 118.080838  59.719854 19.343  265.94  265.08  263.41
  44   141.190 55088.50809782 36.84 118.071591  59.717813 15.952  266.39  265.66  264.72
  44   141.189 55088.50809841 41.78 118.075691  59.719433 16.285  266.39  265.66  264.72
  44   140.309 55088.50809900 53.08 118.079791  59.721053   -100  266.39  265.66  264.72
  45   138.607 55098.42374443 30.51 118.070653  59.720518 10.191 -100.00 -100.00 -100.00
  45   138.527 55098.42374502 31.37 118.074754  59.722138 12.710 -100.00 -100.00 -100.00
  45   147.138 55098.42374561 31.99 118.078854  59.723758 12.917 -100.00 -100.00 -100.00
  46   139.027 55108.33939010 39.97 118.067378  59.721176 24.907 -100.00 -100.00 -100.00
  46   139.363 55108.33939069 41.10 118.071478  59.722796 22.903 -100.00 -100.00 -100.00
  46   138.608 55108.33939128 47.26 118.075579  59.724415  3.222 -100.00 -100.00 -100.00
  47   138.781 55118.25503549 35.37 118.071586  59.721784 18.703 -100.00 -100.00 -100.00
  47   138.067 55118.25503608 36.81 118.075687  59.723403   -100 -100.00 -100.00 -100.00
  48   137.456 55128.17067776 40.07 118.072407  59.719139 21.933 -100.00 -100.00 -100.00
  48   137.572 55128.17067835 43.07 118.076508  59.720759 26.273 -100.00 -100.00 -100.00
  48   137.362 55128.17067894 48.36 118.080609  59.722379   -100 -100.00 -100.00 -100.00
  49   136.347 55138.08631807 38.00 118.074093  59.717654 26.033 -100.00 -100.00 -100.00
  49   136.550 55138.08631866 40.08 118.078194  59.719274 26.054 -100.00 -100.00 -100.00
  49   136.247 55138.08631925 38.99 118.082295  59.720894   -100 -100.00 -100.00 -100.00
  50   146.253 55148.00195675 24.18 118.074006  59.717983 20.462  255.06  251.98  249.65
  50   146.491 55148.00195734 23.81 118.078107  59.719603 22.572  255.06  251.98  249.65
  50   147.307 55148.00195793 21.38 118.082208  59.721223 14.576  255.06  251.98  249.65
  51   137.697 55157.91759465 24.10 118.071620  59.719087 14.633 -100.00 -100.00 -100.00
  51   137.773 55157.91759524 28.27 118.075721  59.720707 20.923 -100.00 -100.00 -100.00
  51   137.259 55157.91759583 28.89 118.079821  59.722327   -100 -100.00 -100.00 -100.00
  52   137.838 55167.83323229 24.99 118.069450  59.719600 22.962 -100.00 -100.00 -100.00
  52   137.802 55167.83323288 26.16 118.073551  59.721221 22.231 -100.00 -100.00 -100.00
  52   137.957 55167.83323347 28.43 118.077651  59.722841   -100 -100.00 -100.00 -100.00
  53   142.593 55177.74886949 20.97 118.070374  59.719534 22.101 -100.00 -100.00 -100.00
  53   138.198 55177.74887008 20.72 118.074474  59.721154 18.770 -100.00 -100.00 -100.00
  53   137.878 55177.74887067 23.87 118.078574  59.722774   -100 -100.00 -100.00 -100.00
  54   137.727 55187.66451396 22.74 118.073344  59.719708 30.918 -100.00 -100.00 -100.00
  54   137.603 55187.66451455 22.73 118.077444  59.721328 32.032 -100.00 -100.00 -100.00
  54   147.052 55187.66451514 17.43 118.081545  59.722948 14.979 -100.00 -100.00 -100.00
  55   137.365 55197.58016452 22.03 118.070858  59.719729 26.578 -100.00 -100.00 -100.00
  55   137.660 55197.58016511 23.02 118.074958  59.721349 26.868 -100.00 -100.00 -100.00
  55   137.441 55197.58016570 22.37 118.079059  59.722969 31.839 -100.00 -100.00 -100.00
  56   136.766 55207.49581453 24.03 118.069986  59.721854   -100  248.40  242.89  230.97
  56   136.803 55207.49581512 20.91 118.074086  59.723474 29.910  248.40  242.89  230.97
  56   146.787 55207.49581571 17.44 118.078187  59.725094 16.567  248.40  242.89  230.97
  57   144.893 55217.41146365 17.85 118.066392  59.722950 21.278 -100.00 -100.00 -100.00
  57   145.997 55217.41146424 17.06 118.070493  59.724570 16.446 -100.00 -100.00 -100.00
  57   136.200 55217.41146483 17.80 118.074594  59.726190 20.857 -100.00 -100.00 -100.00
  58   146.101 55227.32711241 10.81 118.066398  59.723693  7.881 -100.00 -100.00 -100.00
  58   146.272 55227.32711300 11.50 118.070499  59.725313  9.074 -100.00 -100.00 -100.00
  58   146.755 55227.32711359 11.68 118.074600  59.726933  8.470 -100.00 -100.00 -100.00
  59   145.913 55237.24275852 12.60 118.069667  59.723082 10.930 -100.00 -100.00 -100.00
  59   146.700 55237.24275911 11.55 118.073769  59.724703 10.849 -100.00 -100.00 -100.00
  60   146.066 55247.15840074 12.87 118.071579  59.720398 10.542 -100.00 -100.00 -100.00
  60   146.802 55247.15840133 11.18 118.075680  59.722018  8.600 -100.00 -100.00 -100.00
  60   147.243 55247.15840192 11.08 118.079782  59.723638  7.295 -100.00 -100.00 -100.00
  61   146.189 55257.07404038 10.90 118.072478  59.718670  9.402  244.59  235.62  218.23
  61   146.591 55257.07404097 10.82 118.076579  59.720290  8.108  244.59  235.62  218.23
  61   147.116 55257.07404156 10.22 118.080680  59.721909  8.703  244.59  235.62  218.23
  62   146.226 55266.98967902  9.43 118.071233  59.718803  6.775  247.28  238.72  222.06
  62   146.574 55266.98967961 10.31 118.075333  59.720423  8.675  247.28  238.72  222.06
  62   147.277 55266.98968020  9.06 118.079435  59.722043  6.743  247.28  238.72  222.06
  63   146.333 55276.90531719  9.53 118.069987  59.720376  6.907 -100.00 -100.00 -100.00
  63   146.616 55276.90531778  8.97 118.074088  59.721996  6.377 -100.00 -100.00 -100.00
  63   146.962 55276.90531837  9.75 118.078189  59.723616  7.336 -100.00 -100.00 -100.00
  64   146.353 55286.82095412  9.24 118.069558  59.720530  6.023 -100.00 -100.00 -100.00
  64   146.080 55286.82095471 12.09 118.073658  59.722150 12.009 -100.00 -100.00 -100.00
  64   146.898 55286.82095530 11.49 118.077759  59.723770 10.222 -100.00 -100.00 -100.00
  65   146.602 55296.73658914  7.96 118.074131  59.719826  6.230 -100.00 -100.00 -100.00
  65   147.088 55296.73658973  8.57 118.078231  59.721446  7.066 -100.00 -100.00 -100.00
  67   136.122 55316.56787596 29.23 118.074552  59.716160 25.063 -100.00 -100.00 -100.00
  67   135.619 55316.56787655 32.36 118.078652  59.717780   -100 -100.00 -100.00 -100.00
  67   135.874 55316.56787714 32.48 118.082752  59.719399   -100 -100.00 -100.00 -100.00
  68   540.150 55326.48352162  2.15 118.074500  59.717718  3.862 -100.00 -100.00 -100.00
  68   538.307 55326.48352221  2.22 118.078600  59.719338  3.714 -100.00 -100.00 -100.00
  68   536.902 55326.48352280  1.77 118.082700  59.720957  3.378 -100.00 -100.00 -100.00
  69   143.760 55336.39916591 44.28 118.070531  59.718961 29.401  274.24  273.48  273.05
  69   143.733 55336.39916650 47.28 118.074631  59.720581   -100  274.24  273.48  273.05
  69   143.591 55336.39916709 51.50 118.078732  59.722201   -100  274.24  273.48  273.05
  70   140.400 55346.31481006 37.21 118.069286  59.720585 16.808  282.07  280.91  280.36
  70   141.124 55346.31481065 44.35 118.073386  59.722205 20.492  282.07  280.91  280.36
  70   140.275 55346.31481124 54.44 118.077486  59.723825   -100  282.07  280.91  280.36
  71   141.776 55356.23045320 41.13 118.071551  59.721818 18.169 -100.00 -100.00 -100.00
  71   140.972 55356.23045379 51.49 118.075652  59.723439   -100 -100.00 -100.00 -100.00
  72   146.874 55366.14609333 19.63 118.068084  59.719889 18.888 -100.00 -100.00 -100.00
  72   146.993 55366.14609392 21.36 118.072184  59.721509 21.788 -100.00 -100.00 -100.00
  72   147.137 55366.14609451 24.84 118.076284  59.723129   -100 -100.00 -100.00 -100.00
  73   138.749 55376.06173308 32.21 118.072716  59.721049 12.989 -100.00 -100.00 -100.00
  73   138.514 55376.06173367 30.91 118.076816  59.722669 11.520 -100.00 -100.00 -100.00
  74   142.039 55385.97737068 35.64 118.068967  59.719579 18.839 -100.00 -100.00 -100.00
  74   141.980 55385.97737127 35.57 118.073067  59.721199 19.301 -100.00 -100.00 -100.00
  74   141.905 55385.97737186 35.74 118.077167  59.722819 18.034 -100.00 -100.00 -100.00
  75   137.479 55395.89300836 37.48 118.072202  59.720966 32.006 -100.00 -100.00 -100.00
  75   138.032 55395.89300895 49.55 118.076302  59.722586   -100 -100.00 -100.00 -100.00
  76   137.598 55405.80864895 36.60 118.072080  59.720391 24.213 -100.00 -100.00 -100.00
  76   137.776 55405.80864954 48.43 118.076180  59.722011   -100 -100.00 -100.00 -100.00
  76   137.312 55405.80865013 53.24 118.080280  59.723631  0.744 -100.00 -100.00 -100.00
  77   140.876 55415.72430024 39.18 118.072985  59.720210 18.486 -100.00 -100.00 -100.00
  77   140.727 55415.72430083 45.56 118.077085  59.721830 23.128 -100.00 -100.00 -100.00
  78   137.521 55425.63994802 27.44 118.072995  59.718538  9.543  274.75  274.52  272.89
  78   137.031 55425.63994862 30.50 118.077094  59.720158 18.387  274.75  274.52  272.89
  78   146.685 55425.63994921 28.74 118.081194  59.721777 12.894  274.75  274.52  272.89
  79   140.703 55435.55559374 41.34 118.076068  59.718650 21.861 -100.00 -100.00 -100.00
  79   140.446 55435.55559433 48.58 118.080168  59.720269   -100 -100.00 -100.00 -100.00
  80   139.072 55445.47123740 39.04 118.071695  59.717849 20.731  268.49  267.55  265.86
  80   139.148 55445.47123799 41.21 118.075795  59.719469 24.691  268.49  267.55  265.86
  80   138.940 55445.47123858 46.43 118.079895  59.721088   -100  268.49  267.55  265.86
  81   138.914 55455.38688126 37.09 118.072931  59.720427 19.387  269.22  267.99  267.93
  81   138.454 55455.38688185 49.55 118.077031  59.722047   -100  269.22  267.99  267.93
  82   138.072 55465.30252369 26.34 118.069839  59.720557 17.112 -100.00 -100.00 -100.00
  82   146.208 55465.30252428 26.90 118.073939  59.722177 27.252 -100.00 -100.00 -100.00
  82   147.374 55465.30252488 25.94 118.078040  59.723796 21.996 -100.00 -100.00 -100.00
  83   146.328 55475.21816325 20.00 118.069358  59.719043 15.423 -100.00 -100.00 -100.00
  83   146.605 55475.21816384 22.79 118.073458  59.720663 19.427 -100.00 -100.00 -100.00
  83   147.119 55475.21816443 25.24 118.077558  59.722283 18.032 -100.00 -100.00 -100.00
  84   137.281 55485.13380009 45.18 118.072994  59.717470 25.991 -100.00 -100.00 -100.00
  84   137.387 55485.13380068 46.43 118.077094  59.719090 28.450 -100.00 -100.00 -100.00
  84   137.025 55485.13380127 49.99 118.081194  59.720710   -100 -100.00 -100.00 -100.00
  85   136.865 55495.04943508 41.38 118.078329  59.717200 22.860 -100.00 -100.00 -100.00
  85   136.439 55495.04943567 44.30 118.082429  59.718820 28.829 -100.00 -100.00 -100.00
  86   136.271 55504.96506841 38.15 118.076690  59.716650 25.869 -100.00 -100.00 -100.00
  86   136.616 55504.96506900 40.09 118.080791  59.718270 24.118 -100.00 -100.00 -100.00
  86   136.369 55504.96506959 39.36 118.084891  59.719890   -100 -100.00 -100.00 -100.00
  87   135.824 55514.88071866 38.14 118.073262  59.718766 32.593 -100.00 -100.00 -100.00
  87   135.842 55514.88071925 41.34 118.077362  59.720386 32.520 -100.00 -100.00 -100.00
  87   135.627 55514.88071984 45.55 118.081462  59.722006 11.092 -100.00 -100.00 -100.00
  88   135.329 55524.79636800 31.10 118.069485  59.720023   -100 -100.00 -100.00 -100.00
  88   135.318 55524.79636859 33.39 118.073585  59.721643   -100 -100.00 -100.00 -100.00
  88   135.552 55524.79636918 32.73 118.077686  59.723263   -100 -100.00 -100.00 -100.00
  89   135.885 55534.71201582 20.46 118.069760  59.721306 12.532 -100.00 -100.00 -100.00
  89   146.291 55534.71201641 20.74 118.073860  59.722926 12.162 -100.00 -100.00 -100.00
  89   146.806 55534.71201700 18.80 118.077961  59.724546  8.098 -100.00 -100.00 -100.00
  90   136.945 55544.62766152 21.07 118.069779  59.721317 11.162 -100.00 -100.00 -100.00
  90   145.732 55544.62766211 19.44 118.073879  59.722937  8.925 -100.00 -100.00 -100.00
  90   137.177 55544.62766270 20.86 118.077980  59.724557 11.174 -100.00 -100.00 -100.00
  91   136.938 55554.54330538 20.96 118.069502  59.721459 12.777 -100.00 -100.00 -100.00
  91   145.721 55554.54330597 19.93 118.073602  59.723079 10.132 -100.00 -100.00 -100.00
  91   137.329 55554.54330656 19.10 118.077703  59.724698  9.242 -100.00 -100.00 -100.00
  92   136.779 55564.45894836 19.35 118.068887  59.722023 11.164 -100.00 -100.00 -100.00
  92   137.086 55564.45894895 20.49 118.072987  59.723643 11.012 -100.00 -100.00 -100.00
  92   136.981 55564.45894954 19.50 118.077088  59.725263 10.767 -100.00 -100.00 -100.00
  93   145.687 55574.37459055 14.51 118.067496  59.721428  5.450 -100.00 -100.00 -100.00
  93   146.193 55574.37459114 15.21 118.071597  59.723048  5.698 -100.00 -100.00 -100.00
  93   146.236 55574.37459173 14.67 118.075698  59.724668  5.601 -100.00 -100.00 -100.00
  94   136.236 55584.29023173 14.84 118.070850  59.721184  7.703 -100.00 -100.00 -100.00
  94   146.338 55584.29023232 14.57 118.074950  59.722804  6.145 -100.00 -100.00 -100.00
  94   144.859 55584.29023291 14.55 118.079051  59.724424  5.681 -100.00 -100.00 -100.00
  95   145.809 55594.20586936 14.34 118.074238  59.719843  5.874  254.79  249.43  239.05
  95   146.912 55594.20586995 14.17 118.078339  59.721464  6.467  254.79  249.43  239.05
  96   135.642 55604.12150348 14.19 118.076466  59.718144  5.489 -100.00 -100.00 -100.00
  96   146.489 55604.12150407 14.93 118.080567  59.719764  6.224 -100.00 -100.00 -100.00
  97   146.105 55614.03713504 15.27 118.075080  59.716145  6.674 -100.00 -100.00 -100.00
  97   146.115 55614.03713563 14.23 118.079180  59.717766  6.330 -100.00 -100.00 -100.00
  97   142.957 55614.03713622 15.20 118.083281  59.719386  7.001 -100.00 -100.00 -100.00
  98   135.458 55623.95277284 12.53 118.074260  59.716131  5.578 -100.00 -100.00 -100.00
  98   134.992 55623.95277343 12.86 118.078360  59.717752  5.651 -100.00 -100.00 -100.00
  98   134.659 55623.95277402 13.41 118.082460  59.719372  7.566 -100.00 -100.00 -100.00
  99   145.245 55633.86842531 11.64 118.071937  59.717476  5.957  251.90  245.19  231.62
  99   146.532 55633.86842590 11.82 118.076037  59.719096  6.678  251.90  245.19  231.62
  99   147.261 55633.86842649 12.01 118.080137  59.720716  5.925  251.90  245.19  231.62
 100   146.533 55643.78407610 10.63 118.074891  59.719589  5.038 -100.00 -100.00 -100.00
 100   146.776 55643.78407669 10.45 118.078992  59.721209  4.928 -100.00 -100.00 -100.00
 101   147.489 55653.69972342  5.62 118.074616  59.719229  5.375 -100.00 -100.00 -100.00
 101   148.174 55653.69972401  5.20 118.078716  59.720849  5.313 -100.00 -100.00 -100.00
 102   136.010 55663.61536594  7.23 118.072237  59.717235  5.404 -100.00 -100.00 -100.00
 102   135.730 55663.61536653  8.66 118.076336  59.718855  6.459 -100.00 -100.00 -100.00
 102   146.830 55663.61536712  7.70 118.080437  59.720475  4.892 -100.00 -100.00 -100.00
 103   147.009 55673.53100636 20.84 118.074502  59.718000  9.746 -100.00 -100.00 -100.00
 103   147.437 55673.53100695 23.03 118.078602  59.719620 14.678 -100.00 -100.00 -100.00
 103   148.009 55673.53100754 22.82 118.082703  59.721240 11.069 -100.00 -100.00 -100.00
 104   524.057 55683.44664479  1.23 118.071954  59.717819  2.129 -100.00 -100.00 -100.00
 104   530.017 55683.44664538  0.64 118.076054  59.719438  2.585 -100.00 -100.00 -100.00
 105   140.200 55693.36228224 37.33 118.071485  59.718588 30.840  268.28  267.15  267.52
 105   140.217 55693.36228283 39.56 118.075585  59.720208   -100  268.28  267.15  267.52
 105   139.992 55693.36228342 34.86 118.079685  59.721828 32.309  268.28  267.15  267.52
 106   139.053 55703.27791800 36.74 118.070376  59.718339 19.893  278.17  276.98  277.65
 106   139.449 55703.27791859 39.56 118.074475  59.719960 22.478  278.17  276.98  277.65
 106   139.704 55703.27791918 51.61 118.078575  59.721580   -100  278.17  276.98  277.65
 107   140.164 55713.19356306 42.45 118.073199  59.719888 26.020 -100.00 -100.00 -100.00
 107   139.995 55713.19356365 46.75 118.077299  59.721509   -100 -100.00 -100.00 -100.00
 107   139.852 55713.19356424 48.18 118.081399  59.723129   -100 -100.00 -100.00 -100.00
 108   141.719 55723.10921201 39.13 118.069463  59.719538 24.669 -100.00 -100.00 -100.00
 108   141.862 55723.10921260 40.36 118.073563  59.721158 20.398 -100.00 -100.00 -100.00
 108   141.524 55723.10921319 45.75 118.077664  59.722778   -100 -100.00 -100.00 -100.00
 109   140.340 55733.02485963 36.78 118.070551  59.721198 19.500 -100.00 -100.00 -100.00
 109   139.961 55733.02486022 36.78 118.074651  59.722818 19.279 -100.00 -100.00 -100.00
 109   139.932 55733.02486081 35.63 118.078752  59.724438 15.467 -100.00 -100.00 -100.00
 110   139.557 55742.94050527 35.65 118.067560  59.720814 13.515 -100.00 -100.00 -100.00
 110   139.063 55742.94050586 40.46 118.071660  59.722434 16.899 -100.00 -100.00 -100.00
 110   138.281 55742.94050645 51.63 118.075760  59.724054   -100 -100.00 -100.00 -100.00
 111   137.561 55752.85615017 31.05 118.069980  59.721532 13.912 -100.00 -100.00 -100.00
 111   137.521 55752.85615076 32.15 118.074080  59.723152 16.515 -100.00 -100.00 -100.00
 111   137.072 55752.85615135 31.96 118.078181  59.724772 16.656 -100.00 -100.00 -100.00
 112   139.537 55762.77179244 37.43 118.071766  59.720291 12.387 -100.00 -100.00 -100.00
 112   138.247 55762.77179303 49.82 118.075866  59.721911 30.716 -100.00 -100.00 -100.00
 112   137.583 55762.77179362 54.46 118.079967  59.723531  4.333 -100.00 -100.00 -100.00
 113   139.766 55772.68743165 40.45 118.072015  59.718016   -100 -100.00 -100.00 -100.00
 113   139.969 55772.68743224 36.35 118.076115  59.719636 25.748 -100.00 -100.00 -100.00
 113   139.876 55772.68743283 37.46 118.080215  59.721256 24.654 -100.00 -100.00 -100.00
 114   141.099 55782.60306767 31.86 118.073652  59.716806 13.739  270.03  270.11  267.97
 114   141.380 55782.60306826 30.29 118.077751  59.718426  9.680  270.03  270.11  267.97
 114   141.333 55782.60306885 32.59 118.081851  59.720045 15.212  270.03  270.11  267.97
 115   139.824 55792.51870131 31.17 118.074497  59.716749 12.367  279.28  278.87  276.68
 115   139.608 55792.51870190 31.93 118.078597  59.718369 16.381  279.28  278.87  276.68
 115   139.451 55792.51870249 31.69 118.082696  59.719989 13.589  279.28  278.87  276.68
 116   138.161 55802.43433544 35.07 118.073777  59.716596 27.496  272.18  271.05  270.00
 116   138.635 55802.43433603 29.05 118.077877  59.718216 11.543  272.18  271.05  270.00
 116   137.875 55802.43433662 29.10 118.081976  59.719836 12.856  272.18  271.05  270.00
 117   139.051 55812.34998551 37.31 118.071783  59.717397 16.430 -100.00 -100.00 -100.00
 117   139.227 55812.34998610 39.57 118.075883  59.719017 19.637 -100.00 -100.00 -100.00
 117   138.729 55812.34998669 46.89 118.079983  59.720637   -100 -100.00 -100.00 -100.00
 118   146.768 55822.26563447 20.25 118.074900  59.718634 14.762 -100.00 -100.00 -100.00
 118   147.187 55822.26563506 22.57 118.079000  59.720254 19.863 -100.00 -100.00 -100.00
 118   147.459 55822.26563565 25.55 118.083100  59.721874 26.054 -100.00 -100.00 -100.00
 119   138.134 55832.18127790 40.52 118.074197  59.717177 28.249  266.17  265.65  266.39
 119   138.014 55832.18127849 41.46 118.078297  59.718797   -100  266.17  265.65  266.39
 119   137.870 55832.18127908 45.48 118.082398  59.720417   -100  266.17  265.65  266.39
 120   137.063 55842.09691705 41.26 118.074904  59.716366   -100  268.08  267.55  267.66
 120   136.923 55842.09691764 37.21 118.079004  59.717986 26.674  268.08  267.55  267.66
 120   136.768 55842.09691823 43.59 118.083104  59.719606   -100  268.08  267.55  267.66
 121   137.403 55852.01255303 36.75 118.074410  59.716311 30.115  263.17  263.34  263.56
 121   137.942 55852.01255362 39.58 118.078510  59.717932 26.316  263.17  263.34  263.56
 121   137.567 55852.01255421 51.65 118.082610  59.719552  8.197  263.17  263.34  263.56
 122   136.777 55861.92818698 37.00 118.074384  59.717449   -100 -100.00 -100.00 -100.00
 122   137.122 55861.92818757 41.78 118.078484  59.719069   -100 -100.00 -100.00 -100.00
 122   137.275 55861.92818816 52.36 118.082585  59.720689   -100 -100.00 -100.00 -100.00
 123   136.885 55871.84384155 40.42 118.073256  59.720110 29.531 -100.00 -100.00 -100.00
 123   137.048 55871.84384214 42.47 118.077356  59.721730 24.772 -100.00 -100.00 -100.00
 133   146.425 55971.00028066  8.72 118.073618  59.718813  5.726  245.38  236.86  220.26
 133   147.005 55971.00028125  8.11 118.077718  59.720433  4.723  245.38  236.86  220.26
 133   147.252 55971.00028184 11.73 118.081820  59.722053  9.437  245.38  236.86  220.26
 134   146.173 55980.91591664  9.09 118.072455  59.719353  5.950  246.70  237.91  221.89
 134   146.632 55980.91591723 11.21 118.076556  59.720973  9.440  246.70  237.91  221.89
 134   147.064 55980.91591782 10.93 118.080656  59.722593  9.633  246.70  237.91  221.89
 135   146.357 55990.83155153  9.76 118.073963  59.718679  5.991  244.43  234.30  216.45
 135   146.614 55990.83155212 14.51 118.078063  59.720299 15.775  244.43  234.30  216.45
 135   147.310 55990.83155271 10.27 118.082163  59.721920  7.454  244.43  234.30  216.45
 136   147.003 56000.74719658  8.39 118.075347  59.717917  4.856 -100.00 -100.00 -100.00
 136   147.501 56000.74719717  8.51 118.079447  59.719537  6.422 -100.00 -100.00 -100.00
 136   147.915 56000.74719777  8.57 118.083547  59.721157  6.712 -100.00 -100.00 -100.00
 137   146.531 56010.66284665  8.58 118.074604  59.716916  5.860  250.23  241.48  226.13
 137   147.084 56010.66284724  8.47 118.078703  59.718536  5.974  250.23  241.48  226.13
 137   147.628 56010.66284783  8.33 118.082804  59.720156  5.158  250.23  241.48  226.13
 138   146.590 56020.57849304  7.18 118.073933  59.717290  4.408 -100.00 -100.00 -100.00
 138   147.061 56020.57849363  8.70 118.078033  59.718910  5.948 -100.00 -100.00 -100.00
 138   147.261 56020.57849422  9.17 118.082134  59.720530  6.826 -100.00 -100.00 -100.00
 139   146.893 56030.49413695  9.12 118.074503  59.719680  6.273  253.91  246.41  234.29
 139   147.179 56030.49413754  9.32 118.078603  59.721300  6.726  253.91  246.41  234.29
 144   143.394 56080.07234225 40.45 118.073174  59.720099 21.689 -100.00 -100.00 -100.00
 144   143.126 56080.07234284 46.72 118.077274  59.721719   -100 -100.00 -100.00 -100.00
 145   144.147 56089.98799032 43.74 118.070982  59.721115 24.760  278.89  278.14  277.20
 145   144.128 56089.98799091 46.91 118.075083  59.722735   -100  278.89  278.14  277.20
 145   144.026 56089.98799150 50.92 118.079183  59.724355   -100  278.89  278.14  277.20
 146   143.222 56099.90363571 39.61 118.067910  59.721449 16.651 -100.00 -100.00 -100.00
 146   143.088 56099.90363630 42.72 118.072010  59.723069 19.637 -100.00 -100.00 -100.00
 146   142.615 56099.90363689 47.87 118.076110  59.724689   -100 -100.00 -100.00 -100.00
 147   142.549 56109.81926751 33.32 118.070373  59.721729 14.957 -100.00 -100.00 -100.00
 147   142.586 56109.81926810 34.05 118.074474  59.723349 16.033 -100.00 -100.00 -100.00
 147   142.589 56109.81926869 33.38 118.078574  59.724969 15.973 -100.00 -100.00 -100.00
 148   139.182 56119.73490755 37.62 118.073089  59.719651 19.726 -100.00 -100.00 -100.00
 148   140.456 56119.73490814 44.74 118.077189  59.721271 20.642 -100.00 -100.00 -100.00
 148   140.167 56119.73490873 50.98 118.081289  59.722891   -100 -100.00 -100.00 -100.00
 149   142.791 56129.65054369 39.58 118.074636  59.716430 22.225  277.21  277.62  275.92
 149   142.669 56129.65054428 41.64 118.078736  59.718050 22.644  277.21  277.62  275.92
 149   141.868 56129.65054487 53.16 118.082835  59.719670 18.802  277.21  277.62  275.92
 150   143.486 56139.56617739 41.74 118.079006  59.716285 19.515  280.62  280.37  278.14
 150   143.272 56139.56617798 46.07 118.083106  59.717905 24.390  280.62  280.37  278.14
 151   139.281 56149.48182672 39.61 118.072778  59.716968 22.877  278.03  277.17  276.08
 151   139.642 56149.48182731 39.58 118.076877  59.718588 21.760  278.03  277.17  276.08
 151   139.569 56149.48182790 40.31 118.080977  59.720208 28.451  278.03  277.17  276.08
 152   146.756 56159.39747646 23.11 118.073520  59.720505 15.191 -100.00 -100.00 -100.00
 152   147.313 56159.39747705 24.19 118.077620  59.722125 15.092 -100.00 -100.00 -100.00
 153   147.140 56169.31312433 21.11 118.072493  59.721010 11.997 -100.00 -100.00 -100.00
 153   147.426 56169.31312492 23.04 118.076593  59.722630 17.473 -100.00 -100.00 -100.00
 154   146.843 56179.22876888 22.99 118.074303  59.719867 26.921 -100.00 -100.00 -100.00
 154   147.272 56179.22876947 24.12 118.078403  59.721487 29.673 -100.00 -100.00 -100.00
 155   138.507 56189.14440878 38.31 118.073889  59.717342 20.926 -100.00 -100.00 -100.00
 155   138.066 56189.14440937 37.23 118.077989  59.718962 27.479 -100.00 -100.00 -100.00
 155   138.109 56189.14440996 39.67 118.082090  59.720582 26.595 -100.00 -100.00 -100.00
 156   137.512 56199.06004572 39.51 118.074038  59.716669 28.255  269.22  268.69  268.29
 156   137.524 56199.06004631 34.90 118.078138  59.718289 16.481  269.22  268.69  268.29
 156   137.323 56199.06004690 37.84 118.082238  59.719909 25.805  269.22  268.69  268.29
 157   138.312 56208.97568004 37.96 118.073435  59.717795 31.373 -100.00 -100.00 -100.00
 157   138.474 56208.97568063 34.01 118.077535  59.719415 18.684 -100.00 -100.00 -100.00
 157   137.901 56208.97568122 41.72 118.081636  59.721035   -100 -100.00 -100.00 -100.00
 158   137.312 56218.89131244 36.98 118.071835  59.718841 24.581 -100.00 -100.00 -100.00
 158   137.260 56218.89131303 39.83 118.075935  59.720461 29.450 -100.00 -100.00 -100.00
 158   136.690 56218.89131362 38.75 118.080035  59.722081   -100 -100.00 -100.00 -100.00
 159   136.398 56228.80695938 39.63 118.072010  59.720798 32.448 -100.00 -100.00 -100.00
 159   136.315 56228.80695997 42.84 118.076110  59.722418   -100 -100.00 -100.00 -100.00
 159   136.399 56228.80696056 46.73 118.080211  59.724039   -100 -100.00 -100.00 -100.00
 160   135.732 56238.72261311 36.90 118.071558  59.720898   -100 -100.00 -100.00 -100.00
 160   135.892 56238.72261370 39.31 118.075658  59.722519   -100 -100.00 -100.00 -100.00
 160   135.497 56238.72261429 37.92 118.079759  59.724139   -100 -100.00 -100.00 -100.00
 161   146.273 56248.63826284 16.29 118.070642  59.720106 12.496 -100.00 -100.00 -100.00
 161   146.603 56248.63826343 17.71 118.074742  59.721726 14.463 -100.00 -100.00 -100.00
 161   146.982 56248.63826402 16.42 118.078842  59.723346 10.816 -100.00 -100.00 -100.00
 162   146.480 56258.55390810 16.14 118.072258  59.720405 12.454  248.46  243.55  235.97
 162   146.742 56258.55390869 14.93 118.076358  59.722025 10.037  248.46  243.55  235.97
 162   147.426 56258.55390928 15.01 118.080458  59.723645  9.484  248.46  243.55  235.97
 163   146.130 56268.46955002 15.42 118.069950  59.720462 10.797 -100.00 -100.00 -100.00
 163   146.696 56268.46955061 13.97 118.074050  59.722083  7.680 -100.00 -100.00 -100.00
 163   146.933 56268.46955120 15.27 118.078151  59.723703 11.418 -100.00 -100.00 -100.00
 164   146.196 56278.38519048 11.20 118.069322  59.720901  7.094 -100.00 -100.00 -100.00
 164   146.870 56278.38519107 11.90 118.073422  59.722521  6.747 -100.00 -100.00 -100.00
 164   147.268 56278.38519166 12.05 118.077523  59.724141  8.600 -100.00 -100.00 -100.00
 165   146.497 56288.30083977  9.89 118.067719  59.720729  5.754 -100.00 -100.00 -100.00
 165   146.722 56288.30084036 10.50 118.071819  59.722350  6.917 -100.00 -100.00 -100.00
 165   147.079 56288.30084095 10.13 118.075920  59.723970  7.155 -100.00 -100.00 -100.00
 166   146.864 56298.21648910 10.72 118.071715  59.720367  8.823 -100.00 -100.00 -100.00
 166   147.073 56298.21648969 11.57 118.075816  59.721987 10.318 -100.00 -100.00 -100.00
 166   147.492 56298.21649028 14.26 118.079917  59.723607 14.609 -100.00 -100.00 -100.00
 167   147.862 56308.13213431  8.12 118.075038  59.719239  5.598 -100.00 -100.00 -100.00
 167   147.584 56308.13213490  9.35 118.079139  59.720860  7.759 -100.00 -100.00 -100.00
 168   146.614 56318.04777646 12.55 118.074396  59.718129 13.709 -100.00 -100.00 -100.00
 168   147.035 56318.04777705 12.96 118.078497  59.719749 13.527 -100.00 -100.00 -100.00
 168   147.309 56318.04777764 15.28 118.082598  59.721369 19.828 -100.00 -100.00 -100.00
 169   146.507 56327.96341721  7.98 118.071169  59.718701  5.993 -100.00 -100.00 -100.00
 169   146.687 56327.96341781 13.46 118.075270  59.720321 15.814 -100.00 -100.00 -100.00
 169   147.060 56327.96341840 16.02 118.079371  59.721941 22.069 -100.00 -100.00 -100.00
 170   146.444 56337.87905707  8.01 118.068975  59.719636  6.243 -100.00 -100.00 -100.00
 170   146.356 56337.87905766 15.16 118.073075  59.721256 21.569 -100.00 -100.00 -100.00
 170   146.895 56337.87905825 14.72 118.077176  59.722876 20.330 -100.00 -100.00 -100.00
 171   147.221 56347.79469543 10.08 118.071268  59.720209  8.320 -100.00 -100.00 -100.00
 171   147.466 56347.79469602  9.35 118.075368  59.721829  8.887 -100.00 -100.00 -100.00
 171   147.134 56347.79469661 10.71 118.079468  59.723449 12.292 -100.00 -100.00 -100.00
 177   146.102 56407.28855842 15.07 118.066698  59.722158  9.706 -100.00 -100.00 -100.00
 177   146.569 56407.28855901 17.00 118.070799  59.723778 16.011 -100.00 -100.00 -100.00
 177   146.887 56407.28855960 19.76 118.074900  59.725398 22.137 -100.00 -100.00 -100.00
 178   536.983 56417.20419576  1.80 118.067694  59.720887  3.439 -100.00 -100.00 -100.00
 178   537.279 56417.20419635  0.83 118.071794  59.722507  2.703 -100.00 -100.00 -100.00
 178   535.602 56417.20419694  0.56 118.075894  59.724127  2.429 -100.00 -100.00 -100.00
 179   144.527 56427.11982834 38.77 118.070167  59.718565 17.835  266.49  265.71  265.68
 179   144.751 56427.11982893 40.78 118.074267  59.720186 18.114  266.49  265.71  265.68
 179   144.025 56427.11982952 53.08 118.078367  59.721806   -100  266.49  265.71  265.68
 181   140.270 56446.95113222 43.66 118.071038  59.721213 25.995 -100.00 -100.00 -100.00
 181   140.006 56446.95113282 49.07 118.075139  59.722833   -100 -100.00 -100.00 -100.00
 181   140.023 56446.95113341 52.33 118.079240  59.724453   -100 -100.00 -100.00 -100.00
 182   140.819 56456.86678096 39.68 118.066355  59.721065 27.792 -100.00 -100.00 -100.00
 182   140.801 56456.86678155 40.93 118.070455  59.722685 28.379 -100.00 -100.00 -100.00
 182   140.952 56456.86678214 44.01 118.074556  59.724305 27.132 -100.00 -100.00 -100.00
 183   138.468 56466.78242702 34.62 118.067131  59.721240 26.881 -100.00 -100.00 -100.00
 183   138.600 56466.78242761 33.25 118.071231  59.722860 20.887 -100.00 -100.00 -100.00
 183   138.572 56466.78242820 33.45 118.075331  59.724480 20.554 -100.00 -100.00 -100.00
 184   140.814 56476.69806919 37.92 118.070345  59.720303 17.389 -100.00 -100.00 -100.00
 184   140.690 56476.69806978 42.98 118.074445  59.721923 22.773 -100.00 -100.00 -100.00
 184   140.210 56476.69807037 48.12 118.078545  59.723543   -100 -100.00 -100.00 -100.00
 185   139.413 56486.61370736 37.74 118.071741  59.717710 25.824 -100.00 -100.00 -100.00
 185   139.326 56486.61370795 40.94 118.075841  59.719330   -100 -100.00 -100.00 -100.00
 185   139.672 56486.61370854 42.03 118.079941  59.720950 25.130 -100.00 -100.00 -100.00
 187   141.692 56506.44497800 34.17 118.075773  59.718010 13.120 -100.00 -100.00 -100.00
 187   140.951 56506.44497859 35.78 118.079872  59.719630 21.587 -100.00 -100.00 -100.00
 187   141.092 56506.44497918 39.69 118.083973  59.721250   -100 -100.00 -100.00 -100.00
 188   140.165 56516.36061255 39.17 118.074362  59.718209 32.000  283.66  282.86  281.41
 188   140.573 56516.36061314 42.90 118.078461  59.719830 23.443  283.66  282.86  281.41
 188   139.725 56516.36061373 54.00 118.082561  59.721450  6.993  283.66  282.86  281.41
 189   147.042 56526.27626744 20.50 118.073928  59.719887  9.099 -100.00 -100.00 -100.00
 189   147.144 56526.27626803 24.82 118.078028  59.721508 16.413 -100.00 -100.00 -100.00
 190   146.699 56536.19191777 23.06 118.072385  59.719056 12.408 -100.00 -100.00 -100.00
 190   147.102 56536.19191836 22.85 118.076485  59.720676 12.984 -100.00 -100.00 -100.00
 190   147.423 56536.19191895 27.01 118.080585  59.722296 20.179 -100.00 -100.00 -100.00
 192   145.185 56556.02320860 35.09 118.073341  59.719395 13.602  268.82  267.94  267.79
 192   137.583 56556.02320919 47.17 118.077442  59.721015 30.269  268.82  267.94  267.79
 192   137.535 56556.02320978 51.64 118.081543  59.722635   -100  268.82  267.94  267.79
 193   137.251 56565.93885105 36.27 118.069958  59.719979 32.161 -100.00 -100.00 -100.00
 193   138.369 56565.93885164 38.85 118.074059  59.721599 17.118 -100.00 -100.00 -100.00
 193   137.705 56565.93885223 48.32 118.078159  59.723219   -100 -100.00 -100.00 -100.00
 194   136.229 56575.85449262 37.49 118.070120  59.722040   -100 -100.00 -100.00 -100.00
 194   136.712 56575.85449322 49.10 118.074221  59.723660   -100 -100.00 -100.00 -100.00
 194   136.465 56575.85449381 53.06 118.078321  59.725280 16.974 -100.00 -100.00 -100.00
 195   136.348 56585.77013078 31.24 118.070629  59.722308 24.305 -100.00 -100.00 -100.00
 195   146.758 56585.77013137 29.31 118.074729  59.723928   -100 -100.00 -100.00 -100.00
 196   135.480 56595.68576797 38.91 118.069434  59.720057   -100 -100.00 -100.00 -100.00
 196   135.639 56595.68576856 40.75 118.073534  59.721677 32.606 -100.00 -100.00 -100.00
 196   135.533 56595.68576915 45.16 118.077634  59.723297   -100 -100.00 -100.00 -100.00
 197   146.004 56605.60142065 23.62 118.071200  59.720700 14.632 -100.00 -100.00 -100.00
 197   137.255 56605.60142124 29.37 118.075300  59.722320 24.648 -100.00 -100.00 -100.00
 197   137.370 56605.60142183 30.28 118.079400  59.723940 24.141 -100.00 -100.00 -100.00
 198   146.100 56615.51706792 18.31 118.068628  59.719645 10.775 -100.00 -100.00 -100.00
 198   146.644 56615.51706851 18.98 118.072728  59.721265  9.273 -100.00 -100.00 -100.00
 198   146.686 56615.51706910 19.79 118.076828  59.722885 10.635 -100.00 -100.00 -100.00
 199   146.072 56625.43271209 16.72 118.069013  59.720007 10.026 -100.00 -100.00 -100.00
 199   146.405 56625.43271268 17.01 118.073114  59.721627 10.241 -100.00 -100.00 -100.00
 199   146.974 56625.43271327 16.79 118.077214  59.723247  9.426 -100.00 -100.00 -100.00
 200   146.177 56635.34835379 13.85 118.071420  59.720880  8.026 -100.00 -100.00 -100.00
 200   147.042 56635.34835438 13.76 118.075521  59.722500  6.833 -100.00 -100.00 -100.00
 200   147.455 56635.34835497 14.74 118.079622  59.724120  9.768 -100.00 -100.00 -100.00
 201   146.375 56645.26399252 13.50 118.073077  59.720262  6.628 -100.00 -100.00 -100.00
 201   146.843 56645.26399311 15.58 118.077177  59.721883 10.906 -100.00 -100.00 -100.00
 202   146.570 56655.17964522 11.02 118.072905  59.719981  5.047  250.72  246.49  238.43
 202   146.941 56655.17964581 13.90 118.077005  59.721602  9.657  250.72  246.49  238.43
 202   147.233 56655.17964640 13.20 118.081107  59.723222  8.736  250.72  246.49  238.43
 203   146.835 56665.09529369 10.66 118.074126  59.719582  5.479  242.36  236.38  225.75
 203   147.217 56665.09529428 11.15 118.078227  59.721202  5.946  242.36  236.38  225.75
 205   146.625 56684.92658363 10.88 118.072036  59.719837  6.213 -100.00 -100.00 -100.00
 205   146.920 56684.92658422 12.69 118.076137  59.721457  9.419 -100.00 -100.00 -100.00
 205   146.982 56684.92658481 12.45 118.080238  59.723077  8.643 -100.00 -100.00 -100.00
 206   146.585 56694.84222610 12.02 118.071749  59.720699  7.466 -100.00 -100.00 -100.00
 206   146.869 56694.84222669 11.40 118.075850  59.722319  6.238 -100.00 -100.00 -100.00
 206   147.142 56694.84222728 12.04 118.079951  59.723939  8.591 -100.00 -100.00 -100.00
 207   146.409 56704.75786398 10.49 118.072073  59.720176  6.901  238.11  229.91  214.09
 207   146.584 56704.75786457 11.23 118.076173  59.721796  7.421  238.11  229.91  214.09
 207   147.271 56704.75786516 11.22 118.080274  59.723416  6.939  238.11  229.91  214.09
 208   146.276 56714.67349617  9.82 118.071980  59.717877  5.354 -100.00 -100.00 -100.00
 208   146.929 56714.67349676 10.02 118.076080  59.719497  5.287 -100.00 -100.00 -100.00
 208   147.453 56714.67349735  9.78 118.080180  59.721117  5.421 -100.00 -100.00 -100.00
 210   146.403 56734.50479762  9.58 118.070339  59.720026  5.104 -100.00 -100.00 -100.00
 210   146.973 56734.50479821  9.98 118.074439  59.721646  5.990 -100.00 -100.00 -100.00
 210   147.506 56734.50479880  9.24 118.078540  59.723266  4.744 -100.00 -100.00 -100.00
 213   136.282 56764.25172374 32.63 118.066634  59.721010 31.809 -100.00 -100.00 -100.00
 213   136.520 56764.25172434 31.22 118.070734  59.722631 23.684 -100.00 -100.00 -100.00
 213   136.125 56764.25172493 31.03 118.074835  59.724251 24.906 -100.00 -100.00 -100.00
 215   139.361 56784.08301689 38.17 118.069007  59.720995   -100 -100.00 -100.00 -100.00
 215   139.923 56784.08301748 43.08 118.073107  59.722615 25.620 -100.00 -100.00 -100.00
 215   139.489 56784.08301808 52.28 118.077208  59.724235   -100 -100.00 -100.00 -100.00
 216   139.324 56793.99867063 38.05 118.069740  59.722738 20.563 -100.00 -100.00 -100.00
 216   140.319 56793.99867122 50.22 118.073841  59.724358 31.981 -100.00 -100.00 -100.00
 216   140.287 56793.99867181 52.79 118.077942  59.725978   -100 -100.00 -100.00 -100.00
 217   141.029 56803.91432062 38.94 118.067875  59.723095 16.348 -100.00 -100.00 -100.00
 217   139.370 56803.91432121 51.12 118.071976  59.724715   -100 -100.00 -100.00 -100.00
 217   139.356 56803.91432180 51.02 118.076078  59.726335 10.551 -100.00 -100.00 -100.00
 218   140.403 56813.82996300 38.19 118.067159  59.721849 21.587 -100.00 -100.00 -100.00
 218   141.215 56813.82996359 42.06 118.071259  59.723469 18.454 -100.00 -100.00 -100.00
 218   140.818 56813.82996418 50.82 118.075360  59.725089   -100 -100.00 -100.00 -100.00
 219   142.356 56823.74560251 42.15 118.071793  59.721569 21.689 -100.00 -100.00 -100.00
 219   141.840 56823.74560310 49.49 118.075894  59.723189   -100 -100.00 -100.00 -100.00
 221   137.876 56843.57686884 36.40 118.072852  59.717485 22.284  275.27  274.09  273.05
 221   138.147 56843.57686943 38.20 118.076951  59.719105 18.926  275.27  274.09  273.05
 221   138.718 56843.57687002 51.25 118.081051  59.720725   -100  275.27  274.09  273.05
 222   137.831 56853.49251103 27.75 118.071741  59.717502 12.796  286.39  286.15  284.09
 222   138.037 56853.49251162 27.66 118.075840  59.719122 11.472  286.39  286.15  284.09
 222   137.538 56853.49251221 28.68 118.079940  59.720742 14.581  286.39  286.15  284.09
 223   136.336 56863.40816511 34.55 118.069998  59.718916   -100 -100.00 -100.00 -100.00
 223   136.946 56863.40816570 38.39 118.074098  59.720536 32.000 -100.00 -100.00 -100.00
 223   136.997 56863.40816629 50.49 118.078198  59.722156   -100 -100.00 -100.00 -100.00
 224   137.652 56873.32381861 40.85 118.068593  59.719780 29.784 -100.00 -100.00 -100.00
 224   137.885 56873.32381920 42.17 118.072693  59.721400 25.798 -100.00 -100.00 -100.00
 224   137.689 56873.32381979 44.66 118.076793  59.723020   -100 -100.00 -100.00 -100.00
 225   147.194 56883.23946936 20.51 118.071038  59.721164 13.415 -100.00 -100.00 -100.00
 225   147.138 56883.23946995 23.69 118.075138  59.722784 21.658 -100.00 -100.00 -100.00
 225   147.770 56883.23947054 26.00 118.079239  59.724404 24.521 -100.00 -100.00 -100.00
 226   138.425 56893.15511601 36.45 118.069107  59.720488 13.804 -100.00 -100.00 -100.00
 226   138.556 56893.15511660 38.11 118.073207  59.722109 15.740 -100.00 -100.00 -100.00
 226   138.133 56893.15511719 45.39 118.077308  59.723728 25.173 -100.00 -100.00 -100.00
 227   138.654 56903.07075962 36.43 118.067907  59.720686 30.546 -100.00 -100.00 -100.00
 227   139.975 56903.07076021 39.98 118.072007  59.722306 20.005 -100.00 -100.00 -100.00
 227   139.127 56903.07076080 51.34 118.076108  59.723926   -100 -100.00 -100.00 -100.00
 228   137.867 56912.98640173 44.81 118.069364  59.723036 31.287 -100.00 -100.00 -100.00
 228   137.722 56912.98640232 42.90 118.073465  59.724656 31.267 -100.00 -100.00 -100.00
 228   137.601 56912.98640291 46.63 118.077566  59.726276   -100 -100.00 -100.00 -100.00
 229   138.928 56922.90204164 37.38 118.068378  59.723601 14.814 -100.00 -100.00 -100.00
 229   138.592 56922.90204223 38.13 118.072478  59.725221 19.891 -100.00 -100.00 -100.00
 229   138.565 56922.90204282 39.72 118.076580  59.726841 24.070 -100.00 -100.00 -100.00
 230   143.325 56932.81767886 35.26 118.066700  59.722349 12.532 -100.00 -100.00 -100.00
 230   137.354 56932.81767945 40.15 118.070800  59.723969 20.573 -100.00 -100.00 -100.00
 230   137.710 56932.81768004 51.40 118.074901  59.725589   -100 -100.00 -100.00 -100.00
 231   136.811 56942.73331134 36.23 118.070663  59.721331 15.519 -100.00 -100.00 -100.00
 231   136.204 56942.73331193 37.07 118.074763  59.722951 23.501 -100.00 -100.00 -100.00
 231   136.494 56942.73331253 43.65 118.078863  59.724571   -100 -100.00 -100.00 -100.00
 232   136.030 56952.64895586 41.29 118.072266  59.720587 30.581 -100.00 -100.00 -100.00
 232   136.144 56952.64895645 43.29 118.076366  59.722207 27.860 -100.00 -100.00 -100.00
 232   135.723 56952.64895704 47.48 118.080466  59.723827 15.559 -100.00 -100.00 -100.00
 233   135.649 56962.56460632 37.23 118.070190  59.720355 31.527  260.82  258.44  256.98
 233   135.960 56962.56460691 38.92 118.074289  59.721975 31.515  260.82  258.44  256.98
 233   135.443 56962.56460750 37.47 118.078390  59.723594   -100  260.82  258.44  256.98
 234   134.704 56972.48025233 37.33 118.069965  59.721385 22.979 -100.00 -100.00 -100.00
 234   134.360 56972.48025292 41.19 118.074065  59.723005   -100 -100.00 -100.00 -100.00
 234   134.100 56972.48025352 38.34 118.078166  59.724625   -100 -100.00 -100.00 -100.00
 235   136.254 56982.39589415 30.31 118.070250  59.721685 30.616 -100.00 -100.00 -100.00
 235   136.346 56982.39589474 28.88 118.074350  59.723305 28.517 -100.00 -100.00 -100.00
 235   136.130 56982.39589533 25.57 118.078451  59.724925 19.481 -100.00 -100.00 -100.00
 236   135.562 56992.31153127 28.22 118.071237  59.720243   -100 -100.00 -100.00 -100.00
 236   136.019 56992.31153186 27.37 118.075337  59.721863 28.322 -100.00 -100.00 -100.00
 236   135.756 56992.31153245 24.53 118.079438  59.723483 20.364 -100.00 -100.00 -100.00
 237   136.197 57002.22716541 24.55 118.074271  59.717893 17.758 -100.00 -100.00 -100.00
 237   136.348 57002.22716600 27.19 118.078371  59.719514 23.808 -100.00 -100.00 -100.00
 237   136.229 57002.22716659 24.11 118.082472  59.721134 16.572 -100.00 -100.00 -100.00
 238   135.977 57012.14282275 22.82 118.074342  59.718137 16.898  247.24  241.71  230.11
 238   135.917 57012.14282334 23.92 118.078442  59.719757 20.902  247.24  241.71  230.11
 238   136.030 57012.14282393 23.55 118.082543  59.721377 15.370  247.24  241.71  230.11
 239   135.785 57022.05847406 22.63 118.072007  59.718178 16.800  249.88  243.96  231.45
 239   135.596 57022.05847465 25.23 118.076107  59.719798 23.131  249.88  243.96  231.45
 239   135.860 57022.05847524 23.94 118.080208  59.721418 19.094  249.88  243.96  231.45
 240   135.540 57031.97412309 27.53 118.072758  59.720673 31.432 -100.00 -100.00 -100.00
 240   135.733 57031.97412368 24.49 118.076859  59.722293 19.674 -100.00 -100.00 -100.00
 241   135.587 57041.88976913 24.34 118.068141  59.720322 19.931 -100.00 -100.00 -100.00
 241   135.613 57041.88976972 22.44 118.072242  59.721942 14.780 -100.00 -100.00 -100.00
 241   135.828 57041.88977031 21.33 118.076343  59.723562 12.048 -100.00 -100.00 -100.00
 242   135.373 57051.80541347 23.13 118.067955  59.720226 17.776 -100.00 -100.00 -100.00
 242   135.688 57051.80541406 22.96 118.072056  59.721846 16.424 -100.00 -100.00 -100.00
 242   135.632 57051.80541465 22.82 118.076156  59.723466 14.308 -100.00 -100.00 -100.00
 243   135.174 57061.72105356 17.94 118.069709  59.719036 11.210  248.22  240.39  223.73
 243   135.645 57061.72105415 17.30 118.073809  59.720656  9.100  248.22  240.39  223.73
 243   135.188 57061.72105474 17.28 118.077910  59.722276  9.379  248.22  240.39  223.73
 244   135.449 57071.63668834 18.91 118.071897  59.718122 11.765 -100.00 -100.00 -100.00
 244   135.253 57071.63668893 19.09 118.075997  59.719742 12.220 -100.00 -100.00 -100.00
 244   135.530 57071.63668952 17.97 118.080097  59.721362 10.840 -100.00 -100.00 -100.00
 245   135.053 57081.55231903 17.85 118.073022  59.718148 10.403 -100.00 -100.00 -100.00
 245   135.180 57081.55231962 16.39 118.077122  59.719768  7.356 -100.00 -100.00 -100.00
 245   135.024 57081.55232021 19.07 118.081222  59.721388 12.723 -100.00 -100.00 -100.00
 246   135.029 57091.46796302 16.45 118.071996  59.720351 10.340 -100.00 -100.00 -100.00
 246   146.453 57091.46796361 15.78 118.076096  59.721971  7.736 -100.00 -100.00 -100.00
 246   146.436 57091.46796420 16.97 118.080196  59.723591  9.764 -100.00 -100.00 -100.00
 248   135.200 57111.29927465 32.22 118.066388  59.722958   -100 -100.00 -100.00 -100.00
 248   135.154 57111.29927524 32.90 118.070489  59.724578   -100 -100.00 -100.00 -100.00
 248   135.044 57111.29927583 34.78 118.074590  59.726198   -100 -100.00 -100.00 -100.00
 249   135.238 57121.21492324 30.20 118.068860  59.722109   -100 -100.00 -100.00 -100.00
 249   135.246 57121.21492383 27.52 118.072961  59.723729 32.130 -100.00 -100.00 -100.00
 249   134.964 57121.21492442 28.12 118.077062  59.725350   -100 -100.00 -100.00 -100.00
 250   135.267 57131.13056598 23.23 118.070692  59.720773 23.615 -100.00 -100.00 -100.00
 250   135.251 57131.13056657 25.14 118.074793  59.722393 30.952 -100.00 -100.00 -100.00
 250   135.229 57131.13056716 22.55 118.078894  59.724013 20.900 -100.00 -100.00 -100.00
