# NaN NaN NaN ;Mean Elev.(m), Avg Gradient(m/km), RMS Gradient(m/km) - SRTM1     
#   18.241  -2.630   7.284 ;Mean Elev.(m), Avg Gradient(m/km), RMS Gradient(m/km) - ASTER GDEM
#   24.000  -3.102   6.150 ;Mean Elev.(m), Avg Gradient(m/km), RMS Gradient(m/km) - GMTED2010 
   1 124.223463  65.529618    42.351    42.246  7 54661.20147641 29.082
   2 124.223389  65.529914    41.432    41.428  6 54671.11712186 47.436
   3 124.221375  65.530780   -10.868   -10.866  6 54681.03276556  8.795
   4 124.224365  65.531768    43.276    43.257  7 54690.94840855 54.179
   5 124.222724  65.531275    -9.147    -9.127  6 54700.86404873  8.385
   6 124.223168  65.529909    42.854    42.808  6 54710.77969503 24.534
   7 124.222370  65.528555    -3.211    -0.103  7 54720.69534609 20.826
   8 124.223520  65.527812    44.456    44.521  7 54730.61099476 50.987
   9 124.222045  65.527958    42.339    42.333  7 54740.52664165 54.175
  11 124.220968  65.528724    88.271    88.422  7 54760.35793547 18.494
  12 124.220062  65.528116   104.321   104.358  7 54770.27357985 11.402
  17 124.221750  65.528466    39.909    39.941  7 54819.85177355 18.357
  18 124.223056  65.529180    39.932    39.925  6 54829.76742594 17.718
  19 124.221979  65.529633    39.807    39.809  6 54839.68306462 17.236
  20 124.223499  65.530792    39.701    39.698  7 54849.59871386 16.617
  21 124.222656  65.531975    39.404    39.477  6 54859.51436244 16.037
  22 124.226910  65.533138    39.642    39.667  6 54869.43001162 15.433
  23 124.222119  65.531824    39.136    39.125  6 54879.34565883 15.139
  24 124.223409  65.529841    39.396    39.412  6 54889.26130341 14.650
  25 124.223680  65.527970    39.300    39.386  7 54899.17694471 14.452
  26 124.224101  65.527873    39.758    39.809  7 54909.09258372 14.452
  27 124.222459  65.528733    39.719    39.767  6 54919.00822130 14.408
  28 124.221340  65.529180    40.820    41.011  6 54928.92385866 13.851
  29 124.222064  65.528263    40.299    40.517  6 54938.83949528 13.250
  30 124.220725  65.526410    39.175    39.348  7 54948.75513000 40.249
  31 124.223199  65.525477    40.623    40.433  7 54958.67076703 34.218
  32 124.222246  65.526069    43.686    43.362  7 54968.58641548 31.154
  33 124.219524  65.527297    45.514    45.463  7 54978.50206272 54.054
  34 124.223483  65.528881    44.724    44.767  7 54988.41771057 23.509
  35 124.221159  65.528959    45.586    45.659  7 54998.33335792 28.319
  36 124.221693  65.529104    44.643    44.657  6 55008.24900375 55.513
  37 124.223222  65.529601    43.440    43.444  6 55018.16464774 53.685
  38 124.222807  65.530680    43.056    43.002  6 55028.08029018 24.993
  39 124.225150  65.532183    42.664    42.680  6 55037.99593236 28.363
  40 124.225839  65.532471    41.879    42.165  5 55047.91157320 29.918
  41 124.223791  65.530594    42.767    42.612  6 55057.82721171 49.115
  42 124.222317  65.527774    42.032    42.091  6 55067.74284922 29.427
  43 124.223720  65.526391    42.642    42.530  7 55077.65849944 26.988
  44 124.219458  65.526464    42.226    42.336  7 55087.57414681 31.288
  45 124.220651  65.528275    42.452    42.342  7 55097.48979319 27.614
  46 124.223250  65.529709    42.793    42.860  7 55107.40543926 23.364
  47 124.223697  65.529094    42.131    42.174  7 55117.32108438 30.604
  49 124.230022  65.526349    39.634    39.689  5 55137.15236812 43.823
  51 124.234223  65.528956    40.084    40.084  2 55156.98364513 24.220
  52 124.227207  65.529748    40.107    39.995  4 55166.89928238 22.843
  53 124.223515  65.529680    40.632    40.722  6 55176.81491949 22.200
  54 124.221763  65.528722    40.851    40.774  7 55186.73056220 20.882
  55 124.221785  65.528855    40.898    41.048  7 55196.64621316 20.430
  56 124.224043  65.530430    40.367    40.140  6 55206.56186323 19.766
  57 124.226473  65.532438    40.685    40.682  6 55216.47751275 18.619
  58 124.225579  65.532847    40.917    40.940  5 55226.39316131 17.533
  59 124.221244  65.530736    40.701    40.751  6 55236.30880697 17.298
  60 124.219488  65.527634    41.513    41.222  7 55246.22444942 16.573
  61 124.220557  65.525767    41.699    41.351  7 55256.14008951 16.028
  62 124.219012  65.526200    41.472    41.283  7 55266.05572822 15.638
  63 124.221304  65.528529    41.315    41.348  7 55275.97136660 15.497
  64 124.224593  65.529857    41.621    41.396  6 55285.88700409 15.435
  65 124.220464  65.528170    41.291    41.256  7 55295.80263872 14.920
  66 124.220530  65.525726    42.654    42.653  7 55305.71827819 14.934
  67 124.222462  65.524733    40.309    40.953  7 55315.63392531 35.657
  68 124.222696  65.525821    38.953    38.818  7 55325.54957088 43.321
  69 124.223718  65.528273    40.359    40.319  7 55335.46521542 44.404
  70 124.222891  65.530019    47.000    46.986  6 55345.38085938 54.577
  71 124.223665  65.530276    44.064    44.049  6 55355.29650242 47.369
  72 124.223480  65.529690    43.760    43.665  6 55365.21214329 26.437
  73 124.222587  65.529214    43.181    43.106  6 55375.12778252 26.476
  74 124.222493  65.529782    42.538    42.498  6 55385.04342078 48.420
  75 124.221874  65.530529    43.538    43.504  6 55394.95905812 25.034
  76 124.225786  65.531043    42.534    42.563  6 55404.87469767 29.501
  77 124.221330  65.529474    41.604    41.712  6 55414.79034868 35.834
  78 124.221685  65.527251    42.538    42.574  6 55424.70599699 26.383
  79 124.222451  65.525609    40.958    40.964  7 55434.62164277 55.018
  80 124.219523  65.525789    41.614    41.506  7 55444.53728686 34.309
  81 124.219554  65.527630    41.849    41.891  7 55454.45293021 29.945
  82 124.223635  65.529612    40.934    40.978  7 55464.36857317 55.319
  83 124.222538  65.528881    40.910    40.958  6 55474.28421295 31.795
  85 124.222331  65.524720    39.390    39.409  8 55494.11548453 44.155
  86 124.223998  65.525332    39.756    39.767  7 55504.03111840 32.441
  87 124.221478  65.527646    39.291    39.266  6 55513.94676693 23.801
  88 124.223378  65.530147    39.801    39.764  6 55523.86241678 21.262
  89 124.224428  65.530970    40.004    40.010  6 55533.77806476 19.597
  90 124.224956  65.530377    39.730    39.723  6 55543.69371080 19.009
  91 124.223285  65.529758    39.605    39.629  7 55553.60935470 17.682
  92 124.225212  65.530493    39.381    39.354  6 55563.52499791 16.376
  93 124.223840  65.531066    39.526    39.525  6 55573.44064020 15.308
  94 124.223067  65.530607    39.454    39.453  6 55583.35628114 14.713
  95 124.221200  65.528658    40.049    39.785  7 55593.27191850 13.888
  96 124.224345  65.526707    39.505    39.520  7 55603.18755297 13.139
  97 124.220302  65.525043    39.486    39.448  7 55613.10318468 13.065
  98 124.223279  65.525711    39.665    39.639  7 55623.01882109 12.911
  99 124.221799  65.527324    39.555    39.491  6 55632.93447382 12.467
 100 124.222024  65.528244    40.853    41.033  7 55642.85012441 11.489
 101 124.223604  65.528034    40.823    41.138  7 55652.76577220 11.254
 102 124.223312  65.526547    41.277    41.272  7 55662.68141554 10.474
 103 124.222855  65.525851    41.434    42.292  7 55672.59705589 26.278
 104 124.221567  65.526384    43.580    44.379  7 55682.51269477 27.989
 105 124.221893  65.528061    39.967    39.812  7 55692.42833235 36.767
 106 124.224254  65.529606    46.373    46.377  6 55702.34396852 53.420
 107 124.221618  65.529877    43.035    43.101  6 55712.25961121 31.339
 108 124.221110  65.529822    43.991    44.069  6 55722.17526069 21.468
 109 124.223087  65.530064    43.862    43.885  6 55732.09090838 24.764
 110 124.223337  65.530270    42.640    42.632  6 55742.00655463 27.886
 111 124.221690  65.530152    41.960    41.986  6 55751.92219940 38.291
 112 124.224629  65.529661    41.870    41.760  6 55761.83784224 28.886
 113 124.221776  65.528068    41.797    41.802  7 55771.75348168 36.585
 114 124.219820  65.526272    41.881    41.858  7 55781.66911769 54.413
 115 124.223483  65.525990    42.495    42.476  7 55791.58475171 55.856
 116 124.223285  65.526232    41.468    41.516  7 55801.50038434 49.337
 117 124.224189  65.527530    41.685    41.639  7 55811.41603470 29.183
 118 124.223755  65.527992    41.758    41.870  7 55821.33168338 28.140
 119 124.222277  65.527296    41.747    41.738  7 55831.24732713 24.304
 120 124.221559  65.526124    41.966    41.834  7 55841.16296635 32.070
 121 124.219771  65.525575    39.854    39.843  7 55851.07860242 48.996
 122 124.219523  65.526558    87.391    87.266  7 55860.99423663 19.027
 123 124.222754  65.528809    40.056    40.024  6 55870.90988960 32.107
 133 124.222242  65.526856    41.215    41.146  7 55970.06632977 12.549
 134 124.223524  65.527995    41.130    41.036  7 55979.98196619 12.751
 135 124.219458  65.527572    41.390    41.298  7 55989.89760116 12.452
 136 124.223821  65.527303    41.068    41.136  7 55999.81324502 11.766
 137 124.219780  65.526148    41.528    41.361  7 56009.72889529 11.891
 138 124.219290  65.526048    41.556    41.432  7 56019.64454184 11.737
 139 124.221367  65.527249    41.395    41.305  7 56029.56018577 11.477
 141 124.225252  65.530118    42.776    42.826  6 56049.39146793  7.775
 142 124.225494  65.530367    39.850    39.898  6 56059.30710511 44.874
 143 124.221972  65.529303    48.366    48.390  7 56069.22273940 54.083
 144 124.224670  65.529775    45.164    45.126  6 56079.13839080 27.932
 145 124.225855  65.530551    44.708    44.710  6 56089.05403933 56.545
 146 124.226207  65.531293    44.174    44.134  6 56098.96968527 27.288
 147 124.226113  65.530700    43.677    43.727  6 56108.88532874 23.487
 148 124.222897  65.528418    43.714    43.653  6 56118.80095737 26.760
 149 124.224528  65.526342    42.298    42.290  7 56128.71659438 50.980
 150 124.223456  65.525260    42.449    42.445  7 56138.63222777 38.045
 151 124.219883  65.526401    43.608    43.599  7 56148.54787540 53.012
 152 124.223348  65.528654    41.493    41.108  7 56158.46352497 41.151
 153 124.221826  65.529129    42.940    42.989  6 56168.37917287 53.448
 154 124.221014  65.527844    43.139    43.114  6 56178.29481781 55.361
 155 124.219695  65.526143    41.996    42.025  7 56188.21045820 51.657
 156 124.220823  65.525814    42.603    42.638  7 56198.12609544 30.149
 157 124.222462  65.527350    88.477    88.480  7 56208.04172992 28.488
 158 124.222203  65.529297    87.932    87.379  6 56217.95736258 19.531
 161 124.226271  65.530010    39.631    39.585  6 56247.70431224 24.959
 162 124.227023  65.529734    40.565    40.300  5 56257.61995776 22.534
 163 124.231566  65.530996    40.329    40.196  4 56267.53560040 20.981
 164 124.223573  65.530922    40.068    40.073  7 56277.45124017 20.121
 165 124.224446  65.530751    40.148    40.161  6 56287.36688841 18.652
 166 124.221832  65.528457    39.920    39.929  6 56297.28253747 18.239
 167 124.222462  65.526288    39.897    39.815  7 56307.19818286 17.333
 168 124.221031  65.525525    40.315    39.973  7 56317.11382526 16.622
 169 124.222385  65.527353    39.844    39.801  7 56327.02946648 16.117
 170 124.223108  65.529310    40.461    40.265  7 56336.94510664 15.558
 171 124.224497  65.529734    40.917    41.069  6 56346.86074519 14.454
 172 124.221084  65.527699    40.732    40.659  6 56356.77638065 13.744
 173 124.219906  65.526026    40.900    41.169  7 56366.69202837 13.846
 176 124.222841  65.530994    40.950    41.301  6 56396.43896665 12.954
 177 124.223714  65.532150    42.930    42.928  6 56406.35460818 16.575
 178 124.224870  65.531530    38.742    38.758  6 56416.27024613 48.633
 179 124.224615  65.529601    39.967    39.963  6 56426.18587913 48.814
 180 124.221717  65.528805    46.126    46.058  7 56436.10152880 28.137
 181 124.221955  65.529636    44.992    44.984  6 56446.01718062 56.005
 182 124.222593  65.530981    43.982    44.016  6 56455.93283013 24.268
 183 124.222284  65.530822    44.143    44.183  6 56465.84847639 43.013
 184 124.222430  65.528944    42.752    42.759  7 56475.76411878 29.276
 185 124.223184  65.526497    42.021    41.951  7 56485.67975768 39.500
 187 124.223554  65.526761    44.222    44.319  7 56505.51102830 25.894
 188 124.221503  65.528390    44.811    44.854  6 56515.42666119 53.968
 189 124.221788  65.529447    42.984    42.909  7 56525.34231531 30.060
 190 124.223457  65.528671    43.334    43.280  7 56535.25796632 23.280
 192 124.221199  65.526876    41.785    41.766  7 56555.08925742 55.610
 193 124.222275  65.528771    41.798    41.784  7 56565.00490038 27.678
 195 124.226027  65.532470    39.909    39.983  5 56584.83618082 48.607
 196 124.222280  65.531091    39.423    39.404  6 56594.75181625 40.711
 197 124.221531  65.529836    38.832    38.746  6 56604.66746907 24.949
 198 124.223678  65.529252    39.522    39.547  6 56614.58311740 23.162
 199 124.221564  65.529365    39.269    39.240  6 56624.49876156 22.232
 200 124.225304  65.530196    39.338    39.361  6 56634.41440351 20.740
 201 124.223753  65.529756    39.447    39.484  7 56644.33004022 20.440
 202 124.222598  65.528548    39.476    39.459  7 56654.24569306 18.405
 203 124.223145  65.527031    39.471    39.534  7 56664.16134178 17.961
 205 124.221893  65.527481    39.202    39.244  7 56683.99263248 15.655
 206 124.223585  65.529191    39.090    39.084  6 56693.90827541 17.265
 207 124.224629  65.529877    39.142    39.150  6 56703.82391387 15.236
 208 124.220940  65.528391    38.923    38.926  6 56713.73954650 13.979
 209 124.220160  65.527523    38.676    38.626  7 56723.65519570 15.714
 210 124.222533  65.528032    38.885    39.021  6 56733.57084649 13.823
 211 124.221183  65.529732    39.072    39.078  6 56743.48649360 12.821
 212 124.226405  65.532060    39.196    39.200  6 56753.40213702 12.515
 213 124.224456  65.532340    42.709    42.703  6 56763.31777432 27.491
 214 124.221775  65.530950    43.106    43.048  6 56773.23340724 32.216
 215 124.222466  65.530290    40.316    40.442  6 56783.14906480 37.730
 216 124.223657  65.530080    45.980    45.946  6 56793.06471875 41.809
 217 124.225106  65.530548    44.917    44.911  6 56802.98036997 54.312
 218 124.224094  65.530530    44.392    44.383  7 56812.89601294 54.985
 219 124.223823  65.529837    43.322    43.067  6 56822.81165242 29.562
 220 124.221398  65.528221    43.250    43.137  6 56832.72728749 24.405
 221 124.221818  65.526880    42.521    42.617  7 56842.64291943 26.893
 222 124.221958  65.526777    42.015    42.001  6 56852.55855952 54.081
 223 124.220625  65.527778    41.900    41.937  7 56862.47421363 29.226
 224 124.224129  65.529351    42.524    42.385  6 56872.38986766 22.018
 225 124.221640  65.529538    41.691    41.674  6 56882.30551799 42.883
 226 124.221891  65.529376    42.823    42.893  7 56892.22116495 25.899
 227 124.224160  65.529313    43.417    43.577  6 56902.13680901 22.790
 228 124.222877  65.530012    41.655    41.604  7 56912.05245083 54.634
 229 124.222537  65.531036    41.651    41.765  6 56921.96809113 36.485
 230 124.224350  65.532021    41.994    42.071  7 56931.88372936 27.518
 231 124.228454  65.532005    41.100    41.030  5 56941.79936256 27.082
 232 124.225494  65.530861    87.086    87.129  6 56951.71500438 24.787
 233 124.225132  65.530233    38.736    38.719  6 56961.63065547 35.608
 234 124.225274  65.530140    38.519    38.531  6 56971.54630171 25.833
 235 124.221609  65.529771    39.062    39.070  6 56981.46194353 25.279
 236 124.221125  65.529206    39.220    39.218  6 56991.37758119 23.367
 237 124.219839  65.527655    39.039    39.089  7 57001.29321262 22.002
 238 124.221561  65.527296    38.968    38.956  6 57011.20887041 21.684
 239 124.220221  65.526927    39.012    38.991  7 57021.12452204 20.232
 240 124.221125  65.527836    38.908    38.922  7 57031.04017102 19.784
 241 124.221634  65.528830    38.843    38.930  7 57040.95581806 19.340
 242 124.224731  65.529691    38.988    38.980  6 57050.87146323 17.987
 243 124.221265  65.528884    38.832    38.876  7 57060.78710357 18.347
 244 124.221232  65.528254    38.972    38.992  6 57070.70273866 16.077
 245 124.221852  65.528322    38.873    38.910  6 57080.61836956 17.033
 246 124.223828  65.529824    38.919    38.847  6 57090.53401079 17.052
 247 124.224696  65.531834    39.453    39.144  6 57100.44966873 13.730
 248 124.225426  65.532606    39.160    39.122  6 57110.36532349 13.601
 249 124.222356  65.531368    39.157    39.101  6 57120.28097221 13.232
 250 124.223345  65.530065    43.366    43.278  7 57130.19661546 18.747
