# NaN NaN NaN ;Mean Elev.(m), Avg Gradient(m/km), RMS Gradient(m/km) - SRTM1     
#  172.648     NaN     NaN ;Mean Elev.(m), Avg Gradient(m/km), RMS Gradient(m/km) - ASTER GDEM
#   92.314  -4.528  22.570 ;Mean Elev.(m), Avg Gradient(m/km), RMS Gradient(m/km) - GMTED2010 
   1 128.022178  61.254480    97.407    97.331  5 54668.06978563 49.560
   2 128.017185  61.254255   226.136   226.183  4 54677.98542948  5.418
   3 128.012588  61.254441    12.705    12.703  5 54687.90107211  0.487
   4 128.010152  61.253934   226.533   226.669  5 54697.81671292  5.101
   5 128.020147  61.255501    12.435    12.436  3 54707.73235592  1.516
   6 128.022096  61.254419   224.730   224.614  4 54717.64800772  6.301
   7 128.027510  61.254588    13.000    13.009  5 54727.56365748  5.712
   8 128.025770  61.254437   226.826   224.728  5 54737.47930503  5.067
   9 128.018468  61.254149   223.700   223.079  4 54747.39495178  7.999
  10 128.013756  61.254483    96.099    96.095  4 54757.31059848 21.954
  11 128.014316  61.254438    96.275    96.181  4 54767.22624364 45.091
  12 128.021471  61.254336    95.339    95.339  4 54777.14188612 44.260
  13 128.028227  61.254176    95.437    95.455  5 54787.05752611 35.339
  14 128.030359  61.254357    95.447    95.482  5 54796.97316453 32.302
  17 128.019570  61.254417    96.342    96.384  4 54826.72008720 23.822
  18 128.017202  61.254252    96.195    96.185  5 54836.63572608 22.745
  19 128.012067  61.253858    96.144    96.179  5 54846.55137503 20.156
  20 128.010673  61.254851    96.064    96.079  5 54856.46702393 18.841
  21 128.006010  61.254911    95.869    95.863  5 54866.38267246 16.273
  22 128.004430  61.254586    95.888    95.916  5 54876.29832073 15.880
  23 128.008214  61.254381    95.752    95.801  5 54886.21396656 15.927
  24 128.016474  61.254836    95.661    95.682  5 54896.12960943 16.574
  25 128.019539  61.254303    95.614    95.610  5 54906.04524898 16.577
  26 128.020006  61.254148    95.569    95.539  5 54915.96088710 15.189
  27 128.018008  61.253958    95.564    95.607  5 54925.87652470 13.512
  28 128.019978  61.254496    95.560    95.565  4 54935.79216208 14.974
  29 128.023987  61.254361    95.636    95.632  5 54945.70779763 43.164
  30 128.033645  61.254680    98.225    98.184  5 54955.62343123 46.338
  31 128.033569  61.254064   223.468   223.686  5 54965.53907877  9.943
  32 128.031439  61.254375   100.121   100.204  5 54975.45472655 29.437
  33 128.024242  61.254152   101.489   101.507  5 54985.37037367 38.721
  34 128.019772  61.254411   212.899   212.910  5 54995.28602110  6.727
  35 128.016223  61.254234   101.246   101.240  4 55005.20166709 53.437
  36 128.013804  61.253954    99.414    99.449  5 55015.11731095 43.933
  37 128.013235  61.254255    99.016    99.045  4 55025.03295360 47.885
  38 128.012185  61.254973    97.941    97.942  5 55034.94859568 43.121
  39 128.010440  61.254515    96.864    96.858  5 55044.86423677 54.610
  40 128.014776  61.254229    97.999    97.994  5 55054.77987670 52.828
  41 128.025446  61.254743    98.788    98.788  5 55064.69551505 51.787
  42 128.028836  61.254814    98.964    98.964  5 55074.61116243 54.080
  43 128.026167  61.254468    97.578    97.574  5 55084.52681008 53.760
  44 128.021541  61.254445    98.887    98.889  5 55094.44245608 25.068
  45 128.017053  61.253917    97.530    97.395  5 55104.35810194 29.784
  46 128.018688  61.254528    97.860    97.794  5 55114.27374830 53.172
  47 128.022534  61.254702    97.077    96.712  5 55124.18939235 20.805
  48 128.025586  61.254484    96.162    96.143  5 55134.10503345 44.063
  49 128.027799  61.254528    96.004    95.991  4 55144.02067232 35.434
  50 128.026944  61.254810    95.836    95.822  5 55153.93631021 31.520
  51 128.023541  61.254410    96.087    96.105  5 55163.85194810 28.810
  52 128.022091  61.254319    96.386    96.359  5 55173.76758594 23.106
  53 128.024446  61.254617   213.300   213.587  4 55183.68322434  8.243
  54 128.019455  61.254350    96.562    96.574  4 55193.59887500 20.891
  55 128.013825  61.254559    96.261    96.253  5 55203.51452444 20.059
  56 128.007787  61.254492    96.156    96.140  4 55213.43017321 19.261
  57 128.006810  61.254630    95.921    95.913  5 55223.34582204 18.809
  58 128.009326  61.254001    95.774    95.838  5 55233.26146961 16.955
  59 128.018887  61.254408    95.749    95.774  5 55243.17711471 16.372
  60 128.023786  61.254431    95.685    95.710  4 55253.09275610 14.997
  61 128.023114  61.254627    95.683    95.636  5 55263.00839478 14.460
  62 128.017999  61.254345    95.631    95.593  5 55272.92403198 14.339
  63 128.018037  61.254350    95.655    95.666  4 55282.83966937 13.759
  64 128.024833  61.254558    95.710    95.707  5 55292.75530613 12.635
  65 128.031473  61.253992    96.523    96.558  5 55302.67094228 14.999
  66 128.032857  61.254028    98.222    97.953  5 55312.58658999 23.716
  67 128.028520  61.253898   224.762   224.793  5 55322.50223495 11.341
  68 128.024232  61.254650   222.882   222.884  4 55332.41787887 11.928
  69 128.019224  61.254707   223.742   223.411  5 55342.33352263  9.612
  70 128.016680  61.253982    98.893    98.868  5 55352.24916628 39.671
  71 128.019620  61.254431    98.554    98.538  5 55362.16480837 55.707
  72 128.019016  61.254332    99.222    99.292  4 55372.08044804 24.928
  74 128.013475  61.254220    98.909    98.869  5 55391.91172328 41.461
  75 128.017378  61.254519    96.319    96.245  4 55401.82735973 31.066
  76 128.022159  61.254399    97.133    97.061  4 55411.74301038 23.244
  77 128.027913  61.254058    97.654    97.628  5 55421.65866040 31.036
  78 128.030627  61.254032    96.480    96.399  5 55431.57430740 26.181
  79 128.025356  61.254125    97.985    97.923  5 55441.48995160 25.301
  80 128.019203  61.254464    97.666    97.713  5 55451.40559430 44.428
  81 128.015839  61.254225    96.852    96.832  4 55461.32123652 25.409
  82 128.020679  61.253986    96.410    96.399  5 55471.23687812 53.110
  83 128.029345  61.254081    95.939    95.932  5 55481.15251718 55.152
  84 128.037839  61.255042    96.190    96.200  5 55491.06815389 42.607
  85 128.034914  61.254510    95.551    95.554  6 55500.98378730 42.941
  86 128.027522  61.254745    95.912    95.882  5 55510.89942969 38.838
  87 128.019998  61.254835    96.292    96.239  5 55520.81507863 35.575
  88 128.015586  61.254225    95.770    95.769  4 55530.73072667 28.307
  89 128.016444  61.254098    95.266    95.245  5 55540.64637362 24.228
  90 128.017182  61.254269    95.347    95.386  4 55550.56201848 21.306
  91 128.014479  61.254694    95.749    95.764  5 55560.47766154 17.947
  92 128.007750  61.253956    95.707    95.691  5 55570.39330332 17.195
  93 128.011496  61.254893    95.564    95.569  5 55580.30894526 14.027
  94 128.019310  61.254534    95.535    95.566  5 55590.22458457 14.185
  95 128.033458  61.254993    95.735    95.820  5 55600.14022140 12.897
  96 128.040514  61.254772    95.624    95.709  6 55610.05585516 13.052
  97 128.038895  61.254658    95.697    95.673  6 55619.97148670 13.362
  98 128.026434  61.254371    95.475    95.393  5 55629.88713610 12.637
  99 128.020467  61.254321    95.600    95.527  4 55639.80278635 11.360
 100 128.024679  61.254579    95.858    95.895  4 55649.71843516 10.588
 101 128.033016  61.254823    95.782    95.784  5 55659.63408102 10.802
 102 128.035582  61.254706    95.990    96.019  5 55669.54972273 16.814
 103 128.030976  61.254682   221.874   221.907  5 55679.46536178 16.411
 104 128.021928  61.254066   223.703   223.564  4 55689.38099849  9.196
 105 128.018239  61.254031    99.039    99.070  5 55699.29663429 51.779
 106 128.021218  61.254348    97.556    97.655  5 55709.21227260 43.434
 107 128.021548  61.254268    99.771    99.782  5 55719.12792323 29.798
 108 128.019734  61.254185    99.336    99.333  5 55729.04357123 52.911
 109 128.017660  61.254670    98.532    98.492  5 55738.95921780 26.072
 110 128.012291  61.254116    97.441    97.360  5 55748.87486266 29.136
 111 128.014962  61.254702    96.142    96.143  5 55758.79050605 53.925
 112 128.019128  61.253941    96.419    96.452  5 55768.70614662 52.951
 113 128.030896  61.254660    99.254    99.246  5 55778.62178491 43.146
 114 128.038269  61.254877    98.837    98.823  6 55788.53742026 42.976
 115 128.038686  61.255080    97.561    97.609  5 55798.45305374 27.162
 116 128.029716  61.254499    96.821    96.773  5 55808.36869789 23.012
 117 128.022250  61.253997    97.417    97.415  5 55818.28434625 54.529
 118 128.025187  61.254089    96.720    96.732  5 55828.19999161 25.799
 119 128.034336  61.254845    96.548    96.513  5 55838.11563323 24.944
 120 128.039604  61.254995    96.173    96.104  5 55848.03127130 46.966
 121 128.036355  61.254706    96.468    96.476  6 55857.94690626 35.171
 122 128.026304  61.254596    96.401    96.396  4 55867.86255146 44.109
 123 128.016770  61.254379    96.835    96.871  5 55877.77820234 32.696
 133 128.029967  61.254726    95.965    95.990  5 55976.93463358 14.810
 134 128.027434  61.254602    95.904    95.890  4 55986.85026944 14.236
 135 128.027939  61.254517    95.946    95.947  4 55996.76590711 15.254
 136 128.027874  61.254362    96.031    96.100  5 56006.68155848 13.691
 137 128.031872  61.254860    95.805    95.802  5 56016.59720621 13.435
 139 128.024408  61.254673    95.388    95.297  4 56036.42849281 27.272
 141 128.016459  61.254287   224.000   223.657  4 56056.25977103 14.478
 142 128.019185  61.254151   224.065   223.745  4 56066.17540516  9.498
 143 128.018683  61.254028    99.955    99.910  5 56076.09105212 31.373
 144 128.017160  61.254431   101.673   101.673  4 56086.00670119 54.753
 145 128.016897  61.254773   100.750   100.679  5 56095.92234791 39.873
 146 128.017769  61.254682    99.482    99.443  5 56105.83799253 55.571
 147 128.020792  61.254173   101.205   101.199  4 56115.75362282 42.526
 148 128.027281  61.254446    99.759    99.799  5 56125.66926137 18.763
 149 128.034817  61.255042   101.179   101.177  5 56135.58489612 41.975
 150 128.034432  61.255066    99.563    99.552  5 56145.50053831 54.888
 151 128.026476  61.253962    99.877    99.947  5 56155.41618735 22.241
 152 128.023395  61.254292    97.391    97.385  4 56165.33183605 28.813
 153 128.023238  61.254501    97.891    97.800  5 56175.24748280 25.851
 154 128.024956  61.254219    97.003    97.036  5 56185.16312455 33.457
 155 128.029164  61.254472    96.272    96.272  5 56195.07876277 26.599
 156 128.031207  61.255031    97.196    97.249  5 56204.99439783 45.490
 157 128.027546  61.254579    96.838    96.854  5 56214.91003070 50.481
 158 128.024589  61.254712    96.437    96.338  5 56224.82566754 45.987
 159 128.019038  61.254478    95.404    95.446  5 56234.74132260 37.724
 160 128.015958  61.253905    95.747    95.722  5 56244.65697394 27.411
 161 128.016748  61.254252    95.661    95.661  4 56254.57262079 27.027
 162 128.017034  61.254789    95.566    95.576  5 56264.48826353 23.423
 165 128.021847  61.254713    95.810    95.805  5 56294.23520080 19.510
 166 128.025001  61.254112    95.715    95.699  5 56304.15084793 18.163
 167 128.026998  61.254502    95.572    95.570  5 56314.06649111 17.394
 168 128.023356  61.254496    95.485    95.491  4 56323.98213160 16.918
 169 128.019980  61.254503    95.477    95.469  5 56333.89777136 16.537
 170 128.020539  61.254081    95.519    95.498  5 56343.81341076 15.880
 171 128.027814  61.254462    95.442    95.452  4 56353.72904857 15.379
 172 128.032299  61.254791    95.444    95.474  5 56363.64469213 13.903
 173 128.027416  61.254322    95.467    95.449  4 56373.56034056 14.684
 175 128.011725  61.254036    96.562    95.867  5 56393.39162945 13.546
 176 128.010164  61.253995    96.724    96.582  5 56403.30727174 26.998
 177 128.014294  61.254409   226.398   226.322  4 56413.22291171 14.525
 178 128.020215  61.254242   224.694   224.791  4 56423.13854680  8.268
 179 128.020429  61.254248   100.333   100.305  4 56433.05419005 42.957
 180 128.015019  61.254355    99.659    99.656  5 56442.96984194 28.859
 181 128.009547  61.254069   224.760   224.289  5 56452.88549118 12.054
 182 128.011399  61.253975    98.496    98.510  5 56462.80113850 45.284
 184 128.028943  61.254855    99.871    99.829  5 56482.63242447 18.725
 185 128.032071  61.255113    97.767    97.785  5 56492.54806170 34.792
 187 128.027331  61.254817   100.233   100.316  5 56512.37932881 30.392
 188 128.023993  61.254143    98.313    98.366  5 56522.29497597 35.561
 189 128.025449  61.254154    98.743    98.730  5 56532.21062878 45.208
 191 128.027163  61.254598    96.299    96.328  5 56552.04192284 25.098
 192 128.019308  61.254498    96.676    96.249  5 56561.95756481 22.615
 193 128.011758  61.254423    96.832    96.720  5 56571.87320560 34.291
 194 128.008901  61.254020    95.860    95.848  5 56581.78884499 42.533
 195 128.017165  61.254299    95.505    95.477  4 56591.70448119 43.582
 196 128.020802  61.254224    95.392    95.410  4 56601.62013084 25.746
 197 128.021105  61.254552    95.345    95.356  5 56611.53578064 22.891
 198 128.017033  61.254752    95.557    95.563  5 56621.45142556 21.013
 199 128.011930  61.254192    95.670    95.657  5 56631.36706734 19.442
 200 128.016570  61.254394    95.665    95.662  4 56641.28270615 17.328
 201 128.023343  61.254171    95.722    95.669  5 56651.19835486 17.566
 202 128.029226  61.254304    95.693    95.638  5 56661.11400574 16.736
 203 128.028759  61.254375    95.604    95.661  5 56671.02965272 15.973
 205 128.015155  61.254363    95.508    95.504  5 56690.86093947 15.006
 206 128.016612  61.254322    95.444    95.452  5 56700.77657910 13.943
 207 128.027316  61.254874    95.489    95.504  5 56710.69221488 13.144
 208 128.030120  61.254561    95.464    95.497  4 56720.60785801 13.654
 209 128.025184  61.254593   219.396   219.276  5 56730.52350947  5.751
 211 128.006231  61.254303    95.486    95.457  4 56750.35479989 13.898
 212 128.005950  61.254102    96.226    95.192  5 56760.27043896 28.662
 213 128.015826  61.254542   226.019   226.054  5 56770.18607254 16.883
 214 128.018100  61.254294   225.501   225.501  5 56780.10172466 11.218
 215 128.017333  61.254589   100.251   100.249  4 56790.01737984 53.836
 216 128.012637  61.254859    97.896    97.806  5 56799.93303136 51.569
 217 128.007297  61.254488    97.822    97.808  4 56809.84867617 41.971
 219 128.019226  61.254575    99.495    99.498  5 56829.67995376 53.600
 220 128.031908  61.254918   221.063   221.267  5 56839.59558809  8.646
 221 128.034527  61.254095    98.065    98.059  5 56849.51122154 37.751
 222 128.026532  61.254478    96.173    96.216  4 56859.42687544 26.634
 223 128.016870  61.254550    96.402    96.047  5 56869.34252829 31.550
 224 128.012613  61.254419    96.713    96.754  5 56879.25817925 29.395
 225 128.014907  61.254379    97.992    97.937  5 56889.17382734 23.620
 226 128.018719  61.254406    97.005    97.000  5 56899.08947281 53.213
 227 128.016207  61.254257    97.356    97.207  4 56909.00511530 22.754
 228 128.012311  61.254985    98.506    98.534  5 56918.92075587 26.950
 229 128.005955  61.254479    98.925    98.695  4 56928.83639397 23.487
 230 128.008178  61.254466    96.608    96.569  5 56938.75202851 43.130
 231 128.016510  61.254543    95.788    95.806  5 56948.66766374 44.773
 232 128.018761  61.254302    95.558    95.538  5 56958.58331684 28.626
 233 128.019607  61.254403    95.574    95.551  5 56968.49896468 31.667
 234 128.017678  61.254390    95.704    95.711  4 56978.41460838 21.204
 235 128.015958  61.254164    95.472    95.501  5 56988.33024765 19.840
 236 128.021474  61.254320    95.531    95.497  5 56998.24588148 17.268
 237 128.024410  61.254129    95.553    95.555  5 57008.16153107 17.369
 238 128.028142  61.254527    95.497    95.507  4 57018.07718469 16.029
 239 128.025345  61.253955    95.457    95.477  5 57027.99283424 14.467
 240 128.020188  61.254080    95.502    95.475  5 57037.90848186 13.978
 241 128.017145  61.254653    95.455    95.419  5 57047.82412720 13.538
 242 128.015936  61.254366    95.488    95.500  5 57057.73976881 13.086
 243 128.020842  61.254378    95.475    95.458  5 57067.65540546 12.523
 244 128.025727  61.254544    95.317    95.332  4 57077.57103788 12.096
 245 128.027512  61.254650    95.510    95.546  5 57087.48667040 12.544
 246 128.015593  61.254118    95.505    95.541  5 57097.40232800 12.251
 247 128.008092  61.254294    95.503    95.504  4 57107.31798322  8.327
 248 128.007092  61.254394    95.701    95.728  4 57117.23363409  7.899
 249 128.010539  61.254256    96.152    96.190  4 57127.14927911  8.880
 250 128.017100  61.254728    96.770    95.856  5 57137.06491901 16.950
