# NaN NaN NaN ;Mean Elev.(m), Avg Gradient(m/km), RMS Gradient(m/km) - SRTM1     
#   21.107  -0.179   1.376 ;Mean Elev.(m), Avg Gradient(m/km), RMS Gradient(m/km) - ASTER GDEM
#   25.484  -3.221   7.721 ;Mean Elev.(m), Avg Gradient(m/km), RMS Gradient(m/km) - GMTED2010 
   1 124.088421  66.065615    40.266    40.266  2 54662.21724525 28.243
   2 124.086663  66.066104    37.288    37.288  2 54672.13289024 48.968
   3 124.085855  66.067173    13.151    13.151  2 54682.04853387 13.825
   4 124.086767  66.067817    38.962    38.962  2 54691.96417642 30.151
   5 124.085094  66.067276    12.459    12.459  2 54701.87981633 12.880
   6 124.086739  66.065731    41.245    41.361  3 54711.79546417 26.184
   7 124.086823  66.064286    13.571    13.571  3 54721.71111521 13.604
   8 124.088667  66.063576    40.994    40.840  3 54731.62676387 31.793
   9 124.088056  66.064053    37.625    37.623  3 54741.54241071 48.164
  10 124.086841  66.064572    37.501    37.758  3 54751.45805741 35.147
  11 124.085972  66.064554    35.786    35.800  3 54761.37370394 41.828
  12 124.086741  66.063642    34.417    34.459  3 54771.28934820 36.650
  13 124.087669  66.062779    35.098    35.158  3 54781.20498934 24.104
  14 124.089908  66.062481    37.638    37.698  3 54791.12062802 17.923
  17 124.086262  66.064918    40.197    39.653  3 54820.86754273 14.884
  18 124.089036  66.065068    40.353    40.811  3 54830.78319518 13.855
  19 124.088203  66.065349    40.589    41.061  3 54840.69883382 13.077
  20 124.086545  66.066327    40.596    40.317  3 54850.61448266 13.074
  21 124.088197  66.067795    40.573    40.573  2 54860.53013140 12.331
  22 124.085036  66.068414    39.677    39.677  2 54870.44577978 12.016
  23 124.087970  66.067418    40.483    40.483  2 54880.36142738 12.078
  24 124.088951  66.065086    39.643    39.125  3 54890.27707157 11.685
  25 124.091054  66.063155    40.487    40.797  3 54900.19271282 10.938
  26 124.086015  66.063064    39.776    39.768  3 54910.10835135 11.927
  27 124.085857  66.064451    40.748    41.121  3 54920.02398911 11.393
  28 124.087069  66.065335    40.555    40.066  3 54929.93962658 11.079
  29 124.085678  66.064336    40.455    40.001  3 54939.85526271 10.450
  30 124.089471  66.062640    34.289    33.840  3 54949.77089767 42.054
  31 124.092183  66.061580    40.229    42.157  3 54959.68653652 28.700
  32 124.090773  66.062308    39.370    39.314  3 54969.60218498 44.438
  33 124.087276  66.063853    42.268    42.268  2 54979.51783211 38.639
  35 124.088334  66.065292    41.831    41.831  2 54999.34912679 30.006
  36 124.087889  66.065157    40.146    40.146  2 55009.26477225 52.127
  37 124.087580  66.065233    41.676    41.939  3 55019.18041598 24.355
  38 124.088044  66.066357    40.586    41.845  3 55029.09605848 28.821
  39 124.085520  66.067586    40.816    40.816  2 55039.01170013 25.497
  40 124.085443  66.068072    37.798    37.752  3 55048.92734072 30.756
  41 124.087153  66.066678    40.299    39.756  3 55058.84297938 29.988
  42 124.090078  66.064180    41.810    41.854  3 55068.75861871 25.976
  43 124.091379  66.062291    41.028    41.733  3 55078.67426865 28.786
  44 124.087073  66.062310    37.058    37.172  3 55088.58991592 50.517
  45 124.087287  66.064031    37.929    37.929  2 55098.50556220 29.821
  46 124.086370  66.065483    40.234    40.093  3 55108.42120787 29.489
  47 124.087810  66.065019    37.492    37.320  3 55118.33685273 45.383
  48 124.091029  66.063023    36.330    36.286  3 55128.25249536 45.639
  49 124.089009  66.061256    37.499    37.659  3 55138.16813538 33.391
  50 124.090608  66.061720    36.282    37.184  3 55148.08377416 30.544
  51 124.087991  66.063812    37.048    37.048  2 55157.99941202 24.432
  52 124.086940  66.065631    36.900    36.909  3 55167.91504982 23.282
  53 124.085897  66.065994    38.900    38.900  2 55177.83068695 21.270
  54 124.086163  66.065097    38.665    38.832  3 55187.74633132 20.535
  55 124.085891  66.064870    40.503    41.000  3 55197.66198210 19.960
  56 124.085564  66.065934    39.048    38.991  3 55207.57763186 18.538
  57 124.084284  66.067504    38.728    38.728  2 55217.49328100 18.080
  58 124.087326  66.067992    37.163    37.163  2 55227.40892983 16.747
  59 124.086915  66.066410    39.642    39.320  3 55237.32457552 15.638
  60 124.088300  66.063702    39.462    39.462  2 55247.24021788 15.946
  61 124.090808  66.061883    40.626    41.194  3 55257.15585782 14.200
  62 124.089995  66.062230    38.968    38.755  3 55267.07149656 13.614
  63 124.087622  66.064110    38.991    38.991  2 55276.98713460 13.397
  64 124.087275  66.065275    39.347    39.342  3 55286.90277169 13.427
  65 124.089163  66.064604    39.164    39.192  3 55296.81840669 12.746
  66 124.090454  66.062497    38.835    39.048  3 55306.73404762 14.185
  67 124.089714  66.061106    38.659    38.937  4 55316.64969423 20.037
  68 124.087558  66.061721    36.625    34.829  3 55326.56533949 39.137
  69 124.087290  66.063905    35.718    35.718  2 55336.48098392 41.027
  70 124.087349  66.065832    42.652    42.649  3 55346.39662793 55.726
  71 124.087349  66.066286    41.791    41.999  3 55356.31227058 29.439
  72 124.085823  66.065787    39.586    39.597  3 55366.22791106 47.889
  73 124.086397  66.065337    39.020    39.053  3 55376.14355025 55.274
  74 124.086032  66.065733    41.252    41.252  2 55386.05918840 24.635
  75 124.086781  66.066506    40.139    39.574  3 55395.97482576 30.521
  76 124.085405  66.066686    37.799    37.941  3 55405.89046657 34.298
  77 124.087769  66.065661    37.205    37.205  2 55415.80611809 47.456
  78 124.087637  66.063453    37.563    37.563  2 55425.72176609 49.271
  79 124.087374  66.061805    38.401    38.054  3 55435.63741144 29.061
  80 124.088393  66.062038    38.270    37.977  3 55445.55305560 33.320
  81 124.087562  66.063571    37.284    37.284  2 55455.46869882 48.799
  82 124.089367  66.065092    37.043    36.661  3 55465.38434156 43.654
  83 124.087013  66.064669    36.350    36.287  3 55475.29998097 47.712
  84 124.090863  66.062976    34.690    34.671  3 55485.21561784 39.994
  85 124.090171  66.061318    34.040    34.059  3 55495.13125219 35.480
  86 124.087312  66.061715    34.569    34.598  3 55505.04688549 27.561
  87 124.086396  66.063846    35.704    34.934  3 55514.96253595 18.551
  88 124.087956  66.065956    38.227    38.227  2 55524.87818574 15.382
  89 124.088121  66.066651    39.439    39.439  2 55534.79383348 14.700
  90 124.086040  66.066104    38.928    38.928  2 55544.70947901 14.375
  91 124.085765  66.065754    39.950    39.950  2 55554.62512283 12.855
  92 124.087755  66.066223    40.756    40.756  2 55564.54076589 12.461
  93 124.088291  66.066631    40.942    40.942  2 55574.45640823 11.695
  94 124.085490  66.065907    40.635    40.266  3 55584.37204873 11.452
  95 124.088207  66.064444    40.811    40.484  3 55594.28768632 10.726
  96 124.087899  66.062774    41.179    41.513  3 55604.20332032 10.471
  97 124.089290  66.062076    41.229    41.254  3 55614.11895239 10.274
  98 124.090123  66.062563    41.379    41.060  3 55624.03459061 10.088
  99 124.086526  66.063504    40.783    40.334  3 55633.95024292  9.930
 100 124.088714  66.064036    41.275    41.275  2 55643.86589350  9.385
 101 124.088325  66.063681    40.968    40.994  3 55653.78154099  9.669
 102 124.086520  66.062595    40.752    40.713  3 55663.69718390  9.515
 103 124.088549  66.062260    40.252    39.802  3 55673.61282420 22.836
 104 124.086234  66.062814    40.523    40.747  3 55683.52846261 25.113
 105 124.088513  66.064325    37.193    35.214  3 55693.44410014 35.808
 106 124.086265  66.065512    42.793    42.799  3 55703.35973575 42.392
 107 124.086747  66.066055    41.896    42.060  3 55713.27538045 28.695
 108 124.086865  66.066080    41.936    41.936  2 55723.19102974 25.562
 109 124.087655  66.066201    39.695    39.695  2 55733.10667711 54.890
 110 124.087444  66.066383    41.385    41.743  3 55743.02232312 27.022
 111 124.087280  66.066212    40.815    41.390  3 55752.93796777 28.764
 112 124.087294  66.065153    37.387    37.387  2 55762.85361012 44.644
 113 124.086590  66.063663    35.848    35.853  3 55772.76924960 46.024
 114 124.089905  66.062454    38.679    37.726  3 55782.68488597 40.067
 115 124.088677  66.062430    38.085    38.085  2 55792.60051939 43.873
 116 124.089701  66.063248    40.493    40.750  3 55802.51615373 33.616
 117 124.087771  66.064006    39.213    37.929  3 55812.43180356 26.934
 118 124.088628  66.063905    41.384    41.968  3 55822.34745195 24.137
 119 124.086824  66.062998    39.127    38.138  3 55832.26309529 33.151
 120 124.091397  66.062396    41.133    41.315  3 55842.17873477 31.332
 121 124.088977  66.062531    35.277    35.277  2 55852.09437053 43.207
 122 124.086101  66.063797    34.728    34.703  3 55862.01000412 27.111
 123 124.087638  66.065332    35.582    35.582  2 55871.92565884 23.606
 133 124.087945  66.062855    41.725    41.775  3 55971.08209774  9.961
 134 124.087559  66.064309    41.723    41.723  2 55980.99773386 10.321
 135 124.086715  66.064468    41.500    41.417  3 55990.91336875  9.640
 136 124.088446  66.063643    41.389    41.389  2 56000.82901421  9.111
 137 124.090071  66.062405    41.623    41.735  3 56010.74466472  9.572
 138 124.091649  66.062272    41.671    41.921  3 56020.66031133  9.474
 139 124.089086  66.063347    41.578    41.570  3 56030.57595464  8.804
 141 124.086843  66.066239    39.698    39.698  2 56050.40723544  8.091
 142 124.087637  66.066395    35.302    35.302  2 56060.32287224 45.228
 143 124.088653  66.065598    43.828    43.828  2 56070.23850884 40.701
 144 124.086522  66.065397    41.849    41.849  2 56080.15415953 30.216
 145 124.086169  66.066011    40.552    40.587  3 56090.06980768 50.258
 146 124.088034  66.066973    41.927    41.927  2 56099.98545358 26.167
 147 124.085836  66.066470    41.730    41.730  2 56109.90108501 25.085
 148 124.086207  66.064490    39.822    39.862  3 56119.81672516 54.084
 149 124.087113  66.062156    41.592    41.502  3 56129.73236169 26.179
 150 124.092231  66.061378    38.461    38.496  3 56139.64799547 34.090
 151 124.091290  66.062849    39.224    39.185  3 56149.56364533 55.344
 152 124.086813  66.064796    38.570    38.570  2 56159.47929404 33.441
 153 124.086244  66.065483    38.577    38.577  2 56169.39494173 33.577
 154 124.089454  66.064249    38.933    38.983  3 56179.31058633 52.702
 155 124.087916  66.062410    39.858    40.830  3 56189.22622627 31.939
 156 124.089633  66.061977    40.573    40.418  3 56199.14186335 31.586
 157 124.088067  66.063539    37.113    37.338  3 56209.05749747 33.797
 158 124.086096  66.065771    36.061    36.061  2 56218.97312981 39.353
 159 124.088232  66.067285    34.702    34.702  2 56228.88877697 38.910
 160 124.086548  66.066811    35.258    35.258  2 56238.80443062 31.860
 161 124.087249  66.065823    38.648    40.435  3 56248.72008060 28.156
 162 124.087162  66.065180    34.990    34.961  3 56258.63572562 30.619
 163 124.087412  66.065875    35.128    35.120  3 56268.55136771 28.814
 164 124.086307  66.066520    35.102    35.102  2 56278.46700796 26.959
 165 124.087949  66.066521    38.842    39.057  3 56288.38265753 19.127
 166 124.088876  66.064641    36.987    36.642  3 56298.29830642 18.027
 167 124.089465  66.062402    38.569    37.150  3 56308.21395136 17.260
 168 124.090284  66.061528    38.228    38.366  3 56318.12959373 15.457
 169 124.088567  66.062973    38.889    38.889  2 56328.04523466 15.639
 170 124.085711  66.064919    38.462    37.742  3 56337.96087450 14.203
 171 124.086608  66.065720    40.947    40.947  2 56347.87651281 12.138
 172 124.089839  66.064474    40.242    40.187  3 56357.79214856 11.444
 173 124.087630  66.062622    40.845    40.907  3 56367.70779770 11.300
 176 124.085083  66.066607    39.876    39.876  2 56397.45473477 10.738
 177 124.085026  66.067930    37.044    37.044  2 56407.37037594 18.352
 178 124.086076  66.067411    33.299    33.299  2 56417.28601331 41.560
 179 124.086340  66.065771    34.951    34.896  3 56427.20164589 42.394
 180 124.086500  66.065013    42.396    42.396  2 56437.11729803 31.657
 181 124.089040  66.065535    40.694    40.627  3 56447.03294982 55.869
 182 124.087206  66.066456    41.067    41.648  3 56456.94859895 29.780
 183 124.087917  66.066306    39.734    39.734  2 56466.86424509 32.969
 184 124.085863  66.064669    38.340    38.262  3 56476.77988696 32.182
 185 124.091432  66.062727    37.966    38.093  3 56486.69552586 43.334
 187 124.088080  66.062876    41.116    41.116  2 56506.52679567 29.590
 188 124.088438  66.064720    40.444    40.444  2 56516.44243044 52.011
 189 124.087406  66.065561    39.736    38.678  3 56526.35808492 29.743
 190 124.085684  66.064778    41.289    41.673  3 56536.27373516 26.059
 192 124.087224  66.063247    41.231    41.678  3 56556.10502578 27.986
 193 124.088179  66.064723    41.672    41.781  3 56566.02066861 31.473
 194 124.085323  66.066784    36.271    36.271  2 56575.93630975 42.535
 195 124.087596  66.067987    35.002    35.002  2 56585.85194812 40.887
 196 124.084926  66.067354    33.789    33.789  2 56595.76758570 24.171
 197 124.086722  66.066214    35.037    35.192  3 56605.68323826 16.289
 198 124.088307  66.065376    34.939    34.926  3 56615.59888597 17.543
 199 124.086679  66.065330    37.796    37.796  2 56625.51452978 13.651
 200 124.088505  66.065654    38.699    39.103  3 56635.43017116 12.849
 201 124.085704  66.065346    39.104    39.572  3 56645.34580956 13.072
 202 124.086481  66.064389    39.285    39.267  3 56655.26146222 11.991
 203 124.089475  66.063103    39.428    39.383  3 56665.17711077 11.308
 205 124.090259  66.063575    40.049    40.054  3 56685.00840101 11.725
 206 124.088790  66.064855    39.694    39.694  2 56694.92404341 10.933
 207 124.087331  66.065377    40.272    40.035  3 56704.83968132 10.698
 208 124.089323  66.064752    40.327    40.333  3 56714.75531410  9.649
 209 124.089329  66.064082    41.780    41.714  3 56724.67096558  6.905
 210 124.088656  66.064322    40.380    40.380  2 56734.58661554  9.455
 211 124.085728  66.065801    40.472    40.658  3 56744.50226198  9.847
 212 124.085977  66.067329    40.962    41.289  3 56754.41790443  9.518
 213 124.087516  66.067781    38.369    38.369  2 56764.33354147 25.297
 214 124.086468  66.066932    39.034    39.034  2 56774.24917728 25.139
 215 124.085869  66.066216    34.330    34.330  2 56784.16483433 43.067
 216 124.087431  66.065989    41.800    42.039  3 56794.08048793 36.452
 217 124.085999  66.066014    40.806    40.806  2 56803.99613794 56.421
 218 124.087255  66.065767    40.121    40.038  3 56813.91178077 55.980
 219 124.088336  66.064898    40.192    39.447  3 56823.82742008 33.838
 220 124.088379  66.063817    40.892    41.829  3 56833.74305525 29.472
 221 124.087083  66.063162    40.538    41.566  3 56843.65868687 31.255
 222 124.088138  66.063575    37.838    37.829  3 56853.57432942 53.188
 223 124.087681  66.064380    41.143    41.143  2 56863.48998332 27.417
 224 124.086445  66.064944    39.296    39.165  3 56873.40563658 31.345
 225 124.087319  66.065015    38.911    38.282  3 56883.32128686 31.868
 226 124.087675  66.064845    36.769    36.767  3 56893.23693369 44.718
 227 124.086692  66.064871    41.815    41.815  2 56903.15257722 25.028
 228 124.086593  66.065849    37.223    37.223  2 56913.06821888 53.075
 229 124.085937  66.066921    40.415    41.441  3 56922.98385882 26.650
 230 124.086028  66.067614    41.566    41.566  2 56932.89949644 28.685
 231 124.087948  66.067302    36.466    36.466  2 56942.81512892 47.493
 232 124.088053  66.066427    34.584    34.584  2 56952.73077365 39.785
 233 124.085836  66.065732    37.342    39.207  3 56962.64642409 23.633
 234 124.087642  66.065870    39.938    39.706  3 56972.56207006 17.336
 235 124.086033  66.066021    34.631    34.631  2 56982.47771151 20.116
 236 124.086243  66.065503    39.750    39.750  2 56992.39334855 15.090
 237 124.089179  66.064124    38.882    37.966  3 57002.30898303 15.040
 238 124.090562  66.063122    38.107    38.131  3 57012.22464027 14.457
 239 124.089027  66.062899    40.251    41.259  3 57022.14029158 13.318
 240 124.089356  66.064149    41.038    40.952  3 57032.05594030 12.199
 241 124.088347  66.065290    40.467    40.467  2 57041.97158683 11.667
 242 124.088039  66.065616    40.507    40.507  2 57051.88723127 11.076
 243 124.088281  66.064784    40.845    40.845  2 57061.80287146 11.083
 244 124.090232  66.064172    40.574    40.592  3 57071.71850639 10.667
 245 124.087915  66.064528    40.825    40.825  2 57081.63413680 10.091
 246 124.087214  66.066236    40.369    40.369  2 57091.54978074 10.070
 247 124.086476  66.068016    40.954    40.954  2 57101.46543815 10.648
 248 124.086869  66.068330    41.182    41.182  2 57111.38109230 10.675
 249 124.084907  66.066963    40.420    40.420  2 57121.29674043 10.570
 250 124.087315  66.065483    38.110    38.376  3 57131.21238328 16.015
