# NaN NaN NaN ;Mean Elev.(m), Avg Gradient(m/km), RMS Gradient(m/km) - SRTM1     
#  172.648     NaN     NaN ;Mean Elev.(m), Avg Gradient(m/km), RMS Gradient(m/km) - ASTER GDEM
#   92.314  -4.528  22.570 ;Mean Elev.(m), Avg Gradient(m/km), RMS Gradient(m/km) - GMTED2010 
   1    97.619 54668.06978445 49.27 128.013124  61.251544   -100  271.32  271.01  263.12
   1    97.400 54668.06978504 50.23 128.017651  61.253012 16.473  271.32  271.01  263.12
   1    97.251 54668.06978563 52.51 128.022178  61.254480   -100 -100.00 -100.00 -100.00
   1    97.262 54668.06978622 47.28 128.026705  61.255947  8.584 -100.00 -100.00 -100.00
   1    97.503 54668.06978681 44.80 128.031233  61.257415   -100 -100.00 -100.00 -100.00
   2   226.202 54677.98542860  4.68 128.010395  61.252053  3.951  265.21  262.94  257.08
   2   226.355 54677.98542919  5.18 128.014922  61.253521  4.617  265.21  262.94  257.08
   2   226.165 54677.98542978  5.75 128.019448  61.254989  4.080  265.21  262.94  257.08
   2   225.821 54677.98543037  5.95 128.023976  61.256456  3.615  265.21  262.94  257.08
   3    12.710 54687.90107093  0.36 128.003536  61.251505  2.109  263.03  263.51  255.36
   3    12.704 54687.90107152  0.52 128.008061  61.252973  2.401  263.03  263.51  255.36
   3    12.703 54687.90107211  0.75 128.012588  61.254441  2.701  263.03  263.51  255.36
   3    12.718 54687.90107270  0.52 128.017114  61.255909  2.375  263.03  263.51  255.36
   3    12.693 54687.90107329  0.27 128.021642  61.257376  2.120 -100.00 -100.00 -100.00
   4   226.330 54697.81671173  4.38 128.001100  61.250997  8.181  266.59  266.92  258.08
   4   226.701 54697.81671232  4.20 128.005626  61.252466  5.292  266.59  266.92  258.08
   4   226.851 54697.81671292  4.79 128.010151  61.253934  4.481  266.59  266.92  258.08
   4   226.638 54697.81671351  5.87 128.014678  61.255402  6.129  266.59  266.92  258.08
   4   226.144 54697.81671410  5.95 128.019204  61.256870  4.416 -100.00 -100.00 -100.00
   5    12.477 54707.73235533  0.46 128.015620  61.254033  2.502  261.14  260.87  254.13
   5    12.436 54707.73235592  1.07 128.020147  61.255501  2.509  261.14  260.87  254.13
   5    12.392 54707.73235651  2.70 128.024674  61.256968  2.998  261.14  260.87  254.13
   6   226.149 54717.64800683  5.92 128.015307  61.252217  3.586 -100.00 -100.00 -100.00
   6   225.290 54717.64800742  6.00 128.019833  61.253685  3.162 -100.00 -100.00 -100.00
   6   223.544 54717.64800801  5.66 128.024359  61.255153  3.470 -100.00 -100.00 -100.00
   6   223.939 54717.64800860  7.40 128.028886  61.256620  3.465 -100.00 -100.00 -100.00
   7    12.894 54727.56365630  6.68 128.018457  61.251653  2.624 -100.00 -100.00 -100.00
   7    12.973 54727.56365689  5.66 128.022983  61.253120  2.220 -100.00 -100.00 -100.00
   7    13.009 54727.56365748  5.35 128.027510  61.254588  2.391 -100.00 -100.00 -100.00
   7    13.067 54727.56365807  5.14 128.032037  61.256055  2.893 -100.00 -100.00 -100.00
   7    13.057 54727.56365866  5.56 128.036565  61.257522  3.084 -100.00 -100.00 -100.00
   8   235.908 54737.47930384  2.10 128.016717  61.251502  3.095 -100.00 -100.00 -100.00
   8   224.964 54737.47930443  2.96 128.021243  61.252969  2.954 -100.00 -100.00 -100.00
   8   224.728 54737.47930503  4.47 128.025770  61.254437  3.368 -100.00 -100.00 -100.00
   8   224.305 54737.47930562  5.38 128.030297  61.255904  3.406 -100.00 -100.00 -100.00
   8   224.226 54737.47930621  7.93 128.034825  61.257371  5.510 -100.00 -100.00 -100.00
   9   226.375 54747.39495089  6.60 128.011678  61.251948  3.897 -100.00 -100.00 -100.00
   9   222.363 54747.39495148  7.77 128.016204  61.253416  4.758 -100.00 -100.00 -100.00
   9   222.266 54747.39495207  8.87 128.020731  61.254883  4.886 -100.00 -100.00 -100.00
   9   223.795 54747.39495266  8.43 128.025258  61.256350  4.324 -100.00 -100.00 -100.00
  10    96.166 54757.31059759 23.14 128.006965  61.252281 11.769 -100.00 -100.00 -100.00
  10    96.121 54757.31059818 21.42 128.011492  61.253749  8.920 -100.00 -100.00 -100.00
  10    96.070 54757.31059877 21.73 128.016019  61.255217  8.239 -100.00 -100.00 -100.00
  10    96.039 54757.31059936 21.26 128.020546  61.256684  9.915 -100.00 -100.00 -100.00
  11    96.185 54767.22624275 46.20 128.007525  61.252236 10.018 -100.00 -100.00 -100.00
  11    96.148 54767.22624334 42.63 128.012052  61.253704  0.178 -100.00 -100.00 -100.00
  11    96.178 54767.22624393 44.36 128.016579  61.255172  6.672 -100.00 -100.00 -100.00
  11    96.589 54767.22624452 46.22 128.021107  61.256639   -100 -100.00 -100.00 -100.00
  12    95.372 54777.14188524 45.17 128.014680  61.252134  7.657  251.73  247.43  242.85
  12    95.356 54777.14188583 42.82 128.019207  61.253602   -100  251.73  247.43  242.85
  12    95.322 54777.14188642 43.77 128.023735  61.255070  1.207  251.73  247.43  242.85
  12    95.305 54777.14188701 44.89 128.028263  61.256537  4.454  251.73  247.43  242.85
  13    95.515 54787.05752493 37.06 128.019172  61.251241   -100 -100.00 -100.00 -100.00
  13    95.587 54787.05752552 37.99 128.023699  61.252709   -100 -100.00 -100.00 -100.00
  13    95.451 54787.05752611 33.85 128.028227  61.254176   -100 -100.00 -100.00 -100.00
  13    95.233 54787.05752670 33.59 128.032755  61.255643   -100 -100.00 -100.00 -100.00
  13    95.399 54787.05752729 30.02 128.037284  61.257110 22.112 -100.00 -100.00 -100.00
  14    95.408 54796.97316335 32.83 128.021303  61.251422 30.890 -100.00 -100.00 -100.00
  14    95.414 54796.97316394 33.19 128.025831  61.252890   -100 -100.00 -100.00 -100.00
  14    95.556 54796.97316453 32.18 128.030359  61.254357 28.011 -100.00 -100.00 -100.00
  14    95.509 54796.97316512 31.04 128.034887  61.255825 23.894 -100.00 -100.00 -100.00
  14    95.351 54796.97316572 31.96 128.039416  61.257292 29.042 -100.00 -100.00 -100.00
  17    96.395 54826.72008631 23.27 128.012780  61.252215 11.360 -100.00 -100.00 -100.00
  17    96.410 54826.72008691 22.33 128.017306  61.253683  9.214 -100.00 -100.00 -100.00
  17    96.373 54826.72008750 24.74 128.021833  61.255151 15.061 -100.00 -100.00 -100.00
  17    96.190 54826.72008809 24.52 128.026361  61.256619 14.817 -100.00 -100.00 -100.00
  18    96.115 54836.63572490 23.15 128.008149  61.251316 13.019  241.06  234.05  219.65
  18    96.163 54836.63572549 23.04 128.012675  61.252784 13.061  241.06  234.05  219.65
  18    96.183 54836.63572608 22.56 128.017202  61.254252 11.550 -100.00 -100.00 -100.00
  18    96.283 54836.63572667 21.96 128.021729  61.255720  9.729 -100.00 -100.00 -100.00
  18    96.232 54836.63572726 22.91 128.026257  61.257188 13.415 -100.00 -100.00 -100.00
  19    95.977 54846.55137385 19.87 128.003014  61.250922  7.892  245.35  238.99  224.26
  19    96.137 54846.55137444 20.15 128.007540  61.252391  7.824  245.35  238.99  224.26
  19    96.227 54846.55137503 19.79 128.012067  61.253858  7.655  245.35  238.99  224.26
  19    96.221 54846.55137562 19.85 128.016593  61.255326  8.168 -100.00 -100.00 -100.00
  19    96.158 54846.55137621 21.00 128.021121  61.256794 10.424 -100.00 -100.00 -100.00
  20    96.061 54856.46702275 18.36 128.001619  61.251915  7.942  243.71  237.26  222.25
  20    96.073 54856.46702334 18.22 128.006146  61.253384  7.769  243.71  237.26  222.25
  20    96.072 54856.46702393 18.52 128.010672  61.254851  7.665  243.71  237.26  222.25
  20    96.095 54856.46702452 19.43 128.015200  61.256319  8.528 -100.00 -100.00 -100.00
  20    96.017 54856.46702511 19.50 128.019727  61.257787 10.138 -100.00 -100.00 -100.00
  21    95.938 54866.38267128 16.12 127.996957  61.251975  4.884  239.04  230.94  214.13
  21    95.905 54866.38267187 15.76 128.001484  61.253443  4.679  239.04  230.94  214.13
  21    95.831 54866.38267246 16.28 128.006010  61.254911  6.066  239.04  230.94  214.13
  21    95.852 54866.38267305 16.53 128.010537  61.256379  6.698  239.04  230.94  214.13
  21    95.818 54866.38267364 16.62 128.015065  61.257847  7.050  239.04  230.94  214.13
  22    95.858 54876.29831954 16.01 127.995377  61.251650  5.377  239.83  231.45  214.21
  22    95.959 54876.29832014 15.95 127.999903  61.253118  5.096 -100.00 -100.00 -100.00
  22    95.926 54876.29832073 16.12 128.004430  61.254586  6.224 -100.00 -100.00 -100.00
  22    95.866 54876.29832132 15.68 128.008957  61.256054  5.294 -100.00 -100.00 -100.00
  22    95.829 54876.29832191 15.62 128.013484  61.257522  5.355 -100.00 -100.00 -100.00
  23    95.632 54886.21396538 16.21 127.999161  61.251445  6.492  239.99  231.09  213.06
  23    95.830 54886.21396597 15.78 128.003687  61.252913  5.673  239.99  231.09  213.06
  23    95.811 54886.21396656 16.08 128.008214  61.254381  6.369  239.99  231.09  213.06
  23    95.747 54886.21396715 15.66 128.012742  61.255849  6.207  239.99  231.09  213.06
  23    95.742 54886.21396774 15.88 128.017269  61.257317  6.357  239.99  231.09  213.06
  24    95.639 54896.12960825 17.10 128.007419  61.251901  8.467  243.61  234.40  216.71
  24    95.754 54896.12960884 16.57 128.011946  61.253369  8.109  243.61  234.40  216.71
  24    95.636 54896.12960943 15.86 128.016474  61.254836  7.145  243.61  234.40  216.71
  24    95.724 54896.12961002 16.18 128.021002  61.256304  7.450  243.61  234.40  216.71
  24    95.552 54896.12961061 17.03 128.025530  61.257771  8.503  243.61  234.40  216.71
  25    95.702 54906.04524780 15.86 128.010484  61.251368  6.600 -100.00 -100.00 -100.00
  25    95.624 54906.04524839 15.97 128.015011  61.252835  6.583 -100.00 -100.00 -100.00
  25    95.557 54906.04524898 17.25 128.019539  61.254303  9.415 -100.00 -100.00 -100.00
  25    95.600 54906.04524957 16.38 128.024067  61.255770  7.022 -100.00 -100.00 -100.00
  25    95.586 54906.04525016 17.22 128.028595  61.257238  9.576 -100.00 -100.00 -100.00
  26    95.555 54915.96088592 16.02 128.010951  61.251212  7.988 -100.00 -100.00 -100.00
  26    95.611 54915.96088651 14.62 128.015478  61.252680  5.683 -100.00 -100.00 -100.00
  26    95.643 54915.96088710 14.22 128.020006  61.254148  5.513 -100.00 -100.00 -100.00
  26    95.514 54915.96088769 15.32 128.024534  61.255615  6.883 -100.00 -100.00 -100.00
  26    95.522 54915.96088828 15.53 128.029062  61.257082  7.599 -100.00 -100.00 -100.00
  27    95.598 54925.87652352 13.44 128.008954  61.251023  5.266 -100.00 -100.00 -100.00
  27    95.602 54925.87652411 13.56 128.013480  61.252490  5.647 -100.00 -100.00 -100.00
  27    95.498 54925.87652470 13.62 128.018008  61.253958  6.320 -100.00 -100.00 -100.00
  27    95.457 54925.87652529 13.94 128.022535  61.255426  6.904 -100.00 -100.00 -100.00
  27    95.664 54925.87652588 12.94 128.027063  61.256893  5.325 -100.00 -100.00 -100.00
  28    95.534 54935.79216119 15.46 128.013187  61.252295  7.674 -100.00 -100.00 -100.00
  28    95.575 54935.79216178 14.20 128.017714  61.253763  5.866 -100.00 -100.00 -100.00
  28    95.558 54935.79216237 15.48 128.022241  61.255230  7.541 -100.00 -100.00 -100.00
  28    95.572 54935.79216296 14.62 128.026769  61.256698  6.678 -100.00 -100.00 -100.00
  29    95.697 54945.70779645 42.58 128.014934  61.251426   -100  257.75  251.14  239.59
  29    95.514 54945.70779704 43.55 128.019460  61.252894 13.605 -100.00 -100.00 -100.00
  29    95.513 54945.70779763 43.61 128.023987  61.254361  8.253 -100.00 -100.00 -100.00
  29    95.780 54945.70779822 42.76 128.028514  61.255829   -100 -100.00 -100.00 -100.00
  29    95.674 54945.70779881 43.22 128.033042  61.257296 10.985 -100.00 -100.00 -100.00
  30    98.244 54955.62343005 45.59 128.024591  61.251746 32.313  258.60  256.93  254.54
  30    98.251 54955.62343064 45.36 128.029118  61.253213 22.424  258.60  256.93  254.54
  30    98.394 54955.62343123 45.11 128.033645  61.254680  1.889  258.60  256.93  254.54
  30    98.140 54955.62343182 49.19 128.038172  61.256148   -100 -100.00 -100.00 -100.00
  30    98.097 54955.62343241 44.65 128.042700  61.257615 32.076 -100.00 -100.00 -100.00
  31   223.895 54965.53907759  8.47 128.024516  61.251129  3.163  261.59  260.73  258.05
  31   221.820 54965.53907818  9.53 128.029042  61.252597  3.669  261.59  260.73  258.05
  31   224.583 54965.53907877  9.98 128.033569  61.254064  4.036 -100.00 -100.00 -100.00
  31   223.562 54965.53907936 10.48 128.038097  61.255531  3.569 -100.00 -100.00 -100.00
  31   223.479 54965.53907995 10.87 128.042624  61.256998  3.768 -100.00 -100.00 -100.00
  32    99.963 54975.45472537 35.30 128.022385  61.251440   -100  257.41  256.89  252.50
  32   100.322 54975.45472596 26.76 128.026912  61.252908 20.664  257.41  256.89  252.50
  32   100.329 54975.45472655 23.14 128.031439  61.254375 12.936  257.41  256.89  252.50
  32   100.086 54975.45472714 22.64 128.035967  61.255842 11.404  257.41  256.89  252.50
  32    99.905 54975.45472773 21.46 128.040494  61.257309  8.040  257.41  256.89  252.50
  33   101.582 54985.37037249 42.22 128.015189  61.251216 29.639  266.87  264.72  257.48
  33   101.546 54985.37037308 37.84 128.019715  61.252684 15.754  266.87  264.72  257.48
  33   101.493 54985.37037367 37.52 128.024242  61.254152 15.571  266.87  264.72  257.48
  33   101.394 54985.37037426 36.21 128.028769  61.255619 12.041  266.87  264.72  257.48
  33   101.431 54985.37037485 36.69 128.033297  61.257086 11.721 -100.00 -100.00 -100.00
  34   209.190 54995.28601992  5.37 128.010719  61.251475  4.493  271.48  269.75  261.23
  34   210.982 54995.28602051  5.49 128.015245  61.252943  3.847  271.48  269.75  261.23
  34   212.979 54995.28602110  6.59 128.019772  61.254411  4.207  271.48  269.75  261.23
  34   214.769 54995.28602169  7.21 128.024299  61.255878  4.448  271.48  269.75  261.23
  34   216.573 54995.28602228  8.28 128.028827  61.257346  4.385  271.48  269.75  261.23
  35   101.272 55005.20166620 51.16 128.009433  61.252032   -100 -100.00 -100.00 -100.00
  35   101.244 55005.20166679 54.01 128.013959  61.253500   -100 -100.00 -100.00 -100.00
  35   101.236 55005.20166738 54.05 128.018486  61.254968   -100 -100.00 -100.00 -100.00
  35   101.233 55005.20166797 53.91 128.023013  61.256436   -100 -100.00 -100.00 -100.00
  36    99.303 55015.11730977 48.09 128.004752  61.251018 26.333 -100.00 -100.00 -100.00
  36    99.528 55015.11731036 38.58 128.009278  61.252486   -100 -100.00 -100.00 -100.00
  36    99.390 55015.11731095 39.53 128.013804  61.253954   -100 -100.00 -100.00 -100.00
  36    99.255 55015.11731154 43.43 128.018331  61.255422   -100 -100.00 -100.00 -100.00
  36    99.595 55015.11731213 43.23 128.022859  61.256890   -100 -100.00 -100.00 -100.00
  37    99.103 55025.03295271 46.45 128.006444  61.252053   -100  271.16  269.05  262.16
  37    98.874 55025.03295330 47.41 128.010971  61.253521 13.987  271.16  269.05  262.16
  37    99.023 55025.03295390 48.12 128.015498  61.254988   -100  271.16  269.05  262.16
  37    99.067 55025.03295449 49.12 128.020025  61.256456   -100  271.16  269.05  262.16
  38    98.131 55034.94859450 36.92 128.003132  61.252037 18.442  270.62  270.48  261.68
  38    97.960 55034.94859509 45.40 128.007658  61.253505   -100  270.62  270.48  261.68
  38    97.948 55034.94859568 43.93 128.012185  61.254973   -100 -100.00 -100.00 -100.00
  38    97.913 55034.94859627 41.79 128.016712  61.256440   -100 -100.00 -100.00 -100.00
  38    97.752 55034.94859686 43.65 128.021240  61.257908   -100 -100.00 -100.00 -100.00
  39    96.956 55044.86423559 49.36 128.001387  61.251579  8.607  260.44  259.38  252.53
  39    96.896 55044.86423618 53.41 128.005913  61.253047   -100  260.44  259.38  252.53
  39    96.857 55044.86423677 55.41 128.010440  61.254515   -100  260.44  259.38  252.53
  39    96.820 55044.86423736 55.71 128.014966  61.255983   -100  260.44  259.38  252.53
  39    96.789 55044.86423796 56.23 128.019494  61.257451   -100  260.44  259.38  252.53
  40    98.061 55054.77987552 46.96 128.005724  61.251293   -100  265.78  266.82  258.97
  40    98.037 55054.77987611 50.13 128.010250  61.252761   -100  265.78  266.82  258.97
  40    97.994 55054.77987670 52.07 128.014776  61.254229  2.203  265.78  266.82  258.97
  40    97.958 55054.77987729 55.32 128.019302  61.255697 26.736  265.78  266.82  258.97
  40    97.948 55054.77987788 54.84 128.023829  61.257164 25.169  265.78  266.82  258.97
  41    98.852 55064.69551387 50.19 128.016393  61.251808  1.214  258.90  257.29  250.73
  41    98.820 55064.69551446 54.35 128.020919  61.253276 21.753  258.90  257.29  250.73
  41    98.775 55064.69551505 52.27 128.025446  61.254743 29.228  258.90  257.29  250.73
  41    98.756 55064.69551564 51.78 128.029973  61.256211 24.193  258.90  257.29  250.73
  41    98.739 55064.69551623 47.67 128.034500  61.257678  1.082  258.90  257.29  250.73
  42    99.019 55074.61116125 51.16 128.019782  61.251879  0.827  260.76  259.55  252.98
  42    98.987 55074.61116184 54.26 128.024309  61.253346 15.150  260.76  259.55  252.98
  42    98.952 55074.61116243 55.81 128.028835  61.254814   -100  260.76  259.55  252.98
  42    98.941 55074.61116302 53.48 128.033363  61.256281 27.889  260.76  259.55  252.98
  42    98.923 55074.61116361 54.44 128.037890  61.257748 32.566  260.76  259.55  252.98
  43    97.647 55084.52680890 52.11 128.017114  61.251533  1.214  255.02  252.69  247.81
  43    97.607 55084.52680949 53.25 128.021641  61.253001 13.127  255.02  252.69  247.81
  43    97.570 55084.52681008 55.33 128.026167  61.254468 26.365  255.02  252.69  247.81
  43    97.540 55084.52681067 55.90 128.030694  61.255935   -100  255.02  252.69  247.81
  43    97.524 55084.52681126 49.26 128.035222  61.257402 16.184  255.02  252.69  247.81
  44    98.985 55094.44245490 30.98 128.012487  61.251510 32.247  252.95  250.48  245.31
  44    99.031 55094.44245549 19.63 128.017014  61.252978  5.161  252.95  250.48  245.31
  44    98.896 55094.44245608 19.16 128.021540  61.254445  4.267  252.95  250.48  245.31
  44    98.804 55094.44245667 19.29 128.026068  61.255913  5.152  252.95  250.48  245.31
  44    98.720 55094.44245726 19.72 128.030595  61.257380  4.784  252.95  250.48  245.31
  45    98.718 55104.35810076 34.13 128.008000  61.250982 21.966  259.39  258.47  252.39
  45    97.635 55104.35810135 29.47 128.012526  61.252450 12.518  259.39  258.47  252.39
  45    97.408 55104.35810194 25.78 128.017053  61.253917  5.125 -100.00 -100.00 -100.00
  45    97.151 55104.35810253 26.65 128.021580  61.255385  7.017 -100.00 -100.00 -100.00
  45    96.735 55104.35810312 26.47 128.026108  61.256852  6.449 -100.00 -100.00 -100.00
  46    98.338 55114.27374712 46.03 128.009634  61.251593 26.618 -100.00 -100.00 -100.00
  46    97.904 55114.27374771 49.37 128.014161  61.253061   -100 -100.00 -100.00 -100.00
  46    97.718 55114.27374830 53.11 128.018688  61.254528  4.364 -100.00 -100.00 -100.00
  46    97.683 55114.27374889 56.41 128.023216  61.255996 22.570 -100.00 -100.00 -100.00
  46    97.658 55114.27374948 54.30 128.027744  61.257463 24.287 -100.00 -100.00 -100.00
  47    96.663 55124.18939117 22.72 128.013480  61.251766  9.658  252.54  249.04  245.70
  47    96.425 55124.18939176 21.50 128.018007  61.253234  9.598  252.54  249.04  245.70
  47    96.757 55124.18939235 20.34 128.022534  61.254702  6.765 -100.00 -100.00 -100.00
  47    98.783 55124.18939294 19.59 128.027062  61.256169  6.408 -100.00 -100.00 -100.00
  47    96.758 55124.18939353 18.71 128.031591  61.257636  4.727 -100.00 -100.00 -100.00
  48    96.102 55134.10503227 45.39 128.016532  61.251549  8.265  250.43  246.93  243.91
  48    96.074 55134.10503286 44.12 128.021059  61.253017  2.399  250.43  246.93  243.91
  48    96.053 55134.10503345 44.19 128.025586  61.254484  2.642  250.43  246.93  243.91
  48    96.212 55134.10503404 42.89 128.030114  61.255951   -100  250.43  246.93  243.91
  48    96.367 55134.10503463 43.29 128.034643  61.257419   -100 -100.00 -100.00 -100.00
  49    95.954 55144.02067143 37.03 128.021007  61.252327   -100  249.70  246.44  242.83
  49    95.943 55144.02067202 36.35 128.025535  61.253795   -100  249.70  246.44  242.83
  49    96.028 55144.02067261 33.45 128.030063  61.255262 31.536 -100.00 -100.00 -100.00
  49    96.090 55144.02067320 33.81 128.034591  61.256730   -100 -100.00 -100.00 -100.00
  50    95.821 55153.93630903 33.31 128.017889  61.251875   -100  247.43  243.54  238.75
  50    95.935 55153.93630962 34.37 128.022416  61.253342   -100  247.43  243.54  238.75
  50    95.744 55153.93631021 29.87 128.026944  61.254810 24.792  247.43  243.54  238.75
  50    95.823 55153.93631080 29.15 128.031472  61.256277 22.560 -100.00 -100.00 -100.00
  50    95.857 55153.93631139 26.27 128.036001  61.257744 14.788 -100.00 -100.00 -100.00
  51    96.116 55163.85194692 28.44 128.014487  61.251475 22.694  243.42  239.11  233.25
  51    95.997 55163.85194751 32.34 128.019014  61.252943   -100  243.42  239.11  233.25
  51    96.144 55163.85194810 28.11 128.023541  61.254410 21.871  243.42  239.11  233.25
  51    96.167 55163.85194869 25.46 128.028069  61.255878 15.301  243.42  239.11  233.25
  51    96.013 55163.85194928 25.92 128.032597  61.257345 16.157 -100.00 -100.00 -100.00
  52    96.451 55173.76758476 22.61 128.013037  61.251383 11.134 -100.00 -100.00 -100.00
  52    96.359 55173.76758535 23.06 128.017564  61.252851 12.513 -100.00 -100.00 -100.00
  52    96.358 55173.76758594 23.54 128.022091  61.254319 13.280 -100.00 -100.00 -100.00
  52    96.358 55173.76758653 23.82 128.026618  61.255787 14.282 -100.00 -100.00 -100.00
  52    96.404 55173.76758712 22.32 128.031146  61.257254 10.286 -100.00 -100.00 -100.00
  53   214.054 55183.68322345  7.21 128.017656  61.252415  7.331  245.25  240.74  233.32
  53   214.116 55183.68322404  8.63 128.022182  61.253883  8.553  245.25  240.74  233.32
  53   213.119 55183.68322464  7.69 128.026710  61.255351  7.797  245.25  240.74  233.32
  53   211.912 55183.68322523  9.17 128.031237  61.256819  8.154  245.25  240.74  233.32
  54    96.585 55193.59887411 21.07 128.012665  61.252148 10.394  240.05  234.89  225.58
  54    96.569 55193.59887470 21.34 128.017191  61.253616 11.134  240.05  234.89  225.58
  54    96.515 55193.59887529 21.22 128.021718  61.255083 10.857  240.05  234.89  225.58
  54    96.579 55193.59887588 19.76 128.026245  61.256551  8.745 -100.00 -100.00 -100.00
  55    96.343 55203.51452326 19.69 128.004772  61.251623  8.372 -100.00 -100.00 -100.00
  55    96.208 55203.51452385 21.30 128.009299  61.253092 11.346 -100.00 -100.00 -100.00
  55    96.244 55203.51452444 20.66 128.013825  61.254559 10.644 -100.00 -100.00 -100.00
  55    96.255 55203.51452503 19.13 128.018352  61.256027  7.963 -100.00 -100.00 -100.00
  55    96.256 55203.51452562 19.06 128.022880  61.257495  8.310 -100.00 -100.00 -100.00
  56    96.227 55213.43017233 19.96 128.000997  61.252290  9.654  240.01  234.21  223.80
  56    96.147 55213.43017292 19.60 128.005523  61.253758  8.878  240.01  234.21  223.80
  56    96.116 55213.43017351 18.51 128.010050  61.255226  7.549  240.01  234.21  223.80
  56    96.134 55213.43017410 18.82 128.014577  61.256694  7.685  240.01  234.21  223.80
  57    95.985 55223.34582086 18.29 127.997757  61.251693  8.351 -100.00 -100.00 -100.00
  57    95.946 55223.34582145 18.54 128.002283  61.253162  8.995 -100.00 -100.00 -100.00
  57    95.866 55223.34582204 19.60 128.006810  61.254630 11.075 -100.00 -100.00 -100.00
  57    95.879 55223.34582263 19.67 128.011337  61.256098 11.354 -100.00 -100.00 -100.00
  57    95.930 55223.34582322 17.58 128.015864  61.257566  7.954 -100.00 -100.00 -100.00
  58    95.841 55233.26146843 16.56 128.000273  61.251064  6.130 -100.00 -100.00 -100.00
  58    95.648 55233.26146902 17.09 128.004799  61.252533  7.347 -100.00 -100.00 -100.00
  58    95.847 55233.26146961 17.14 128.009326  61.254001  7.856 -100.00 -100.00 -100.00
  58    95.699 55233.26147020 17.69 128.013853  61.255469  8.992 -100.00 -100.00 -100.00
  58    95.835 55233.26147079 16.13 128.018381  61.256936  6.840 -100.00 -100.00 -100.00
  59    95.522 55243.17711353 17.21 128.009833  61.251473  8.537  240.60  234.20  221.51
  59    95.828 55243.17711412 16.05 128.014360  61.252941  7.324  240.60  234.20  221.51
  59    95.774 55243.17711471 17.55 128.018887  61.254408  9.523  240.60  234.20  221.51
  59    95.788 55243.17711531 15.66 128.023415  61.255876  6.724 -100.00 -100.00 -100.00
  59    95.832 55243.17711590 14.81 128.027944  61.257343  5.884 -100.00 -100.00 -100.00
  60    95.761 55253.09275521 14.80 128.016995  61.252230  4.653 -100.00 -100.00 -100.00
  60    95.718 55253.09275580 14.87 128.021522  61.253697  5.458 -100.00 -100.00 -100.00
  60    95.702 55253.09275639 15.54 128.026050  61.255165  6.728 -100.00 -100.00 -100.00
  60    95.557 55253.09275698 14.73 128.030579  61.256632  5.463 -100.00 -100.00 -100.00
  61    95.665 55263.00839360 14.96 128.014059  61.251691  6.144  246.00  240.25  227.88
  61    95.657 55263.00839419 14.89 128.018586  61.253159  6.023  246.00  240.25  227.88
  61    95.895 55263.00839478 13.90 128.023114  61.254627  4.227  246.00  240.25  227.88
  61    95.616 55263.00839537 14.29 128.027642  61.256094  4.680  246.00  240.25  227.88
  61    95.584 55263.00839596 14.16 128.032171  61.257561  4.874  246.00  240.25  227.88
  62    95.533 55272.92403080 15.15 128.008945  61.251409  6.889  242.51  235.08  220.99
  62    95.722 55272.92403139 14.30 128.013472  61.252877  5.706  242.51  235.08  220.99
  62    95.569 55272.92403198 14.26 128.017999  61.254345  4.940  242.51  235.08  220.99
  62    95.623 55272.92403257 14.10 128.022527  61.255812  5.489  242.51  235.08  220.99
  62    95.705 55272.92403316 13.76 128.027055  61.257279  4.412 -100.00 -100.00 -100.00
  63    95.621 55282.83966848 14.40 128.011246  61.252149  5.881  245.33  238.24  224.21
  63    95.569 55282.83966907 13.44 128.015773  61.253616  4.478  245.33  238.24  224.21
  63    95.722 55282.83966966 13.72 128.020300  61.255084  4.222 -100.00 -100.00 -100.00
  63    95.710 55282.83967025 13.40 128.024828  61.256551  4.065 -100.00 -100.00 -100.00
  64    95.662 55292.75530495 13.49 128.015780  61.251623  6.224 -100.00 -100.00 -100.00
  64    95.712 55292.75530554 12.80 128.020306  61.253090  5.672 -100.00 -100.00 -100.00
  64    95.707 55292.75530613 12.42 128.024833  61.254558  4.875 -100.00 -100.00 -100.00
  64    95.729 55292.75530672 11.89 128.029361  61.256025  4.200 -100.00 -100.00 -100.00
  64    95.739 55292.75530731 12.41 128.033888  61.257493  5.757 -100.00 -100.00 -100.00
  65    97.063 55302.67094110 15.79 128.022419  61.251057  7.980 -100.00 -100.00 -100.00
  65    96.672 55302.67094169 16.23 128.026946  61.252524  9.852 -100.00 -100.00 -100.00
  65    96.489 55302.67094228 14.44 128.031473  61.253992  7.331 -100.00 -100.00 -100.00
  65    96.337 55302.67094287 14.50 128.036000  61.255459  6.881 -100.00 -100.00 -100.00
  65    96.054 55302.67094346 13.46 128.040528  61.256926  6.046 -100.00 -100.00 -100.00
  66   100.037 55312.58658881 23.74 128.023803  61.251094 11.710  249.98  242.75  233.21
  66    99.886 55312.58658940 23.22 128.028330  61.252561  9.426  249.98  242.75  233.21
  66    99.470 55312.58658999 22.74 128.032857  61.254028  9.638  249.98  242.75  233.21
  66    95.852 55312.58659058 25.13 128.037384  61.255495 15.371  249.98  242.75  233.21
  66    95.865 55312.58659117 23.35 128.041912  61.256962 10.112 -100.00 -100.00 -100.00
  67   225.078 55322.50223377 10.43 128.019466  61.250964  3.069  259.80  259.65  258.96
  67   225.057 55322.50223436 10.97 128.023993  61.252431  3.798  259.80  259.65  258.96
  67   225.209 55322.50223495 11.04 128.028519  61.253898  2.876  259.80  259.65  258.96
  67   224.529 55322.50223554 11.53 128.033047  61.255365  2.774  259.80  259.65  258.96
  67   223.935 55322.50223614 12.46 128.037574  61.256832  3.671 -100.00 -100.00 -100.00
  68   223.777 55332.41787798 10.77 128.017442  61.252449  3.138 -100.00 -100.00 -100.00
  68   223.099 55332.41787857 11.07 128.021969  61.253917  3.187 -100.00 -100.00 -100.00
  68   222.670 55332.41787916 12.17 128.026496  61.255384  3.593 -100.00 -100.00 -100.00
  68   221.982 55332.41787976 13.25 128.031023  61.256851  4.220 -100.00 -100.00 -100.00
  69   223.257 55342.33352145  8.95 128.010171  61.251771  4.730  263.03  260.53  253.89
  69   225.178 55342.33352204  8.90 128.014698  61.253239  3.164  263.03  260.53  253.89
  69   223.424 55342.33352263  9.48 128.019224  61.254707  3.817  263.03  260.53  253.89
  69   223.285 55342.33352322  9.88 128.023751  61.256174  3.618  263.03  260.53  253.89
  69   223.564 55342.33352381 10.61 128.028279  61.257642  3.251  263.03  260.53  253.89
  70    98.885 55352.24916510 41.65 128.007627  61.251046   -100 -100.00 -100.00 -100.00
  70    99.045 55352.24916569 35.55 128.012153  61.252514 22.079 -100.00 -100.00 -100.00
  70    98.764 55352.24916628 38.08 128.016680  61.253982   -100 -100.00 -100.00 -100.00
  70    98.859 55352.24916687 39.31 128.021207  61.255449   -100 -100.00 -100.00 -100.00
  70    98.913 55352.24916746 41.20 128.025734  61.256917   -100 -100.00 -100.00 -100.00
  71    98.784 55362.16480719 51.54 128.010566  61.251495   -100 -100.00 -100.00 -100.00
  71    98.615 55362.16480778 53.23 128.015093  61.252963  2.146 -100.00 -100.00 -100.00
  71    98.511 55362.16480837 56.65 128.019620  61.254431   -100 -100.00 -100.00 -100.00
  71    98.461 55362.16480896 56.66 128.024147  61.255898   -100 -100.00 -100.00 -100.00
  71    98.400 55362.16480955 57.65 128.028674  61.257366   -100 -100.00 -100.00 -100.00
  72    98.637 55372.08044715 29.43 128.012226  61.252130   -100 -100.00 -100.00 -100.00
  72    99.666 55372.08044774 20.96 128.016753  61.253598 13.818 -100.00 -100.00 -100.00
  72    99.312 55372.08044833 21.92 128.021280  61.255066 17.427 -100.00 -100.00 -100.00
  72    99.271 55372.08044892 19.39 128.025807  61.256533 11.901 -100.00 -100.00 -100.00
  74    99.140 55391.91172209 39.02 128.004423  61.251284 16.528  267.08  266.34  257.61
  74    98.886 55391.91172268 43.88 128.008948  61.252753   -100  267.08  266.34  257.61
  74    98.833 55391.91172328 43.07 128.013475  61.254221 30.357  267.08  266.34  257.61
  74    98.854 55391.91172387 40.80 128.018001  61.255688 21.966  267.08  266.34  257.61
  74    98.834 55391.91172446 37.23 128.022528  61.257156 13.490  267.08  266.34  257.61
  75    96.693 55401.82735885 33.61 128.010588  61.252317 23.401 -100.00 -100.00 -100.00
  75    96.208 55401.82735944 31.48 128.015114  61.253785 21.955 -100.00 -100.00 -100.00
  75    96.281 55401.82736003 28.63 128.019641  61.255253 15.414 -100.00 -100.00 -100.00
  75    96.093 55401.82736062 28.33 128.024167  61.256721 15.884 -100.00 -100.00 -100.00
  76    97.156 55411.74300949 26.90 128.015369  61.252198 22.132  257.91  256.07  250.63
  76    96.876 55411.74301008 21.84 128.019895  61.253666 13.579  257.91  256.07  250.63
  76    97.535 55411.74301067 20.79 128.024422  61.255133  9.835  257.91  256.07  250.63
  76    96.965 55411.74301127 19.12 128.028949  61.256601  8.123 -100.00 -100.00 -100.00
  77    97.780 55421.65865922 35.93 128.018860  61.251123   -100  262.82  262.64  255.47
  77    97.704 55421.65865981 31.42 128.023386  61.252591 31.908  262.82  262.64  255.47
  77    97.628 55421.65866040 26.06 128.027913  61.254058 13.474  262.82  262.64  255.47
  77    97.530 55421.65866099 26.25 128.032440  61.255526 13.114  262.82  262.64  255.47
  77    97.628 55421.65866158 23.38 128.036967  61.256993  9.404 -100.00 -100.00 -100.00
  78    96.989 55431.57430622 25.58 128.021573  61.251098 16.304  266.92  266.26  259.32
  78    96.443 55431.57430681 27.64 128.026100  61.252565 22.377 -100.00 -100.00 -100.00
  78    96.193 55431.57430740 28.47 128.030626  61.254032 26.724 -100.00 -100.00 -100.00
  78    96.467 55431.57430799 23.80 128.035154  61.255499 13.355 -100.00 -100.00 -100.00
  78    96.311 55431.57430858 22.79 128.039681  61.256966 10.875 -100.00 -100.00 -100.00
  79    98.026 55441.48995042 30.45 128.016302  61.251191   -100  265.11  263.68  256.94
  79    97.836 55441.48995101 23.69 128.020829  61.252658 19.583 -100.00 -100.00 -100.00
  79    97.803 55441.48995160 22.55 128.025355  61.254125 16.435 -100.00 -100.00 -100.00
  79    98.010 55441.48995219 19.39 128.029883  61.255593  9.263 -100.00 -100.00 -100.00
  79    98.252 55441.48995278 19.29 128.034410  61.257060  8.889 -100.00 -100.00 -100.00
  80    97.578 55451.40559312 49.52 128.010150  61.251528   -100  259.06  256.64  250.93
  80    97.763 55451.40559371 44.44 128.014676  61.252996   -100  259.06  256.64  250.93
  80    97.713 55451.40559430 39.93 128.019202  61.254464 23.377  259.06  256.64  250.93
  80    97.683 55451.40559489 38.27 128.023730  61.255931 19.667  259.06  256.64  250.93
  80    97.594 55451.40559548 36.72 128.028257  61.257398 15.356  259.06  256.64  250.93
  81    97.090 55461.32123563 29.00 128.009048  61.252023 32.453  254.73  252.09  248.45
  81    96.981 55461.32123622 25.27 128.013575  61.253491 22.195 -100.00 -100.00 -100.00
  81    96.682 55461.32123681 21.96 128.018102  61.254959 16.123 -100.00 -100.00 -100.00
  81    96.655 55461.32123740 20.08 128.022629  61.256426 12.103 -100.00 -100.00 -100.00
  82    96.504 55471.23687694 51.28 128.011626  61.251051   -100 -100.00 -100.00 -100.00
  82    96.464 55471.23687753 50.29 128.016152  61.252519   -100 -100.00 -100.00 -100.00
  82    96.387 55471.23687812 53.57 128.020679  61.253986 20.301 -100.00 -100.00 -100.00
  82    96.357 55471.23687871 54.14 128.025206  61.255454 30.707 -100.00 -100.00 -100.00
  82    96.339 55471.23687931 54.70 128.029734  61.256921   -100 -100.00 -100.00 -100.00
  83    96.055 55481.15251600 53.43 128.020290  61.251145 11.461 -100.00 -100.00 -100.00
  83    95.983 55481.15251659 52.57 128.024817  61.252613 22.716 -100.00 -100.00 -100.00
  83    95.920 55481.15251718 55.64 128.029345  61.254081   -100 -100.00 -100.00 -100.00
  83    95.881 55481.15251777 56.74 128.033872  61.255548   -100 -100.00 -100.00 -100.00
  83    95.857 55481.15251836 56.00 128.038401  61.257015   -100 -100.00 -100.00 -100.00
  84    96.254 55491.06815271 43.94 128.028783  61.252107   -100  253.06  249.31  245.02
  84    96.230 55491.06815330 40.81 128.033311  61.253575   -100  253.06  249.31  245.02
  84    96.203 55491.06815389 43.82 128.037839  61.255042   -100  253.06  249.31  245.02
  84    96.142 55491.06815448 43.27 128.042367  61.256509   -100  253.06  249.31  245.02
  84    96.121 55491.06815507 39.53 128.046896  61.257976   -100  253.06  249.31  245.02
  85    95.501 55500.98378583 39.89 128.023595  61.250841   -100 -100.00 -100.00 -100.00
  85    95.382 55500.98378642 41.31 128.028122  61.252309   -100 -100.00 -100.00 -100.00
  85    95.294 55500.98378701 41.38 128.032650  61.253777  7.329 -100.00 -100.00 -100.00
  85    95.287 55500.98378760 42.73 128.037178  61.255244 14.341 -100.00 -100.00 -100.00
  85    95.726 55500.98378819 45.66 128.041706  61.256711   -100 -100.00 -100.00 -100.00
  85    96.115 55500.98378878 44.07 128.046235  61.258178 29.165 -100.00 -100.00 -100.00
  86    95.945 55510.89942851 37.50 128.018468  61.251809   -100 -100.00 -100.00 -100.00
  86    95.785 55510.89942910 40.22 128.022994  61.253277  2.869 -100.00 -100.00 -100.00
  86    95.744 55510.89942969 36.94 128.027522  61.254745   -100 -100.00 -100.00 -100.00
  86    96.013 55510.89943028 35.95 128.032050  61.256212   -100 -100.00 -100.00 -100.00
  86    96.074 55510.89943087 41.22 128.036578  61.257679   -100 -100.00 -100.00 -100.00
  87    96.097 55520.81507745 35.65 128.010944  61.251899   -100  252.62  248.79  241.52
  87    96.174 55520.81507804 33.69 128.015471  61.253367   -100 -100.00 -100.00 -100.00
  87    96.239 55520.81507863 31.78 128.019998  61.254835 25.875 -100.00 -100.00 -100.00
  87    96.291 55520.81507922 37.22 128.024525  61.256303   -100 -100.00 -100.00 -100.00
  87    96.658 55520.81507981 37.21 128.029053  61.257770 30.177 -100.00 -100.00 -100.00
  88    95.674 55530.73072579 31.34 128.008796  61.252023   -100  240.60  234.89  225.58
  88    95.729 55530.73072638 26.71 128.013322  61.253491 16.785  240.60  234.89  225.58
  88    95.866 55530.73072697 26.83 128.017849  61.254959 18.399 -100.00 -100.00 -100.00
  88    95.809 55530.73072756 25.98 128.022376  61.256427 17.397 -100.00 -100.00 -100.00
  89    95.326 55540.64637244 23.57 128.007391  61.251163 13.719 -100.00 -100.00 -100.00
  89    95.339 55540.64637303 26.04 128.011917  61.252631 21.262 -100.00 -100.00 -100.00
  89    95.245 55540.64637362 24.54 128.016444  61.254098 17.797 -100.00 -100.00 -100.00
  89    95.172 55540.64637421 23.94 128.020971  61.255566 16.987 -100.00 -100.00 -100.00
  89    95.246 55540.64637480 22.10 128.025499  61.257034 12.040 -100.00 -100.00 -100.00
  90    95.424 55550.56201760 20.69 128.010392  61.252067 11.753 -100.00 -100.00 -100.00
  90    95.442 55550.56201819 20.82 128.014919  61.253535 12.197 -100.00 -100.00 -100.00
  90    95.177 55550.56201878 22.97 128.019445  61.255003 18.541 -100.00 -100.00 -100.00
  90    95.347 55550.56201937 20.18 128.023973  61.256470 11.808 -100.00 -100.00 -100.00
  91    95.851 55560.47766036 17.18 128.005426  61.251758  7.564 -100.00 -100.00 -100.00
  91    95.899 55560.47766095 17.05 128.009952  61.253226  7.989 -100.00 -100.00 -100.00
  91    95.875 55560.47766154 17.28 128.014479  61.254694  8.457 -100.00 -100.00 -100.00
  91    95.620 55560.47766213 17.75 128.019006  61.256162  9.639 -100.00 -100.00 -100.00
  91    95.503 55560.47766272 19.81 128.023534  61.257629 13.045 -100.00 -100.00 -100.00
  92    95.698 55570.39330214 17.33 127.998698  61.251020  7.852  237.73  230.02  214.82
  92    95.685 55570.39330273 17.09 128.003224  61.252488  7.133  237.73  230.02  214.82
  92    95.785 55570.39330332 16.54 128.007750  61.253956  7.401  237.73  230.02  214.82
  92    95.682 55570.39330391 17.81 128.012277  61.255424  9.728 -100.00 -100.00 -100.00
  92    95.683 55570.39330450 17.11 128.016804  61.256892  8.676 -100.00 -100.00 -100.00
  93    95.658 55580.30894408 14.42 128.002442  61.251957  4.639  242.89  235.96  220.68
  93    95.610 55580.30894467 13.88 128.006969  61.253425  4.765 -100.00 -100.00 -100.00
  93    95.569 55580.30894526 14.33 128.011496  61.254893  5.594 -100.00 -100.00 -100.00
  93    95.460 55580.30894585 13.58 128.016023  61.256361  4.853 -100.00 -100.00 -100.00
  93    95.522 55580.30894644 13.87 128.020551  61.257829  5.859 -100.00 -100.00 -100.00
  94    95.503 55590.22458339 14.47 128.010256  61.251598  5.508  240.06  232.55  216.60
  94    95.574 55590.22458398 14.80 128.014782  61.253066  6.813  240.06  232.55  216.60
  94    95.569 55590.22458457 14.17 128.019310  61.254534  5.748  240.06  232.55  216.60
  94    95.480 55590.22458516 13.86 128.023837  61.256002  5.187 -100.00 -100.00 -100.00
  94    95.551 55590.22458575 13.51 128.028365  61.257470  5.437 -100.00 -100.00 -100.00
  95    95.341 55600.14022022 13.34 128.024403  61.252058  4.644  235.78  226.70  209.33
  95    95.865 55600.14022081 12.85 128.028930  61.253525  3.762  235.78  226.70  209.33
  95    95.820 55600.14022140 12.85 128.033458  61.254993  3.582  235.78  226.70  209.33
  95    95.496 55600.14022199 12.81 128.037987  61.256460  4.287 -100.00 -100.00 -100.00
  95    96.154 55600.14022258 12.60 128.042516  61.257928  4.015 -100.00 -100.00 -100.00
  96    95.727 55610.05585368 13.36 128.029194  61.251104  4.433  237.04  227.85  209.75
  96    95.335 55610.05585427 13.29 128.033721  61.252571  4.823  237.04  227.85  209.75
  96    95.318 55610.05585486 13.39 128.038249  61.254039  4.863  237.04  227.85  209.75
  96    95.717 55610.05585545 12.99 128.042778  61.255506  4.715  237.04  227.85  209.75
  96    95.903 55610.05585604 12.71 128.047306  61.256973  4.405  237.04  227.85  209.75
  96    95.746 55610.05585663 12.49 128.051836  61.258440  3.520  237.04  227.85  209.75
  97    95.461 55619.97148522 13.97 128.027576  61.250989  5.143  239.33  229.81  211.48
  97    95.894 55619.97148581 13.54 128.032104  61.252457  5.420  239.33  229.81  211.48
  97    95.336 55619.97148640 14.07 128.036631  61.253924  6.543  239.33  229.81  211.48
  97    95.881 55619.97148699 12.84 128.041159  61.255392  4.535  239.33  229.81  211.48
  97    95.800 55619.97148758 13.10 128.045688  61.256859  4.416  239.33  229.81  211.48
  97    95.812 55619.97148817 12.41 128.050217  61.258326  3.449  239.33  229.81  211.48
  98    95.286 55629.88713492 13.58 128.017380  61.251436  6.324  242.74  233.63  215.29
  98    95.840 55629.88713551 12.83 128.021907  61.252904  5.041  242.74  233.63  215.29
  98    95.224 55629.88713610 12.58 128.026434  61.254371  4.829  242.74  233.63  215.29
  98    95.447 55629.88713669 12.01 128.030962  61.255839  4.081  242.74  233.63  215.29
  98    95.577 55629.88713728 11.98 128.035490  61.257306  4.614  242.74  233.63  215.29
  99    95.955 55639.80278547 11.74 128.013677  61.252119  4.663 -100.00 -100.00 -100.00
  99    95.392 55639.80278606 11.53 128.018204  61.253587  4.524 -100.00 -100.00 -100.00
  99    95.455 55639.80278665 11.27 128.022731  61.255055  4.344 -100.00 -100.00 -100.00
  99    95.599 55639.80278724 10.85 128.027258  61.256523  3.595 -100.00 -100.00 -100.00
 100    95.908 55649.71843427 10.81 128.017888  61.252378  4.260  246.57  239.92  224.80
 100    95.728 55649.71843486 10.77 128.022415  61.253846  4.674  246.57  239.92  224.80
 100    95.915 55649.71843545 10.47 128.026942  61.255313  3.544  246.57  239.92  224.80
 100    95.882 55649.71843604 10.28 128.031470  61.256781  3.561 -100.00 -100.00 -100.00
 101    95.883 55659.63407984 10.96 128.023962  61.251888  3.780 -100.00 -100.00 -100.00
 101    95.788 55659.63408043 11.10 128.028489  61.253356  4.662 -100.00 -100.00 -100.00
 101    95.784 55659.63408102 10.92 128.033016  61.254823  4.381 -100.00 -100.00 -100.00
 101    95.434 55659.63408161 10.60 128.037544  61.256290  4.120 -100.00 -100.00 -100.00
 101    96.022 55659.63408220 10.39 128.042072  61.257757  3.794 -100.00 -100.00 -100.00
 102    96.219 55669.54972155 15.17 128.026527  61.251771 13.059  252.89  247.21  235.94
 102    96.171 55669.54972214 17.16 128.031054  61.253239 16.712  252.89  247.21  235.94
 102    96.058 55669.54972273 18.78 128.035582  61.254706 21.447  252.89  247.21  235.94
 102    95.867 55669.54972333 16.21 128.040109  61.256173 15.457  252.89  247.21  235.94
 102    95.634 55669.54972392 15.79 128.044638  61.257639 15.632 -100.00 -100.00 -100.00
 103   222.485 55679.46536060 14.65 128.021922  61.251747  4.655  260.89  259.83  258.83
 103   222.002 55679.46536119 15.57 128.026449  61.253215  5.183  260.89  259.83  258.83
 103   221.911 55679.46536178 15.78 128.030976  61.254682  4.740  260.89  259.83  258.83
 103   221.609 55679.46536237 16.74 128.035504  61.256149  5.281  260.89  259.83  258.83
 103   221.364 55679.46536296 18.36 128.040032  61.257616  6.874  260.89  259.83  258.83
 104   224.841 55689.38099760  8.04 128.015137  61.251864  2.730  266.36  264.94  263.36
 104   224.107 55689.38099819  9.02 128.019664  61.253332  3.247 -100.00 -100.00 -100.00
 104   223.022 55689.38099878  9.29 128.024191  61.254800  3.040 -100.00 -100.00 -100.00
 104   222.841 55689.38099938 10.17 128.028718  61.256267  3.544 -100.00 -100.00 -100.00
 105    99.118 55699.29663311 50.55 128.009187  61.251095   -100 -100.00 -100.00 -100.00
 105    99.160 55699.29663370 49.47 128.013713  61.252564   -100 -100.00 -100.00 -100.00
 105    99.072 55699.29663429 52.52 128.018239  61.254031   -100 -100.00 -100.00 -100.00
 105    98.827 55699.29663488 53.82 128.022766  61.255499 25.580 -100.00 -100.00 -100.00
 105    99.020 55699.29663547 51.19 128.027293  61.256967   -100 -100.00 -100.00 -100.00
 106    97.387 55709.21227142 39.74 128.012165  61.251412   -100  269.63  266.29  261.17
 106    97.409 55709.21227201 40.61 128.016691  61.252880   -100  269.63  266.29  261.17
 106    97.656 55709.21227260 44.13 128.021218  61.254348   -100  269.63  266.29  261.17
 106    97.790 55709.21227319 44.54 128.025745  61.255816   -100  269.63  266.29  261.17
 106    97.541 55709.21227378 45.44 128.030272  61.257284   -100  269.63  266.29  261.17
 107    99.706 55719.12792205 33.43 128.012494  61.251332   -100 -100.00 -100.00 -100.00
 107    99.721 55719.12792264 30.36 128.017021  61.252800   -100 -100.00 -100.00 -100.00
 107    99.929 55719.12792323 25.67 128.021547  61.254268 17.272 -100.00 -100.00 -100.00
 107    99.830 55719.12792382 25.43 128.026075  61.255736 16.424 -100.00 -100.00 -100.00
 107    99.668 55719.12792441 28.84 128.030602  61.257203 28.094 -100.00 -100.00 -100.00
 108    99.390 55729.04357005 48.73 128.010681  61.251249   -100  268.02  265.64  259.70
 108    99.347 55729.04357064 51.44 128.015207  61.252717   -100  268.02  265.64  259.70
 108    99.308 55729.04357123 54.05 128.019734  61.254185  9.004  268.02  265.64  259.70
 108    99.318 55729.04357182 54.35 128.024261  61.255653  6.849  268.02  265.64  259.70
 108    99.317 55729.04357241 53.75 128.028789  61.257120  6.158  268.02  265.64  259.70
 109    99.042 55738.95921662 31.55 128.008607  61.251735 28.600  263.40  262.57  256.02
 109    98.761 55738.95921721 24.82 128.013133  61.253203 18.946  263.40  262.57  256.02
 109    98.737 55738.95921780 20.27 128.017660  61.254670 11.725  263.40  262.57  256.02
 109    98.179 55738.95921839 20.63 128.022187  61.256138 13.061  263.40  262.57  256.02
 109    97.942 55738.95921898 18.41 128.026715  61.257606  8.585  263.40  262.57  256.02
 110    98.306 55748.87486148 32.73 128.003238  61.251180 17.013  266.92  266.71  259.33
 110    98.640 55748.87486207 28.60 128.007764  61.252648  9.912  266.92  266.71  259.33
 110    96.701 55748.87486266 29.27 128.012291  61.254116 12.974  266.92  266.71  259.33
 110    96.885 55748.87486325 25.52 128.016817  61.255584  5.365  266.92  266.71  259.33
 110    96.674 55748.87486384 24.72 128.021345  61.257052  4.782  266.92  266.71  259.33
 111    96.212 55758.79050486 49.87 128.005910  61.251766 18.102  269.40  269.69  261.68
 111    96.178 55758.79050545 52.87 128.010436  61.253234 29.759  269.40  269.69  261.68
 111    96.139 55758.79050605 55.83 128.014962  61.254702   -100  269.40  269.69  261.68
 111    96.109 55758.79050664 55.82 128.019489  61.256170   -100  269.40  269.69  261.68
 111    96.074 55758.79050723 52.53 128.024017  61.257637 32.615  269.40  269.69  261.68
 112    96.426 55768.70614544 50.51 128.010076  61.251005   -100 -100.00 -100.00 -100.00
 112    96.383 55768.70614603 51.63 128.014601  61.252473  5.260 -100.00 -100.00 -100.00
 112    96.464 55768.70614662 53.47 128.019128  61.253941  1.214 -100.00 -100.00 -100.00
 112    96.465 55768.70614721 55.15 128.023654  61.255408   -100 -100.00 -100.00 -100.00
 112    96.356 55768.70614780 52.52 128.028182  61.256876 14.909 -100.00 -100.00 -100.00
 113    99.395 55778.62178373 46.07 128.021842  61.251725   -100  267.69  268.61  261.49
 113    99.341 55778.62178432 41.37 128.026369  61.253193 27.589  267.69  268.61  261.49
 113    99.225 55778.62178491 41.56 128.030896  61.254660 29.888  267.69  268.61  261.49
 113    99.209 55778.62178550 43.04 128.035423  61.256127   -100  267.69  268.61  261.49
 113    99.097 55778.62178609 41.63 128.039951  61.257594 28.330  267.69  268.61  261.49
 114    98.960 55788.53741878 43.86 128.026952  61.251209   -100  261.00  259.75  253.15
 114    98.878 55788.53741937 41.01 128.031478  61.252676 26.369  261.00  259.75  253.15
 114    98.740 55788.53741996 46.77 128.036005  61.254143   -100  261.00  259.75  253.15
 114    98.955 55788.53742055 41.69 128.040533  61.255610 26.699  261.00  259.75  253.15
 114    98.756 55788.53742114 39.61 128.045060  61.257077 21.303  261.00  259.75  253.15
 114    98.732 55788.53742173 40.29 128.049589  61.258544 23.411  261.00  259.75  253.15
 115    97.480 55798.45305256 26.52 128.029632  61.252146 27.882  263.15  261.60  255.34
 115    97.393 55798.45305315 25.52 128.034159  61.253613 23.562  263.15  261.60  255.34
 115    97.708 55798.45305374 21.94 128.038686  61.255080 12.173  263.15  261.60  255.34
 115    97.484 55798.45305433 27.12 128.043214  61.256547 29.865  263.15  261.60  255.34
 115    97.737 55798.45305492 30.51 128.047742  61.258014   -100  263.15  261.60  255.34
 116    97.272 55808.36869671 25.10 128.020663  61.251564 19.151 -100.00 -100.00 -100.00
 116    96.909 55808.36869730 24.12 128.025189  61.253031 21.333 -100.00 -100.00 -100.00
 116    96.717 55808.36869789 22.33 128.029716  61.254499 17.285 -100.00 -100.00 -100.00
 116    96.707 55808.36869848 21.03 128.034244  61.255966 14.613 -100.00 -100.00 -100.00
 116    96.500 55808.36869907 20.82 128.038771  61.257433 14.491 -100.00 -100.00 -100.00
 117    97.506 55818.28434507 49.75 128.013198  61.251061  5.073  259.85  257.07  252.87
 117    97.465 55818.28434566 50.69 128.017724  61.252529  7.158  259.85  257.07  252.87
 117    97.406 55818.28434625 54.91 128.022250  61.253997   -100  259.85  257.07  252.87
 117    97.370 55818.28434684 56.99 128.026777  61.255465   -100  259.85  257.07  252.87
 117    97.340 55818.28434743 55.99 128.031305  61.256932   -100  259.85  257.07  252.87
 118    96.936 55828.19999043 29.79 128.016133  61.251154   -100  253.23  250.71  247.28
 118    96.745 55828.19999102 25.15 128.020660  61.252622 24.766  253.23  250.71  247.28
 118    96.732 55828.19999161 24.01 128.025187  61.254089 21.197  253.23  250.71  247.28
 118    96.507 55828.19999221 23.50 128.029714  61.255557 20.991  253.23  250.71  247.28
 118    96.679 55828.19999280 21.61 128.034242  61.257024 16.108  253.23  250.71  247.28
 119    96.833 55838.11563205 27.30 128.025281  61.251910 25.569 -100.00 -100.00 -100.00
 119    96.747 55838.11563264 25.01 128.029808  61.253378 18.432 -100.00 -100.00 -100.00
 119    96.616 55838.11563323 24.01 128.034336  61.254845 16.735 -100.00 -100.00 -100.00
 119    96.352 55838.11563383 24.29 128.038864  61.256313 17.747 -100.00 -100.00 -100.00
 119    96.191 55838.11563442 22.71 128.043393  61.257780 12.230 -100.00 -100.00 -100.00
 120    96.186 55848.03127012 47.35 128.030549  61.252060 23.737 -100.00 -100.00 -100.00
 120    96.151 55848.03127071 42.85 128.035076  61.253528  1.571 -100.00 -100.00 -100.00
 120    96.081 55848.03127130 46.31 128.039604  61.254995 21.182 -100.00 -100.00 -100.00
 120    96.062 55848.03127189 48.84 128.044133  61.256462 26.312 -100.00 -100.00 -100.00
 120    96.387 55848.03127248 47.46 128.048662  61.257929   -100 -100.00 -100.00 -100.00
 121    96.674 55857.94690479 40.09 128.025037  61.251038   -100  251.38  248.85  244.93
 121    96.518 55857.94690538 35.24 128.029564  61.252505   -100  251.38  248.85  244.93
 121    96.496 55857.94690597 32.12 128.034091  61.253973   -100  251.38  248.85  244.93
 121    96.440 55857.94690656 30.32 128.038619  61.255440 29.193  251.38  248.85  244.93
 121    96.380 55857.94690715 32.05 128.043148  61.256907   -100  251.38  248.85  244.93
 121    96.298 55857.94690774 32.73 128.047677  61.258374   -100  251.38  248.85  244.93
 122    96.445 55867.86255057 46.69 128.019513  61.252395  0.362  247.20  243.67  239.79
 122    96.401 55867.86255116 45.11 128.024040  61.253862  3.548  247.20  243.67  239.79
 122    96.391 55867.86255175 42.01 128.028568  61.255330   -100  247.20  243.67  239.79
 122    96.365 55867.86255234 39.05 128.033095  61.256798   -100  247.20  243.67  239.79
 123    97.101 55877.77820116 34.38 128.007717  61.251443   -100  251.99  248.69  244.16
 123    96.867 55877.77820175 35.64 128.012243  61.252911   -100  251.99  248.69  244.16
 123    96.947 55877.77820234 31.98 128.016770  61.254379 26.628  251.99  248.69  244.16
 123    96.617 55877.77820293 28.98 128.021297  61.255847 23.429  251.99  248.69  244.16
 123    96.642 55877.77820352 27.22 128.025824  61.257315 17.067  251.99  248.69  244.16
 133    95.879 55976.93463240 16.05 128.020911  61.251791  8.500 -100.00 -100.00 -100.00
 133    96.069 55976.93463299 14.99 128.025439  61.253258  6.942 -100.00 -100.00 -100.00
 133    95.990 55976.93463358 14.72 128.029967  61.254726  6.077 -100.00 -100.00 -100.00
 133    95.907 55976.93463417 14.10 128.034495  61.256193  4.776 -100.00 -100.00 -100.00
 133    95.981 55976.93463476 13.83 128.039024  61.257660  4.674 -100.00 -100.00 -100.00
 134    95.761 55986.85026856 15.34 128.020643  61.252401  7.763 -100.00 -100.00 -100.00
 134    96.074 55986.85026915 14.12 128.025170  61.253868  5.708 -100.00 -100.00 -100.00
 134    95.821 55986.85026974 13.82 128.029697  61.255336  5.367 -100.00 -100.00 -100.00
 134    95.959 55986.85027033 13.42 128.034225  61.256803  4.492 -100.00 -100.00 -100.00
 135    96.001 55996.76590623 15.44 128.021149  61.252315  5.839 -100.00 -100.00 -100.00
 135    95.887 55996.76590682 15.93 128.025675  61.253783  8.303 -100.00 -100.00 -100.00
 135    95.976 55996.76590741 14.87 128.030203  61.255251  6.075 -100.00 -100.00 -100.00
 135    95.919 55996.76590800 14.66 128.034730  61.256718  6.061 -100.00 -100.00 -100.00
 136    96.238 56006.68155730 14.20 128.018821  61.251426  5.669  242.61  232.90  213.40
 136    96.056 56006.68155789 13.84 128.023347  61.252894  5.970 -100.00 -100.00 -100.00
 136    96.187 56006.68155848 13.50 128.027874  61.254362  5.705 -100.00 -100.00 -100.00
 136    95.708 56006.68155907 13.71 128.032401  61.255829  5.899 -100.00 -100.00 -100.00
 136    95.964 56006.68155966 13.13 128.036929  61.257296  5.187 -100.00 -100.00 -100.00
 137    95.713 56016.59720503 14.52 128.022818  61.251925  6.692 -100.00 -100.00 -100.00
 137    95.575 56016.59720562 13.43 128.027345  61.253393  5.832 -100.00 -100.00 -100.00
 137    95.832 56016.59720621 13.34 128.031872  61.254860  5.527 -100.00 -100.00 -100.00
 137    96.014 56016.59720680 13.00 128.036399  61.256327  4.900 -100.00 -100.00 -100.00
 137    95.890 56016.59720739 12.65 128.040928  61.257794  4.327 -100.00 -100.00 -100.00
 139    95.745 56036.42849192 21.95 128.017618  61.252472 10.997 -100.00 -100.00 -100.00
 139    95.361 56036.42849251 23.80 128.022145  61.253940 14.283 -100.00 -100.00 -100.00
 139    95.212 56036.42849310 29.19 128.026672  61.255407 31.584 -100.00 -100.00 -100.00
 139    95.233 56036.42849369 29.58 128.031199  61.256874   -100 -100.00 -100.00 -100.00
 141   225.231 56056.25977014 13.61 128.009669  61.252085  3.817 -100.00 -100.00 -100.00
 141   223.807 56056.25977073 14.02 128.014196  61.253553  3.872 -100.00 -100.00 -100.00
 141   223.508 56056.25977132 15.02 128.018722  61.255021  3.734 -100.00 -100.00 -100.00
 141   223.454 56056.25977191 15.08 128.023250  61.256489  3.595 -100.00 -100.00 -100.00
 142   226.049 56066.17540427  7.77 128.012395  61.251949  2.941 -100.00 -100.00 -100.00
 142   224.248 56066.17540486  8.34 128.016922  61.253417  2.867 -100.00 -100.00 -100.00
 142   223.241 56066.17540545 10.10 128.021448  61.254885  3.673 -100.00 -100.00 -100.00
 142   222.722 56066.17540604 11.00 128.025976  61.256353  3.569 -100.00 -100.00 -100.00
 143    99.885 56076.09105094 37.08 128.009630  61.251092 22.065  265.68  264.88  258.54
 143   100.148 56076.09105153 28.58 128.014157  61.252561 31.683 -100.00 -100.00 -100.00
 143    99.910 56076.09105212 27.65 128.018683  61.254029   -100 -100.00 -100.00 -100.00
 143    99.999 56076.09105271 23.93 128.023210  61.255496 19.431 -100.00 -100.00 -100.00
 143    99.832 56076.09105330 23.08 128.027738  61.256964 17.228 -100.00 -100.00 -100.00
 144   101.690 56086.00670030 55.14 128.010370  61.252229  1.015 -100.00 -100.00 -100.00
 144   101.679 56086.00670089 54.41 128.014897  61.253697  0.299 -100.00 -100.00 -100.00
 144   101.667 56086.00670148 55.41 128.019424  61.255165  1.537 -100.00 -100.00 -100.00
 144   101.655 56086.00670207 53.89 128.023951  61.256633   -100 -100.00 -100.00 -100.00
 145   100.631 56095.92234673 39.79 128.007844  61.251837 19.968  266.66  266.31  257.17
 145   100.915 56095.92234732 36.53 128.012370  61.253305 11.101 -100.00 -100.00 -100.00
 145   100.673 56095.92234791 38.60 128.016897  61.254773 17.349 -100.00 -100.00 -100.00
 145   100.803 56095.92234850 38.43 128.021424  61.256241 16.600 -100.00 -100.00 -100.00
 145   100.726 56095.92234909 43.08 128.025952  61.257708 32.044 -100.00 -100.00 -100.00
 146    99.700 56105.83799135 51.96 128.008716  61.251746   -100 -100.00 -100.00 -100.00
 146    99.510 56105.83799194 55.09 128.013242  61.253214   -100 -100.00 -100.00 -100.00
 146    99.443 56105.83799253 56.08 128.017769  61.254682   -100 -100.00 -100.00 -100.00
 146    99.372 56105.83799312 57.15 128.022296  61.256149   -100 -100.00 -100.00 -100.00
 146    99.383 56105.83799371 56.01 128.026824  61.257617 20.484 -100.00 -100.00 -100.00
 147   101.254 56115.75362194 44.75 128.014002  61.251972   -100  255.57  253.52  247.29
 147   101.198 56115.75362253 44.00 128.018528  61.253439   -100  255.57  253.52  247.29
 147   101.199 56115.75362312 39.76 128.023055  61.254907 31.621  255.57  253.52  247.29
 147   101.169 56115.75362371 38.53 128.027582  61.256374 25.302  255.57  253.52  247.29
 148    99.844 56125.66926019 21.51 128.018228  61.251511 13.941 -100.00 -100.00 -100.00
 148    99.928 56125.66926078 19.37 128.022754  61.252978  8.727 -100.00 -100.00 -100.00
 148    99.824 56125.66926137 17.40 128.027281  61.254446  6.380 -100.00 -100.00 -100.00
 148    99.669 56125.66926196 17.07 128.031808  61.255913  6.068 -100.00 -100.00 -100.00
 148    99.531 56125.66926255 16.24 128.036335  61.257380  5.549 -100.00 -100.00 -100.00
 149   101.421 56135.58489494 41.60 128.025764  61.252107 28.139  265.11  264.35  256.59
 149   101.280 56135.58489553 42.72 128.030290  61.253575 32.413  265.11  264.35  256.59
 149   101.179 56135.58489612 42.64 128.034817  61.255042 31.706  265.11  264.35  256.59
 149   101.080 56135.58489671 41.53 128.039344  61.256509 27.400  265.11  264.35  256.59
 149   100.933 56135.58489730 41.15 128.043872  61.257976 24.175 -100.00 -100.00 -100.00
 150    99.652 56145.50053712 48.95 128.025378  61.252132  1.382  260.14  257.45  251.75
 150    99.572 56145.50053772 52.16 128.029905  61.253599 26.260  260.14  257.45  251.75
 150    99.546 56145.50053831 55.15 128.034432  61.255066   -100  260.14  257.45  251.75
 150    99.531 56145.50053890 57.20 128.038959  61.256533   -100  260.14  257.45  251.75
 150    99.515 56145.50053949 56.49 128.043487  61.258000   -100  260.14  257.45  251.75
 151   100.085 56155.41618617 25.04 128.017423  61.251027 20.874  265.40  263.66  256.81
 151    99.779 56155.41618676 24.53 128.021950  61.252494 20.923  265.40  263.66  256.81
 151    99.988 56155.41618735 19.87 128.026476  61.253962 10.478  265.40  263.66  256.81
 151    99.722 56155.41618794 18.89 128.031003  61.255429  9.308  265.40  263.66  256.81
 151    99.809 56155.41618853 17.80 128.035531  61.256896  7.413  265.40  263.66  256.81
 152    97.511 56165.33183516 27.79 128.016605  61.252091 21.424  260.99  259.96  255.29
 152    97.283 56165.33183575 27.11 128.021131  61.253559 20.620  260.99  259.96  255.29
 152    97.320 56165.33183634 27.41 128.025658  61.255026 21.384  260.99  259.96  255.29
 152    97.450 56165.33183693 31.39 128.030185  61.256494   -100 -100.00 -100.00 -100.00
 153    97.632 56175.24748162 31.62 128.014185  61.251566   -100 -100.00 -100.00 -100.00
 153    97.281 56175.24748221 22.99 128.018711  61.253034 17.980 -100.00 -100.00 -100.00
 153    97.402 56175.24748280 21.17 128.023238  61.254501 13.201 -100.00 -100.00 -100.00
 153    99.170 56175.24748339 18.74 128.027766  61.255969  9.535 -100.00 -100.00 -100.00
 153    97.968 56175.24748398 18.22 128.032293  61.257436  7.182 -100.00 -100.00 -100.00
 154    96.979 56185.16312336 38.45 128.015902  61.251283   -100  264.11  262.22  257.89
 154    97.055 56185.16312396 32.08 128.020429  61.252751 18.097  264.11  262.22  257.89
 154    97.016 56185.16312455 31.29 128.024956  61.254219 15.458  264.11  262.22  257.89
 154    96.871 56185.16312514 27.22 128.029483  61.255686  9.228 -100.00 -100.00 -100.00
 154    97.093 56185.16312573 27.77 128.034011  61.257154  9.077 -100.00 -100.00 -100.00
 155    96.522 56195.07876159 29.95 128.020110  61.251537   -100  260.03  258.20  254.40
 155    96.416 56195.07876218 26.58 128.024637  61.253005 25.627  260.03  258.20  254.40
 155    96.458 56195.07876277 24.17 128.029164  61.254472 20.833  260.03  258.20  254.40
 155    96.128 56195.07876336 24.85 128.033692  61.255940 25.962  260.03  258.20  254.40
 155    95.835 56195.07876395 24.39 128.038220  61.257407 24.579  260.03  258.20  254.40
 156    97.016 56204.99439665 39.96 128.022152  61.252095   -100 -100.00 -100.00 -100.00
 156    97.060 56204.99439724 42.28 128.026679  61.253563   -100 -100.00 -100.00 -100.00
 156    97.249 56204.99439783 45.72 128.031207  61.255031   -100 -100.00 -100.00 -100.00
 156    97.373 56204.99439842 46.03 128.035735  61.256498   -100 -100.00 -100.00 -100.00
 156    97.279 56204.99439902 48.62 128.040263  61.257965   -100 -100.00 -100.00 -100.00
 157    96.881 56214.91002952 46.87 128.018492  61.251643   -100  251.93  249.41  245.99
 157    96.814 56214.91003011 47.76 128.023019  61.253111   -100  251.93  249.41  245.99
 157    96.862 56214.91003070 49.06 128.027546  61.254579   -100  251.93  249.41  245.99
 157    96.841 56214.91003129 50.76 128.032074  61.256046   -100  251.93  249.41  245.99
 157    96.791 56214.91003188 53.99 128.036602  61.257513 19.888  251.93  249.41  245.99
 158    96.382 56224.82566636 46.85 128.015536  61.251776  1.158  252.46  249.58  245.86
 158    96.377 56224.82566695 42.75 128.020062  61.253244   -100  252.46  249.58  245.86
 158    96.338 56224.82566754 43.93 128.024589  61.254712   -100  252.46  249.58  245.86
 158    96.303 56224.82566813 47.52 128.029116  61.256180 22.510  252.46  249.58  245.86
 158    96.787 56224.82566872 46.99 128.033644  61.257647   -100  252.46  249.58  245.86
 159    95.394 56234.74132142 36.83 128.009986  61.251542   -100 -100.00 -100.00 -100.00
 159    95.249 56234.74132201 36.55 128.014512  61.253010   -100 -100.00 -100.00 -100.00
 159    95.364 56234.74132260 36.44 128.019038  61.254478   -100 -100.00 -100.00 -100.00
 159    95.487 56234.74132319 37.88 128.023565  61.255945   -100 -100.00 -100.00 -100.00
 159    95.527 56234.74132378 39.88 128.028092  61.257413   -100 -100.00 -100.00 -100.00
 160    95.762 56244.65697276 27.01 128.006906  61.250969 15.049  249.71  246.24  241.09
 160    95.793 56244.65697335 27.39 128.011432  61.252437 16.959  249.71  246.24  241.09
 160    95.719 56244.65697394 28.84 128.015958  61.253905 21.054  249.71  246.24  241.09
 160    95.714 56244.65697453 27.95 128.020485  61.255373 18.839  249.71  246.24  241.09
 160    95.746 56244.65697512 24.98 128.025012  61.256841 10.708 -100.00 -100.00 -100.00
 161    95.711 56254.57261990 26.26 128.009959  61.252050 15.540  244.67  240.02  230.86
 161    95.586 56254.57262049 28.64 128.014485  61.253518 21.760  244.67  240.02  230.86
 161    95.611 56254.57262108 26.88 128.019011  61.254986 17.403  244.67  240.02  230.86
 161    95.735 56254.57262167 25.75 128.023538  61.256453 14.952  244.67  240.02  230.86
 162    95.493 56264.48826235 23.84 128.007981  61.251853 11.310 -100.00 -100.00 -100.00
 162    95.550 56264.48826294 23.39 128.012507  61.253321 10.262 -100.00 -100.00 -100.00
 162    95.576 56264.48826353 23.45 128.017034  61.254789 11.113 -100.00 -100.00 -100.00
 162    95.607 56264.48826412 23.52 128.021561  61.256257 10.709 -100.00 -100.00 -100.00
 162    95.602 56264.48826471 22.86 128.026088  61.257724  9.800 -100.00 -100.00 -100.00
 165    95.921 56294.23519962 19.55 128.012793  61.251778  7.194 -100.00 -100.00 -100.00
 165    95.888 56294.23520021 20.31 128.017320  61.253245  8.617 -100.00 -100.00 -100.00
 165    95.775 56294.23520080 19.83 128.021847  61.254713  7.937 -100.00 -100.00 -100.00
 165    95.779 56294.23520139 18.93 128.026375  61.256181  6.241 -100.00 -100.00 -100.00
 165    95.689 56294.23520199 18.74 128.030903  61.257648  5.898 -100.00 -100.00 -100.00
 166    95.740 56304.15084675 18.30 128.015946  61.251176  4.981  237.37  230.16  212.82
 166    95.727 56304.15084734 18.44 128.020474  61.252644  5.800  237.37  230.16  212.82
 166    95.699 56304.15084793 18.40 128.025001  61.254112  6.265 -100.00 -100.00 -100.00
 166    95.752 56304.15084852 18.17 128.029529  61.255579  6.010 -100.00 -100.00 -100.00
 166    95.656 56304.15084911 17.43 128.034058  61.257047  4.527 -100.00 -100.00 -100.00
 167    95.635 56314.06648993 17.49 128.017942  61.251566  4.899 -100.00 -100.00 -100.00
 167    95.687 56314.06649052 17.25 128.022470  61.253034  5.278 -100.00 -100.00 -100.00
 167    95.570 56314.06649111 18.29 128.026998  61.254502  7.196 -100.00 -100.00 -100.00
 167    95.477 56314.06649170 16.96 128.031526  61.255969  5.352 -100.00 -100.00 -100.00
 167    95.490 56314.06649229 16.82 128.036055  61.257436  4.733 -100.00 -100.00 -100.00
 168    95.438 56323.98213071 17.37 128.016564  61.252295  6.423 -100.00 -100.00 -100.00
 168    95.502 56323.98213130 17.30 128.021092  61.253763  6.596 -100.00 -100.00 -100.00
 168    95.522 56323.98213189 16.54 128.025620  61.255230  5.187 -100.00 -100.00 -100.00
 168    95.480 56323.98213248 16.37 128.030148  61.256698  5.044 -100.00 -100.00 -100.00
 169    95.487 56333.89777018 16.64 128.010926  61.251568  5.064  235.83  226.82  207.79
 169    95.494 56333.89777077 16.61 128.015452  61.253035  4.675  235.83  226.82  207.79
 169    95.469 56333.89777136 16.70 128.019980  61.254503  6.017  235.83  226.82  207.79
 169    95.526 56333.89777195 16.27 128.024507  61.255971  5.413  235.83  226.82  207.79
 169    95.407 56333.89777254 16.45 128.029036  61.257438  6.046  235.83  226.82  207.79
 170    95.501 56343.81340958 16.36 128.011486  61.251146  5.617 -100.00 -100.00 -100.00
 170    95.622 56343.81341017 15.63 128.016012  61.252613  4.248 -100.00 -100.00 -100.00
 170    95.439 56343.81341076 16.21 128.020539  61.254081  6.076 -100.00 -100.00 -100.00
 170    95.538 56343.81341135 15.78 128.025067  61.255549  5.602 -100.00 -100.00 -100.00
 170    95.495 56343.81341194 15.34 128.029594  61.257016  4.776 -100.00 -100.00 -100.00
 171    95.457 56353.72904768 15.35 128.021024  61.252261  4.503 -100.00 -100.00 -100.00
 171    95.498 56353.72904827 15.54 128.025550  61.253728  5.384 -100.00 -100.00 -100.00
 171    95.447 56353.72904886 15.35 128.030078  61.255196  4.731 -100.00 -100.00 -100.00
 171    95.365 56353.72904946 15.27 128.034605  61.256663  4.763 -100.00 -100.00 -100.00
 172    95.641 56363.64469095 14.04 128.023245  61.251856  4.138  240.80  230.59  211.28
 172    95.533 56363.64469154 13.87 128.027772  61.253323  4.422  240.80  230.59  211.28
 172    95.329 56363.64469213 14.01 128.032299  61.254791  3.976  240.80  230.59  211.28
 172    95.413 56363.64469272 13.75 128.036826  61.256258  4.347  240.80  230.59  211.28
 172    95.307 56363.64469331 13.84 128.041355  61.257725  4.037  240.80  230.59  211.28
 173    95.481 56373.56033968 15.03 128.020625  61.252121  5.575  243.27  234.31  215.07
 173    95.572 56373.56034027 14.74 128.025152  61.253589  5.419  243.27  234.31  215.07
 173    95.418 56373.56034086 14.68 128.029679  61.255056  4.781 -100.00 -100.00 -100.00
 173    95.397 56373.56034145 14.25 128.034207  61.256523  4.274 -100.00 -100.00 -100.00
 175    99.676 56393.39162827 13.58 128.002672  61.251100  3.985  257.41  252.53  241.78
 175    95.633 56393.39162886 13.84 128.007198  61.252568  5.119  257.41  252.53  241.78
 175    95.580 56393.39162945 13.46 128.011725  61.254036  4.884  257.41  252.53  241.78
 175    95.930 56393.39163004 13.52 128.016252  61.255504  4.905  257.41  252.53  241.78
 175    95.992 56393.39163063 13.31 128.020779  61.256971  4.648  257.41  252.53  241.78
 176    99.326 56403.30727056 24.12 128.001112  61.251059 32.564  267.87  266.58  265.38
 176    98.627 56403.30727115 27.15 128.005638  61.252528   -100  267.87  266.58  265.38
 176    95.127 56403.30727174 28.07 128.010164  61.253996   -100  267.87  266.58  265.38
 176    95.208 56403.30727233 27.15 128.014691  61.255463   -100  267.87  266.58  265.38
 176    95.333 56403.30727292 27.54 128.019218  61.256931   -100 -100.00 -100.00 -100.00
 177   226.668 56413.22291083 13.36 128.007504  61.252207  3.180 -100.00 -100.00 -100.00
 177   227.255 56413.22291142 14.19 128.012030  61.253675  3.224 -100.00 -100.00 -100.00
 177   225.976 56413.22291201 14.84 128.016557  61.255143  3.564 -100.00 -100.00 -100.00
 177   225.693 56413.22291260 15.44 128.021084  61.256611  3.933 -100.00 -100.00 -100.00
 178   225.839 56423.13854591  7.31 128.013425  61.252040  3.157  271.06  269.77  267.90
 178   225.225 56423.13854650  8.13 128.017951  61.253508  3.212  271.06  269.77  267.90
 178   223.355 56423.13854709  8.38 128.022478  61.254976  3.076  271.06  269.77  267.90
 178   224.358 56423.13854768  9.07 128.027006  61.256444  3.827  271.06  269.77  267.90
 179   100.359 56433.05418917 43.96 128.013639  61.252046 21.346  253.86  253.37  248.73
 179   100.251 56433.05418976 43.76 128.018166  61.253514 21.894  253.86  253.37  248.73
 179   100.241 56433.05419035 42.72 128.022693  61.254982  2.557 -100.00 -100.00 -100.00
 179   100.482 56433.05419094 40.67 128.027220  61.256450   -100 -100.00 -100.00 -100.00
 180    99.534 56442.96984076 34.19 128.005966  61.251419 10.867  257.77  256.92  251.92
 180    99.831 56442.96984135 26.75 128.010492  61.252888 32.000  257.77  256.92  251.92
 180    99.656 56442.96984194 26.07 128.015019  61.254355 29.935  257.77  256.92  251.92
 180    99.747 56442.96984253 22.54 128.019546  61.255823 17.600  257.77  256.92  251.92
 180    99.527 56442.96984312 22.12 128.024073  61.257291 17.164  257.77  256.92  251.92
 181   226.095 56452.88549000  9.87 128.000495  61.251133  3.086  257.65  256.02  250.41
 181   226.151 56452.88549059 11.10 128.005021  61.252602  3.265  257.65  256.02  250.41
 181   224.238 56452.88549118 11.64 128.009547  61.254070  4.358  257.65  256.02  250.41
 181   223.657 56452.88549177 13.69 128.014074  61.255537  5.884  257.65  256.02  250.41
 181   223.659 56452.88549236 12.94 128.018601  61.257005  4.756 -100.00 -100.00 -100.00
 182    98.366 56462.80113731 37.69 128.002347  61.251039   -100 -100.00 -100.00 -100.00
 182    98.549 56462.80113790 46.14 128.006873  61.252508  5.829 -100.00 -100.00 -100.00
 182    98.509 56462.80113850 44.11 128.011399  61.253975  9.617 -100.00 -100.00 -100.00
 182    98.400 56462.80113909 46.23 128.015926  61.255443 10.691 -100.00 -100.00 -100.00
 182    98.654 56462.80113968 47.33 128.020453  61.256911   -100 -100.00 -100.00 -100.00
 184   100.141 56482.63242329 20.63 128.019890  61.251921 12.098 -100.00 -100.00 -100.00
 184    99.987 56482.63242388 19.74 128.024416  61.253388 10.945 -100.00 -100.00 -100.00
 184   100.049 56482.63242447 17.86 128.028943  61.254855  9.605 -100.00 -100.00 -100.00
 184    99.672 56482.63242506 17.87 128.033471  61.256322  7.730 -100.00 -100.00 -100.00
 184    99.504 56482.63242565 16.09 128.037999  61.257789  6.286 -100.00 -100.00 -100.00
 185    98.090 56492.54806052 35.10 128.023017  61.252179 14.048  271.03  271.79  263.96
 185    97.978 56492.54806111 33.36 128.027544  61.253646  9.238 -100.00 -100.00 -100.00
 185    97.769 56492.54806170 34.30 128.032071  61.255113 12.536 -100.00 -100.00 -100.00
 185    97.642 56492.54806229 35.34 128.036598  61.256580 13.625 -100.00 -100.00 -100.00
 185    97.353 56492.54806288 35.51 128.041126  61.258047 15.105 -100.00 -100.00 -100.00
 187   100.500 56512.37932763 30.98 128.018278  61.251882 10.580  271.34  270.75  261.73
 187   100.211 56512.37932822 31.93 128.022804  61.253350 13.390  271.34  270.75  261.73
 187   100.323 56512.37932881 28.68 128.027331  61.254817  7.390  271.34  270.75  261.73
 187    99.970 56512.37932940 30.04 128.031858  61.256285 10.156  271.34  270.75  261.73
 187   100.159 56512.37932999 29.60 128.036385  61.257752  8.289  271.34  270.75  261.73
 188    98.307 56522.29497479 35.73 128.014941  61.251208 26.857  271.27  269.77  262.09
 188    98.199 56522.29497538 33.37 128.019467  61.252675 20.104  271.27  269.77  262.09
 188    98.405 56522.29497597 34.14 128.023993  61.254143 21.253  271.27  269.77  262.09
 188    98.228 56522.29497656 37.45 128.028520  61.255611   -100 -100.00 -100.00 -100.00
 188    98.426 56522.29497715 35.94 128.033047  61.257078 27.231 -100.00 -100.00 -100.00
 189    98.792 56532.21062760 45.14 128.016395  61.251218   -100  266.69  265.12  259.25
 189    98.748 56532.21062819 46.16 128.020922  61.252686   -100  266.69  265.12  259.25
 189    98.749 56532.21062878 47.20 128.025449  61.254154   -100  266.69  265.12  259.25
 189    98.755 56532.21062937 44.10 128.029976  61.255621 31.191  266.69  265.12  259.25
 189    98.669 56532.21062996 41.37 128.034504  61.257089 23.010  266.69  265.12  259.25
 191    96.364 56552.04192166 27.25 128.018108  61.251663 31.251 -100.00 -100.00 -100.00
 191    96.289 56552.04192225 27.03 128.022635  61.253131 31.627 -100.00 -100.00 -100.00
 191    96.515 56552.04192284 23.92 128.027163  61.254598 22.955 -100.00 -100.00 -100.00
 191    96.310 56552.04192343 21.99 128.031691  61.256066 18.972 -100.00 -100.00 -100.00
 191    96.017 56552.04192402 22.48 128.036219  61.257533 20.437 -100.00 -100.00 -100.00
 192    98.820 56561.95756363 23.73 128.010255  61.251563 15.598  254.97  253.27  249.90
 192    96.449 56561.95756422 23.10 128.014781  61.253031 17.904  254.97  253.27  249.90
 192    96.141 56561.95756481 22.78 128.019308  61.254498 20.401  254.97  253.27  249.90
 192    96.205 56561.95756540 21.24 128.023836  61.255966 16.559  254.97  253.27  249.90
 192    95.768 56561.95756599 21.76 128.028364  61.257434 19.556  254.97  253.27  249.90
 193    96.751 56571.87320441 31.27 128.002705  61.251487 28.568 -100.00 -100.00 -100.00
 193    96.638 56571.87320501 32.13 128.007231  61.252956   -100 -100.00 -100.00 -100.00
 193    96.593 56571.87320560 31.10 128.011758  61.254424   -100 -100.00 -100.00 -100.00
 193    96.802 56571.87320619 37.12 128.016285  61.255891   -100 -100.00 -100.00 -100.00
 193    97.375 56571.87320678 36.04 128.020812  61.257359 25.699 -100.00 -100.00 -100.00
 194    95.786 56581.78884381 40.32 127.999849  61.251084   -100  251.36  247.88  244.17
 194    95.729 56581.78884440 41.28 128.004375  61.252552   -100 -100.00 -100.00 -100.00
 194    95.688 56581.78884499 43.19 128.008901  61.254020  9.900 -100.00 -100.00 -100.00
 194    96.029 56581.78884558 42.82 128.013427  61.255489   -100 -100.00 -100.00 -100.00
 194    96.069 56581.78884617 44.05 128.017954  61.256956   -100 -100.00 -100.00 -100.00
 195    95.609 56591.70448030 42.08 128.010376  61.252097   -100  253.73  250.36  247.06
 195    95.486 56591.70448089 44.13 128.014902  61.253565   -100  253.73  250.36  247.06
 195    95.467 56591.70448148 44.15 128.019428  61.255033  0.742  253.73  250.36  247.06
 195    95.458 56591.70448208 43.66 128.023955  61.256500   -100  253.73  250.36  247.06
 196    95.501 56601.62012996 26.51 128.014012  61.252022 12.429  240.58  234.83  229.00
 196    95.497 56601.62013055 24.73 128.018539  61.253490  9.241  240.58  234.83  229.00
 196    95.323 56601.62013114 25.19 128.023065  61.254957 10.075  240.58  234.83  229.00
 196    95.245 56601.62013173 26.30 128.027593  61.256425 11.923  240.58  234.83  229.00
 197    95.258 56611.53577946 23.81 128.012052  61.251617  9.097 -100.00 -100.00 -100.00
 197    95.342 56611.53578005 23.34 128.016578  61.253085  8.302 -100.00 -100.00 -100.00
 197    95.438 56611.53578064 22.64 128.021104  61.254552  5.708 -100.00 -100.00 -100.00
 197    95.370 56611.53578123 22.31 128.025632  61.256020  6.111 -100.00 -100.00 -100.00
 197    95.317 56611.53578182 22.12 128.030159  61.257487  5.699 -100.00 -100.00 -100.00
 198    95.446 56621.45142438 21.56 128.007979  61.251816  6.893 -100.00 -100.00 -100.00
 198    95.651 56621.45142497 20.87 128.012506  61.253284  5.387 -100.00 -100.00 -100.00
 198    95.473 56621.45142556 21.37 128.017032  61.254752  6.822 -100.00 -100.00 -100.00
 198    95.535 56621.45142615 20.64 128.021560  61.256219  5.574 -100.00 -100.00 -100.00
 198    95.680 56621.45142674 20.53 128.026087  61.257687  5.547 -100.00 -100.00 -100.00
 199    95.711 56631.36706616 20.32 128.002877  61.251256  6.697 -100.00 -100.00 -100.00
 199    95.618 56631.36706675 19.56 128.007403  61.252724  5.209 -100.00 -100.00 -100.00
 199    95.741 56631.36706734 19.15 128.011930  61.254192  4.575 -100.00 -100.00 -100.00
 199    95.676 56631.36706793 19.10 128.016457  61.255660  4.591 -100.00 -100.00 -100.00
 199    95.603 56631.36706852 18.93 128.020984  61.257127  5.106 -100.00 -100.00 -100.00
 200    95.672 56641.28270527 17.89 128.009779  61.252192  4.682 -100.00 -100.00 -100.00
 200    95.652 56641.28270586 17.28 128.014306  61.253660  3.966 -100.00 -100.00 -100.00
 200    95.734 56641.28270645 16.92 128.018833  61.255128  4.148 -100.00 -100.00 -100.00
 200    95.604 56641.28270704 17.16 128.023360  61.256596  4.692 -100.00 -100.00 -100.00
 201    95.735 56651.19835368 18.11 128.014288  61.251235  5.219  244.45  238.40  227.55
 201    95.686 56651.19835427 17.98 128.018815  61.252703  5.063 -100.00 -100.00 -100.00
 201    95.827 56651.19835486 17.38 128.023343  61.254171  4.640 -100.00 -100.00 -100.00
 201    95.762 56651.19835546 16.92 128.027870  61.255639  3.815 -100.00 -100.00 -100.00
 201    95.602 56651.19835605 17.33 128.032399  61.257106  4.645 -100.00 -100.00 -100.00
 202    95.597 56661.11400456 17.14 128.020171  61.251369  5.277  235.65  228.37  214.71
 202    95.797 56661.11400515 16.92 128.024698  61.252837  4.837  235.65  228.37  214.71
 202    95.738 56661.11400574 16.67 128.029226  61.254304  4.538  235.65  228.37  214.71
 202    95.657 56661.11400633 16.46 128.033755  61.255772  4.815  235.65  228.37  214.71
 202    95.678 56661.11400692 16.45 128.038283  61.257239  4.095  235.65  228.37  214.71
 203    95.545 56671.02965154 16.25 128.019704  61.251440  4.403  235.72  228.45  213.65
 203    95.718 56671.02965213 15.99 128.024231  61.252908  4.453  235.72  228.45  213.65
 203    95.661 56671.02965272 15.95 128.028759  61.254375  4.341  235.72  228.45  213.65
 203    95.503 56671.02965331 16.04 128.033288  61.255843  4.584  235.72  228.45  213.65
 203    95.594 56671.02965390 15.61 128.037817  61.257310  4.008  235.72  228.45  213.65
 205    95.493 56690.86093829 15.52 128.006101  61.251427  4.734 -100.00 -100.00 -100.00
 205    95.503 56690.86093888 15.28 128.010628  61.252896  4.371 -100.00 -100.00 -100.00
 205    95.504 56690.86093947 14.82 128.015155  61.254364  4.030 -100.00 -100.00 -100.00
 205    95.590 56690.86094006 14.63 128.019682  61.255831  3.756 -100.00 -100.00 -100.00
 205    95.449 56690.86094065 14.71 128.024210  61.257299  4.124 -100.00 -100.00 -100.00
 206    95.460 56700.77657792 14.40 128.007559  61.251386  4.788 -100.00 -100.00 -100.00
 206    95.425 56700.77657851 14.07 128.012085  61.252854  3.998 -100.00 -100.00 -100.00
 206    95.453 56700.77657910 13.90 128.016612  61.254322  3.621 -100.00 -100.00 -100.00
 206    95.404 56700.77657969 13.72 128.021139  61.255790  3.590 -100.00 -100.00 -100.00
 206    95.479 56700.77658029 13.58 128.025667  61.257258  3.453 -100.00 -100.00 -100.00
 207    95.533 56710.69221370 13.36 128.018262  61.251938  3.753 -100.00 -100.00 -100.00
 207    95.525 56710.69221429 13.39 128.022789  61.253406  4.768 -100.00 -100.00 -100.00
 207    95.504 56710.69221488 13.10 128.027316  61.254874  3.985 -100.00 -100.00 -100.00
 207    95.486 56710.69221547 13.07 128.031843  61.256341  3.908 -100.00 -100.00 -100.00
 207    95.399 56710.69221606 12.77 128.036371  61.257808  3.997 -100.00 -100.00 -100.00
 208    95.488 56720.60785713 13.85 128.023329  61.252360  4.785  239.93  231.51  214.72
 208    95.518 56720.60785772 13.60 128.027856  61.253828  4.673  239.93  231.51  214.72
 208    95.344 56720.60785831 13.92 128.032383  61.255295  5.761  239.93  231.51  214.72
 208    95.506 56720.60785890 13.21 128.036911  61.256762  4.032  239.93  231.51  214.72
 209   218.142 56730.52350829  4.69 128.016130  61.251658  8.152 -100.00 -100.00 -100.00
 209   220.075 56730.52350888  2.80 128.020657  61.253125  4.797 -100.00 -100.00 -100.00
 209   219.973 56730.52350947  5.15 128.025184  61.254593  6.127 -100.00 -100.00 -100.00
 209   219.354 56730.52351006  8.22 128.029711  61.256060 11.765 -100.00 -100.00 -100.00
 209   219.434 56730.52351065  6.06 128.034239  61.257527  8.781 -100.00 -100.00 -100.00
 211    95.376 56750.35479901 14.26 127.999441  61.252101  5.006 -100.00 -100.00 -100.00
 211    95.398 56750.35479960 14.22 128.003967  61.253569  5.233 -100.00 -100.00 -100.00
 211    95.652 56750.35480019 13.75 128.008494  61.255037  3.854 -100.00 -100.00 -100.00
 211    95.517 56750.35480078 13.29 128.013021  61.256505  3.969 -100.00 -100.00 -100.00
 212   100.309 56760.27043778 25.12 127.996898  61.251165 23.916  266.73  264.60  262.64
 212    95.232 56760.27043837 25.46 128.001424  61.252634 28.154  266.73  264.60  262.64
 212    95.035 56760.27043896 29.05 128.005950  61.254102   -100  266.73  264.60  262.64
 212    95.147 56760.27043955 29.27 128.010477  61.255570   -100 -100.00 -100.00 -100.00
 212    95.407 56760.27044014 31.30 128.015004  61.257038   -100 -100.00 -100.00 -100.00
 213   226.966 56770.18607135 15.15 128.006773  61.251606  3.212 -100.00 -100.00 -100.00
 213   226.383 56770.18607194 16.78 128.011299  61.253074  5.573 -100.00 -100.00 -100.00
 213   225.487 56770.18607254 17.01 128.015825  61.254542  4.535 -100.00 -100.00 -100.00
 213   225.723 56770.18607313 17.20 128.020353  61.256010  4.144 -100.00 -100.00 -100.00
 213   225.536 56770.18607372 17.84 128.024880  61.257478  5.065 -100.00 -100.00 -100.00
 214   225.731 56780.10172348 10.32 128.009047  61.251358  3.405  261.13  259.36  258.66
 214   225.615 56780.10172407 10.95 128.013573  61.252826  3.766  261.13  259.36  258.66
 214   225.542 56780.10172466 11.10 128.018100  61.254294  3.801  261.13  259.36  258.66
 214   225.386 56780.10172525 11.15 128.022627  61.255762  3.026  261.13  259.36  258.66
 214   225.231 56780.10172584 12.32 128.027155  61.257230  4.056 -100.00 -100.00 -100.00
 215   100.313 56790.01737896 53.02 128.010542  61.252387 27.000  252.42  248.94  245.79
 215   100.269 56790.01737955 54.13 128.015069  61.253855 30.858 -100.00 -100.00 -100.00
 215   100.229 56790.01738014 53.55 128.019596  61.255323 32.455 -100.00 -100.00 -100.00
 215   100.194 56790.01738073 54.50 128.024124  61.256790   -100 -100.00 -100.00 -100.00
 216    98.136 56799.93303018 46.35 128.003584  61.251923   -100 -100.00 -100.00 -100.00
 216    97.812 56799.93303077 48.31 128.008110  61.253391  0.772 -100.00 -100.00 -100.00
 216    97.775 56799.93303136 51.37 128.012637  61.254859  6.634 -100.00 -100.00 -100.00
 216    97.963 56799.93303195 52.72 128.017164  61.256326   -100 -100.00 -100.00 -100.00
 216    97.792 56799.93303254 54.51 128.021692  61.257794   -100 -100.00 -100.00 -100.00
 217    97.674 56809.84867528 39.36 128.000507  61.252286   -100  256.92  254.79  249.48
 217    97.996 56809.84867587 40.60 128.005033  61.253754   -100  256.92  254.79  249.48
 217    97.821 56809.84867646 43.31 128.009560  61.255222   -100  256.92  254.79  249.48
 217    97.795 56809.84867705 43.31 128.014087  61.256690  0.199  256.92  254.79  249.48
 219    99.531 56829.67995257 49.12 128.010174  61.251640   -100 -100.00 -100.00 -100.00
 219    99.509 56829.67995316 51.28 128.014700  61.253107   -100 -100.00 -100.00 -100.00
 219    99.471 56829.67995376 53.55 128.019226  61.254575 24.654 -100.00 -100.00 -100.00
 219    99.488 56829.67995435 55.44 128.023753  61.256042 19.480 -100.00 -100.00 -100.00
 219    99.475 56829.67995494 55.48 128.028281  61.257510 24.859 -100.00 -100.00 -100.00
 220   220.187 56839.59558691  3.35 128.022855  61.251983  3.772  261.87  261.04  254.84
 220   221.248 56839.59558750  4.93 128.027381  61.253451  5.300  261.87  261.04  254.84
 220   221.267 56839.59558809  7.17 128.031908  61.254918  6.531  261.87  261.04  254.84
 220   221.281 56839.59558868  7.67 128.036436  61.256385  6.887  261.87  261.04  254.84
 220   221.333 56839.59558927 13.07 128.040963  61.257852 16.721  261.87  261.04  254.84
 221    98.064 56849.51122036 42.54 128.025474  61.251160   -100 -100.00 -100.00 -100.00
 221    98.146 56849.51122095 35.47 128.030000  61.252628 14.032 -100.00 -100.00 -100.00
 221    98.059 56849.51122154 35.79 128.034527  61.254095 15.577 -100.00 -100.00 -100.00
 221    98.056 56849.51122213 34.17 128.039054  61.255562 10.178 -100.00 -100.00 -100.00
 221    98.000 56849.51122272 32.82 128.043582  61.257029  9.483 -100.00 -100.00 -100.00
 222    96.385 56859.42687456 28.54 128.019742  61.252277 11.968 -100.00 -100.00 -100.00
 222    96.256 56859.42687515 26.06 128.024268  61.253744  7.557 -100.00 -100.00 -100.00
 222    96.176 56859.42687574 25.36 128.028795  61.255212  6.590 -100.00 -100.00 -100.00
 222    95.874 56859.42687633 25.81 128.033322  61.256679  7.844 -100.00 -100.00 -100.00
 223    97.892 56869.34252710 36.53 128.007818  61.251615   -100 -100.00 -100.00 -100.00
 223    96.158 56869.34252769 29.52 128.012344  61.253083 24.066 -100.00 -100.00 -100.00
 223    96.023 56869.34252829 26.71 128.016870  61.254550 14.997 -100.00 -100.00 -100.00
 223    95.935 56869.34252888 26.96 128.021397  61.256018 16.194 -100.00 -100.00 -100.00
 223    96.002 56869.34252947 28.95 128.025925  61.257485 20.379 -100.00 -100.00 -100.00
 224    96.933 56879.25817806 35.30 128.003561  61.251483   -100  279.42  278.85  271.85
 224    96.942 56879.25817865 26.56 128.008087  61.252951 17.627  279.42  278.85  271.85
 224    96.799 56879.25817925 22.80 128.012613  61.254419  9.751  279.42  278.85  271.85
 224    96.517 56879.25817984 22.09 128.017140  61.255887 10.076 -100.00 -100.00 -100.00
 224    96.374 56879.25818043 21.93 128.021668  61.257354 10.027 -100.00 -100.00 -100.00
 225    98.400 56889.17382616 26.60 128.005854  61.251444 24.959  273.00  272.37  264.73
 225    97.566 56889.17382675 27.33 128.010380  61.252912   -100 -100.00 -100.00 -100.00
 225    97.937 56889.17382734 18.07 128.014907  61.254379 11.113 -100.00 -100.00 -100.00
 225    97.414 56889.17382793 17.62 128.019434  61.255847 11.308 -100.00 -100.00 -100.00
 225    98.645 56889.17382852 14.89 128.023961  61.257314  7.922 -100.00 -100.00 -100.00
 226    97.065 56899.08947163 49.38 128.009665  61.251471   -100 -100.00 -100.00 -100.00
 226    97.014 56899.08947222 50.23 128.014191  61.252939   -100 -100.00 -100.00 -100.00
 226    96.979 56899.08947281 54.37 128.018719  61.254406 13.554 -100.00 -100.00 -100.00
 226    96.986 56899.08947340 55.22 128.023246  61.255874  4.517 -100.00 -100.00 -100.00
 226    96.983 56899.08947399 53.97 128.027774  61.257341  7.131 -100.00 -100.00 -100.00
 227    97.971 56909.00511442 26.80 128.009416  61.252055   -100 -100.00 -100.00 -100.00
 227    97.226 56909.00511501 20.99 128.013943  61.253523 18.091 -100.00 -100.00 -100.00
 227    97.188 56909.00511560 18.38 128.018470  61.254991 12.635 -100.00 -100.00 -100.00
 227    97.039 56909.00511619 19.09 128.022998  61.256458 14.335 -100.00 -100.00 -100.00
 228    98.763 56918.92075469 31.69 128.003258  61.252049 24.159 -100.00 -100.00 -100.00
 228    98.742 56918.92075528 26.87 128.007784  61.253517 14.118 -100.00 -100.00 -100.00
 228    98.535 56918.92075587 23.11 128.012311  61.254985  9.046 -100.00 -100.00 -100.00
 228    98.316 56918.92075646 22.72 128.016838  61.256452  7.823 -100.00 -100.00 -100.00
 228    98.172 56918.92075705 20.92 128.021366  61.257920  5.756 -100.00 -100.00 -100.00
 229    99.797 56928.83639308 21.97 127.999165  61.252277 13.225 -100.00 -100.00 -100.00
 229    98.675 56928.83639367 27.14 128.003691  61.253745 28.519 -100.00 -100.00 -100.00
 229    98.716 56928.83639426 21.78 128.008218  61.255213 16.923 -100.00 -100.00 -100.00
 229    98.511 56928.83639485 18.27 128.012744  61.256681 10.027 -100.00 -100.00 -100.00
 230    96.521 56938.75202733 43.15 127.999127  61.251530  3.264  250.51  246.81  241.77
 230    96.500 56938.75202792 40.69 128.003652  61.252998   -100  250.51  246.81  241.77
 230    96.484 56938.75202851 40.09 128.008178  61.254466   -100  250.51  246.81  241.77
 230    96.639 56938.75202910 45.20 128.012705  61.255935  4.425  250.51  246.81  241.77
 230    96.894 56938.75202969 44.33 128.017232  61.257402   -100 -100.00 -100.00 -100.00
 231    95.606 56948.66766256 43.12 128.007458  61.251607   -100  252.23  248.49  245.20
 231    95.609 56948.66766315 42.48 128.011984  61.253075   -100  252.23  248.49  245.20
 231    95.826 56948.66766374 45.53 128.016510  61.254543   -100  252.23  248.49  245.20
 231    95.895 56948.66766433 44.83 128.021036  61.256011   -100  252.23  248.49  245.20
 231    96.006 56948.66766492 46.60 128.025563  61.257479   -100  252.23  248.49  245.20
 232    95.483 56958.58331565 28.17 128.009709  61.251366 14.578 -100.00 -100.00 -100.00
 232    95.661 56958.58331624 29.10 128.014235  61.252834 17.970 -100.00 -100.00 -100.00
 232    95.555 56958.58331684 30.24 128.018761  61.254302 22.178 -100.00 -100.00 -100.00
 232    95.543 56958.58331743 26.53 128.023288  61.255770 13.017 -100.00 -100.00 -100.00
 232    95.548 56958.58331802 28.25 128.027815  61.257237 17.108 -100.00 -100.00 -100.00
 233    95.557 56968.49896349 33.18 128.010554  61.251468 32.580 -100.00 -100.00 -100.00
 233    95.677 56968.49896408 32.75 128.015080  61.252936 29.599 -100.00 -100.00 -100.00
 233    95.582 56968.49896468 29.64 128.019607  61.254403 19.496 -100.00 -100.00 -100.00
 233    95.510 56968.49896527 31.77 128.024134  61.255871 27.121 -100.00 -100.00 -100.00
 233    95.545 56968.49896586 29.79 128.028661  61.257338 19.433 -100.00 -100.00 -100.00
 234    95.678 56978.41460750 22.89 128.010888  61.252188 11.275  253.82  250.60  245.33
 234    95.745 56978.41460809 20.89 128.015414  61.253656  8.531  253.82  250.60  245.33
 234    95.761 56978.41460868 20.48 128.019941  61.255123  7.698  253.82  250.60  245.33
 234    95.635 56978.41460927 19.95 128.024468  61.256591  6.426  253.82  250.60  245.33
 235    95.341 56988.33024647 21.06 128.006905  61.251228  9.435 -100.00 -100.00 -100.00
 235    95.569 56988.33024706 19.99 128.011432  61.252697  7.733 -100.00 -100.00 -100.00
 235    95.501 56988.33024765 19.17 128.015958  61.254164  6.883 -100.00 -100.00 -100.00
 235    95.526 56988.33024824 19.49 128.020485  61.255632  7.560 -100.00 -100.00 -100.00
 235    95.423 56988.33024883 19.19 128.025013  61.257100  6.330 -100.00 -100.00 -100.00
 236    95.696 56998.24588030 17.84 128.012420  61.251384  5.726 -100.00 -100.00 -100.00
 236    95.551 56998.24588089 17.87 128.016947  61.252852  6.737 -100.00 -100.00 -100.00
 236    95.497 56998.24588148 16.90 128.021473  61.254320  4.417 -100.00 -100.00 -100.00
 236    95.419 56998.24588207 16.91 128.026001  61.255788  4.398 -100.00 -100.00 -100.00
 236    95.492 56998.24588266 16.67 128.030528  61.257256  4.264 -100.00 -100.00 -100.00
 237    95.559 57008.16152989 18.28 128.015356  61.251193  7.139 -100.00 -100.00 -100.00
 237    95.602 57008.16153048 17.31 128.019883  61.252661  5.198 -100.00 -100.00 -100.00
 237    95.563 57008.16153107 17.16 128.024410  61.254129  4.661 -100.00 -100.00 -100.00
 237    95.490 57008.16153166 16.89 128.028938  61.255596  4.654 -100.00 -100.00 -100.00
 237    95.550 57008.16153225 17.06 128.033466  61.257064  4.558 -100.00 -100.00 -100.00
 238    95.478 57018.07718381 16.46 128.021351  61.252326  5.164 -100.00 -100.00 -100.00
 238    95.535 57018.07718440 16.04 128.025878  61.253793  4.856 -100.00 -100.00 -100.00
 238    95.543 57018.07718499 15.68 128.030406  61.255261  4.259 -100.00 -100.00 -100.00
 238    95.430 57018.07718558 15.90 128.034934  61.256728  4.700 -100.00 -100.00 -100.00
 239    95.459 57027.99283306 14.74 128.016290  61.251019  4.354 -100.00 -100.00 -100.00
 239    95.482 57027.99283365 14.83 128.020817  61.252487  4.765 -100.00 -100.00 -100.00
 239    95.500 57027.99283424 14.48 128.025345  61.253955  3.800 -100.00 -100.00 -100.00
 239    95.375 57027.99283483 14.25 128.029873  61.255422  3.494 -100.00 -100.00 -100.00
 239    95.468 57027.99283542 13.98 128.034402  61.256889  3.768 -100.00 -100.00 -100.00
 240    95.714 57037.90848068 14.26 128.011134  61.251144  4.179 -100.00 -100.00 -100.00
 240    95.513 57037.90848127 14.12 128.015660  61.252612  3.716 -100.00 -100.00 -100.00
 240    95.365 57037.90848186 14.31 128.020188  61.254080  3.728 -100.00 -100.00 -100.00
 240    95.522 57037.90848245 13.62 128.024716  61.255547  3.476 -100.00 -100.00 -100.00
 240    95.398 57037.90848304 13.52 128.029244  61.257015  3.441 -100.00 -100.00 -100.00
 241    95.422 57047.82412602 13.92 128.008092  61.251717  4.682 -100.00 -100.00 -100.00
 241    95.519 57047.82412661 13.81 128.012618  61.253185  4.309 -100.00 -100.00 -100.00
 241    95.419 57047.82412720 13.46 128.017145  61.254653  3.632 -100.00 -100.00 -100.00
 241    95.505 57047.82412779 13.28 128.021673  61.256121  3.691 -100.00 -100.00 -100.00
 241    95.408 57047.82412838 13.17 128.026201  61.257588  3.398 -100.00 -100.00 -100.00
 242    95.593 57057.73976763 13.59 128.006882  61.251430  4.500  242.85  235.47  218.95
 242    95.525 57057.73976822 13.17 128.011409  61.252898  4.035  242.85  235.47  218.95
 242    95.500 57057.73976881 13.16 128.015936  61.254366  3.909  242.85  235.47  218.95
 242    95.478 57057.73976940 12.72 128.020463  61.255834  3.415  242.85  235.47  218.95
 242    95.344 57057.73976999 12.73 128.024990  61.257302  3.869  242.85  235.47  218.95
 243    95.645 57067.65540428 12.87 128.011789  61.251442  4.335  244.35  237.60  220.60
 243    95.581 57067.65540487 12.63 128.016316  61.252910  3.819  244.35  237.60  220.60
 243    95.412 57067.65540546 12.55 128.020842  61.254378  3.442  244.35  237.60  220.60
 243    95.467 57067.65540605 12.37 128.025369  61.255845  4.039  244.35  237.60  220.60
 243    95.270 57067.65540664 12.16 128.029897  61.257313  3.408  244.35  237.60  220.60
 244    95.464 57077.57103699 12.45 128.018937  61.252342  3.630  242.79  234.72  217.09
 244    95.139 57077.57103758 12.14 128.023464  61.253810  3.497  242.79  234.72  217.09
 244    95.437 57077.57103817 11.84 128.027991  61.255278  3.476  242.79  234.72  217.09
 244    95.227 57077.57103876 11.93 128.032518  61.256745  3.628  242.79  234.72  217.09
 245    95.581 57087.48666922 12.88 128.018459  61.251714  3.703  241.43  232.72  213.75
 245    95.581 57087.48666981 12.58 128.022985  61.253182  3.381  241.43  232.72  213.75
 245    95.554 57087.48667040 12.39 128.027512  61.254650  3.287  241.43  232.72  213.75
 245    95.414 57087.48667099 12.40 128.032039  61.256117  4.123  241.43  232.72  213.75
 245    95.420 57087.48667158 12.45 128.036567  61.257585  3.670  241.43  232.72  213.75
 246    95.410 57097.40232682 12.52 128.006541  61.251182  3.838 -100.00 -100.00 -100.00
 246    95.563 57097.40232741 12.59 128.011067  61.252650  4.687 -100.00 -100.00 -100.00
 246    95.585 57097.40232800 12.20 128.015593  61.254118  3.538 -100.00 -100.00 -100.00
 246    95.519 57097.40232859 12.00 128.020120  61.255586  3.622 -100.00 -100.00 -100.00
 246    95.450 57097.40232918 11.90 128.024648  61.257054  3.566 -100.00 -100.00 -100.00
 247    95.404 57107.31798233  8.59 128.001302  61.252092  4.767  253.87  248.03  236.03
 247    95.483 57107.31798292  8.47 128.005828  61.253560  5.661  253.87  248.03  236.03
 247    95.525 57107.31798351  8.30 128.010355  61.255028  4.772  253.87  248.03  236.03
 247    95.600 57107.31798410  7.92 128.014882  61.256496  5.480  253.87  248.03  236.03
 248    95.803 57117.23363321  8.27 128.000302  61.252192  4.178  239.51  229.32  212.26
 248    95.670 57117.23363380  8.19 128.004829  61.253660  4.277  239.51  229.32  212.26
 248    95.545 57117.23363439  7.83 128.009355  61.255128  4.080  239.51  229.32  212.26
 248    95.786 57117.23363498  7.23 128.013882  61.256596  3.168  239.51  229.32  212.26
 249    96.309 57127.14927822  9.45 128.003749  61.252053  4.831 -100.00 -100.00 -100.00
 249    96.337 57127.14927881  9.24 128.008276  61.253522  4.427 -100.00 -100.00 -100.00
 249    96.070 57127.14927940  8.48 128.012803  61.254990  3.411 -100.00 -100.00 -100.00
 249    95.891 57127.14927999  8.23 128.017330  61.256458  3.675 -100.00 -100.00 -100.00
 250   101.199 57137.06491783 14.23 128.008047  61.251792 10.877  266.67  265.21  262.87
 250    96.553 57137.06491842 17.81 128.012573  61.253260 20.421  266.67  265.21  262.87
 250    95.625 57137.06491901 15.95 128.017100  61.254728 17.365  266.67  265.21  262.87
 250    95.156 57137.06491960 17.64 128.021628  61.256196 23.594 -100.00 -100.00 -100.00
 250    95.319 57137.06492019 18.02 128.026156  61.257664 23.844 -100.00 -100.00 -100.00
