# NaN NaN NaN ;Mean Elev.(m), Avg Gradient(m/km), RMS Gradient(m/km) - SRTM1     
#   20.253   1.152   7.011 ;Mean Elev.(m), Avg Gradient(m/km), RMS Gradient(m/km) - ASTER GDEM
#   28.551  -1.371  10.084 ;Mean Elev.(m), Avg Gradient(m/km), RMS Gradient(m/km) - GMTED2010 
   1    44.348 54665.18388385 21.87 124.232290  65.948040  7.990 -100.00 -100.00 -100.00
   1    44.714 54665.18388444 20.98 124.238672  65.948377  7.737 -100.00 -100.00 -100.00
   2    41.401 54675.09952828 23.91 124.229038  65.949053 13.884  240.81  241.42  243.36
   2    41.624 54675.09952887 23.37 124.235421  65.949391 12.026  240.81  241.42  243.36
   2    44.062 54675.09952946 20.72 124.241804  65.949728  8.018  240.81  241.42  243.36
   3    -4.706 54685.01517142 10.98 124.227080  65.950601  2.065 -100.00 -100.00 -100.00
   3    -4.974 54685.01517201 10.86 124.233463  65.950938  2.053 -100.00 -100.00 -100.00
   3    -5.234 54685.01517260 10.87 124.239847  65.951276  2.153 -100.00 -100.00 -100.00
   4    40.663 54694.93081316 50.03 124.226494  65.951419   -100  236.78  238.20  238.54
   4    40.826 54694.93081375 51.27 124.232878  65.951757   -100  236.78  238.20  238.54
   4    40.761 54694.93081434 53.23 124.239261  65.952095   -100  236.78  238.20  238.54
   5    -6.522 54704.84645262 11.82 124.228992  65.950523  2.305 -100.00 -100.00 -100.00
   5    -7.108 54704.84645321 11.47 124.235375  65.950861  2.029 -100.00 -100.00 -100.00
   5    -7.612 54704.84645380 11.25 124.241758  65.951199  2.011 -100.00 -100.00 -100.00
   6    39.792 54714.76210424 25.38 124.231666  65.948318  7.990 -100.00 -100.00 -100.00
   6    40.945 54714.76210483 25.24 124.238048  65.948656  8.400 -100.00 -100.00 -100.00
   7    -4.046 54724.67775421 16.38 124.228672  65.946013  7.521 -100.00 -100.00 -100.00
   7    -1.356 54724.67775480 19.32 124.235053  65.946351  6.763 -100.00 -100.00 -100.00
   7     2.665 54724.67775539 17.17 124.241435  65.946688  5.290 -100.00 -100.00 -100.00
   8    39.565 54734.59340286 29.82 124.233343  65.945918 16.417 -100.00 -100.00 -100.00
   8    43.992 54734.59340345 28.71 124.239724  65.946256 11.099 -100.00 -100.00 -100.00
   9    38.913 54744.50904960 25.03 124.229522  65.947381 16.281  232.80  231.94  236.38
   9    44.391 54744.50905019 22.91 124.235905  65.947719 10.811  232.80  231.94  236.38
   9    44.627 54744.50905078 25.13 124.242287  65.948056 14.877  232.80  231.94  236.38
  10    37.754 54754.42469667 45.24 124.233518  65.949112   -100  242.32  241.02  243.57
  10    37.386 54754.42469726 49.38 124.239901  65.949449 25.715  242.32  241.02  243.57
  11    36.637 54764.34034230 41.71 124.232485  65.948713   -100 -100.00 -100.00 -100.00
  11    36.660 54764.34034289 39.51 124.238868  65.949050   -100 -100.00 -100.00 -100.00
  12    35.967 54774.25598514 27.70 124.231437  65.946465 15.730  244.74  242.60  242.75
  12    43.361 54774.25598573 27.80 124.237820  65.946802 15.333  244.74  242.60  242.75
  13    43.617 54784.17162560 18.99 124.232798  65.944675  5.633 -100.00 -100.00 -100.00
  13    43.405 54784.17162619 19.85 124.239181  65.945013  6.817 -100.00 -100.00 -100.00
  14    43.721 54794.08726388 17.06 124.230820  65.944747  4.057  241.83  239.16  233.80
  14    43.924 54794.08726447 18.37 124.237202  65.945084  6.448  241.83  239.16  233.80
  14    44.275 54794.08726506 17.56 124.243584  65.945422  5.525  241.83  239.16  233.80
  17    44.032 54823.83418302 14.65 124.230270  65.948810  3.627 -100.00 -100.00 -100.00
  17    44.127 54823.83418361 15.50 124.236653  65.949148  4.371 -100.00 -100.00 -100.00
  17    44.562 54823.83418420 15.06 124.243036  65.949485  4.380 -100.00 -100.00 -100.00
  18    44.051 54833.74982321 14.18 124.232436  65.948138  3.369  242.19  236.80  223.07
  18    44.236 54833.74982380 13.96 124.238818  65.948475  3.348  242.19  236.80  223.07
  19    43.904 54843.66547284 13.83 124.228876  65.947951  3.573 -100.00 -100.00 -100.00
  19    44.060 54843.66547343 13.92 124.235258  65.948289  3.330 -100.00 -100.00 -100.00
  19    44.600 54843.66547402 13.49 124.241641  65.948627  3.391 -100.00 -100.00 -100.00
  20    43.961 54853.58112203 12.74 124.230743  65.949296  3.331  237.89  230.37  213.78
  20    44.378 54853.58112262 12.97 124.237125  65.949634  3.274  237.89  230.37  213.78
  20    44.370 54853.58112321 13.13 124.243508  65.949971  4.034  237.89  230.37  213.78
  21    43.383 54863.49677019 13.13 124.223982  65.950831  3.328  234.91  226.85  207.70
  21    44.036 54863.49677078 12.95 124.230365  65.951169  3.633  234.91  226.85  207.70
  21    44.480 54863.49677137 12.62 124.236749  65.951507  3.008  234.91  226.85  207.70
  21    44.426 54863.49677196 12.53 124.243132  65.951844  2.680  234.91  226.85  207.70
  22    43.983 54873.41241894 12.51 124.225547  65.951663  2.924 -100.00 -100.00 -100.00
  22    44.197 54873.41241953 12.52 124.231930  65.952001  2.937 -100.00 -100.00 -100.00
  22    44.257 54873.41242012 12.24 124.238314  65.952339  2.819 -100.00 -100.00 -100.00
  23    43.901 54883.32806525 12.17 124.226466  65.950526  3.437  233.66  224.54  204.23
  23    44.169 54883.32806584 12.04 124.232850  65.950864  2.826  233.66  224.54  204.23
  23    44.504 54883.32806643 12.29 124.239234  65.951201  3.427  233.66  224.54  204.23
  24    44.004 54893.24370849 12.25 124.231084  65.948072  3.569  235.91  226.53  206.63
  24    44.533 54893.24370908 11.99 124.237468  65.948410  2.904  235.91  226.53  206.63
  25    44.245 54903.15934877 12.01 124.233022  65.945962  2.814  239.24  229.67  210.07
  25    44.423 54903.15934936 12.08 124.239404  65.946300  3.381  239.24  229.67  210.07
  26    43.941 54913.07498733 12.73 124.229864  65.945732  3.324  237.72  227.26  205.86
  26    44.292 54913.07498792 12.51 124.236246  65.946070  3.091  237.72  227.26  205.86
  26    44.529 54913.07498851 12.78 124.242629  65.946407  3.826  237.72  227.26  205.86
  27    44.057 54922.99062559 11.19 124.231871  65.947374  3.115 -100.00 -100.00 -100.00
  27    44.418 54922.99062618 11.20 124.238254  65.947712  2.560 -100.00 -100.00 -100.00
  28    44.068 54932.90626255 11.22 124.228441  65.948482  4.095  242.01  231.77  210.81
  28    44.377 54932.90626314 10.75 124.234823  65.948820  2.704  242.01  231.77  210.81
  28    44.501 54932.90626373 10.94 124.241206  65.949157  2.669  242.01  231.77  210.81
  29    39.406 54942.82189796 20.36 124.228481  65.947924 13.313 -100.00 -100.00 -100.00
  29    39.135 54942.82189855 18.35 124.234863  65.948262  8.571 -100.00 -100.00 -100.00
  29    38.647 54942.82189914 19.31 124.241245  65.948600 11.811 -100.00 -100.00 -100.00
  30    35.437 54952.73753173 36.26 124.231597  65.946004 30.234 -100.00 -100.00 -100.00
  30    35.166 54952.73753232 34.68 124.237978  65.946342   -100 -100.00 -100.00 -100.00
  31    36.620 54962.65317510 39.38 124.232548  65.944282   -100 -100.00 -100.00 -100.00
  31    36.635 54962.65317569 37.61 124.238929  65.944620   -100 -100.00 -100.00 -100.00
  32    90.341 54972.56882338  5.17 124.229088  65.944526  7.827  240.41  240.79  244.40
  32    90.928 54972.56882456 13.95 124.241851  65.945202 14.943  240.41  240.79  244.40
  33    42.620 54982.48447112 32.87 124.229711  65.946533  8.000  226.32  226.46  230.15
  33    44.387 54982.48447171 31.89 124.236092  65.946871  7.012  226.32  226.46  230.15
  33    44.809 54982.48447230 32.25 124.242474  65.947208  8.258  226.32  226.46  230.15
  34    42.921 54992.40011865 29.89 124.231226  65.948660 15.219  228.14  230.54  234.50
  34    44.073 54992.40011924 28.62 124.237608  65.948997 13.777  228.14  230.54  234.50
  35    42.161 55002.31576551 30.01 124.233982  65.949457 24.175 -100.00 -100.00 -100.00
  35    41.996 55002.31576610 30.10 124.240365  65.949794 22.174 -100.00 -100.00 -100.00
  36    40.840 55012.23141007 53.42 124.232319  65.949086   -100  248.00  249.95  249.12
  36    40.795 55012.23141066 54.42 124.238702  65.949424 32.563  248.00  249.95  249.12
  37    44.583 55022.14705354 23.01 124.234349  65.948662 12.585 -100.00 -100.00 -100.00
  37    44.402 55022.14705413 31.40 124.240732  65.948999   -100 -100.00 -100.00 -100.00
  38    39.753 55032.06269561 48.31 124.230676  65.949141   -100 -100.00 -100.00 -100.00
  38    39.544 55032.06269620 53.39 124.237059  65.949479 27.379 -100.00 -100.00 -100.00
  38    39.471 55032.06269679 54.45 124.243442  65.949816   -100 -100.00 -100.00 -100.00
  39    43.522 55041.97833726 20.30 124.229993  65.950324  8.855 -100.00 -100.00 -100.00
  39    43.905 55041.97833786 20.46 124.236376  65.950662  8.790 -100.00 -100.00 -100.00
  39    44.134 55041.97833845 19.60 124.242759  65.950999  7.693 -100.00 -100.00 -100.00
  40    41.017 55051.89397706 24.32 124.225934  65.950633  9.508 -100.00 -100.00 -100.00
  40    43.825 55051.89397765 22.70 124.232317  65.950971  9.529 -100.00 -100.00 -100.00
  40    43.955 55051.89397824 22.56 124.238700  65.951309 10.549 -100.00 -100.00 -100.00
  41    44.053 55061.80961566 25.62 124.232993  65.949732 12.876 -100.00 -100.00 -100.00
  41    44.564 55061.80961625 24.32 124.239376  65.950069  9.477 -100.00 -100.00 -100.00
  42    38.714 55071.72525871 44.21 124.234370  65.947447   -100 -100.00 -100.00 -100.00
  42    38.706 55071.72525930 46.10 124.240752  65.947785   -100 -100.00 -100.00 -100.00
  43    38.018 55081.64090718 28.59 124.232825  65.945472 15.963  240.62  243.23  245.27
  43    43.976 55081.64090777 26.81 124.239207  65.945809 10.961  240.62  243.23  245.27
  44    37.846 55091.55655430 42.15 124.233822  65.945500   -100 -100.00 -100.00 -100.00
  44    37.646 55091.55655489 42.95 124.240204  65.945837   -100 -100.00 -100.00 -100.00
  45    38.850 55101.47220084 50.45 124.233760  65.946991   -100 -100.00 -100.00 -100.00
  45    38.840 55101.47220143 54.08 124.240142  65.947328   -100 -100.00 -100.00 -100.00
  46    38.304 55111.38784694 43.89 124.233199  65.948513   -100 -100.00 -100.00 -100.00
  46    38.744 55111.38784753 45.18 124.239581  65.948850 30.888 -100.00 -100.00 -100.00
  47    37.923 55121.30349072 40.77 124.230586  65.948170   -100 -100.00 -100.00 -100.00
  47    37.942 55121.30349131 43.99 124.236969  65.948507   -100 -100.00 -100.00 -100.00
  47    43.950 55121.30349191 46.46 124.243352  65.948845   -100 -100.00 -100.00 -100.00
  48    37.646 55131.21913194 45.21 124.231100  65.946429 32.154 -100.00 -100.00 -100.00
  48    37.375 55131.21913253 48.02 124.237483  65.946766   -100 -100.00 -100.00 -100.00
  49    35.569 55141.13477092 41.27 124.229103  65.944575   -100 -100.00 -100.00 -100.00
  49    35.816 55141.13477151 42.06 124.235485  65.944913   -100 -100.00 -100.00 -100.00
  49    35.489 55141.13477210 39.87 124.241868  65.945250   -100 -100.00 -100.00 -100.00
  50    35.304 55151.05040936 36.18 124.228757  65.944737 28.587  240.58  238.19  235.63
  50    35.252 55151.05040995 36.82 124.235139  65.945075   -100  240.58  238.19  235.63
  50    43.439 55151.05041054 34.21 124.241522  65.945412 20.854  240.58  238.19  235.63
  51    43.205 55160.96604805 29.01 124.230216  65.946613 12.819  232.76  229.51  223.74
  51    43.458 55160.96604864 29.11 124.236599  65.946951 13.324  232.76  229.51  223.74
  51    43.915 55160.96604923 28.02 124.242981  65.947288 10.992  232.76  229.51  223.74
  52    43.456 55170.88168658 26.55 124.234204  65.948646 11.436  232.50  228.96  222.23
  52    44.102 55170.88168717 26.39 124.240587  65.948984 11.105  232.50  228.96  222.23
  53    43.787 55180.79732298 22.23 124.231215  65.949137  6.151 -100.00 -100.00 -100.00
  53    44.201 55180.79732357 23.98 124.237597  65.949475  7.295 -100.00 -100.00 -100.00
  54    43.698 55190.71297119 21.76 124.228717  65.948690  6.441 -100.00 -100.00 -100.00
  54    44.099 55190.71297178 21.86 124.235099  65.949028  6.578 -100.00 -100.00 -100.00
  54    44.447 55190.71297237 21.78 124.241482  65.949366  5.559 -100.00 -100.00 -100.00
  55    44.069 55200.62862184 20.29 124.232513  65.949024  4.694  230.85  226.03  215.27
  55    44.316 55200.62862243 20.74 124.238896  65.949361  5.074  230.85  226.03  215.27
  56    44.199 55210.54427150 19.78 124.232817  65.949688  5.499  230.73  225.69  214.34
  56    44.592 55210.54427210 20.34 124.239200  65.950025  5.156  230.73  225.69  214.34
  57    44.005 55220.45992057 18.50 124.231473  65.950404  3.882  231.66  225.95  213.76
  57    44.171 55220.45992116 19.29 124.237857  65.950741  4.954  231.66  225.95  213.76
  58    43.902 55230.37556864 17.98 124.230715  65.950024  4.269  233.94  228.16  215.52
  58    44.241 55230.37556923 18.34 124.237098  65.950362  4.529  233.94  228.16  215.52
  58    44.353 55230.37556982 18.69 124.243482  65.950699  5.663  233.94  228.16  215.52
  59    43.989 55240.29121377 17.17 124.233246  65.948899  4.565 -100.00 -100.00 -100.00
  59    44.248 55240.29121436 18.88 124.239629  65.949237  5.643 -100.00 -100.00 -100.00
  60    43.899 55250.20685488 16.51 124.231268  65.947004  3.509 -100.00 -100.00 -100.00
  60    44.195 55250.20685547 18.65 124.237651  65.947342  7.055 -100.00 -100.00 -100.00
  61    44.022 55260.12249411 17.97 124.233771  65.946029  6.734 -100.00 -100.00 -100.00
  61    44.358 55260.12249470 16.44 124.240153  65.946367  4.505 -100.00 -100.00 -100.00
  62    44.058 55270.03813205 15.12 124.230655  65.945984  3.508  235.68  228.61  213.10
  62    44.179 55270.03813264 15.98 124.237037  65.946322  4.509  235.68  228.61  213.10
  62    44.434 55270.03813323 16.81 124.243420  65.946659  4.831  235.68  228.61  213.10
  63    44.047 55279.95377012 14.93 124.229818  65.946779  3.386 -100.00 -100.00 -100.00
  63    44.165 55279.95377071 15.37 124.236200  65.947117  4.482 -100.00 -100.00 -100.00
  63    44.415 55279.95377130 15.42 124.242583  65.947454  3.704 -100.00 -100.00 -100.00
  64    44.298 55289.86940745 14.98 124.234634  65.947509  4.317 -100.00 -100.00 -100.00
  64    44.453 55289.86940804 14.59 124.241016  65.947847  3.930 -100.00 -100.00 -100.00
  65    44.094 55299.78504181 13.92 124.233326  65.947038  3.980 -100.00 -100.00 -100.00
  65    44.376 55299.78504240 14.59 124.239708  65.947376  4.239 -100.00 -100.00 -100.00
  66    35.235 55309.70068668 42.05 124.233211  65.945915   -100 -100.00 -100.00 -100.00
  66    35.183 55309.70068727 41.23 124.239592  65.946253   -100 -100.00 -100.00 -100.00
  67    38.125 55319.61633210 20.94 124.229507  65.944973  7.967 -100.00 -100.00 -100.00
  67    37.895 55319.61633269 22.26 124.235888  65.945311 11.057 -100.00 -100.00 -100.00
  67    38.389 55319.61633328 22.10 124.242269  65.945648 11.501 -100.00 -100.00 -100.00
  69    43.745 55339.44762176 31.86 124.233471  65.947154 19.013  250.31  250.53  252.26
  69    43.913 55339.44762235 35.52 124.239852  65.947492 26.960  250.31  250.53  252.26
  70    42.529 55349.36326586 28.45 124.232297  65.948516 14.680  241.30  249.13  254.23
  70    44.593 55349.36326645 27.00 124.238680  65.948853 11.989  241.30  249.13  254.23
  71    40.442 55359.27890793 51.52 124.230902  65.949120 15.641  241.39  242.71  243.18
  71    40.683 55359.27890852 56.27 124.237284  65.949458   -100  241.39  242.71  243.18
  71    40.601 55359.27890911 52.87 124.243667  65.949795 15.973  241.39  242.71  243.18
  72    44.216 55369.19454818 21.43 124.233277  65.949300  8.344 -100.00 -100.00 -100.00
  72    44.483 55369.19454877 21.87 124.239659  65.949637  9.221 -100.00 -100.00 -100.00
  73    41.411 55379.11018654 26.68 124.231354  65.949243  7.818 -100.00 -100.00 -100.00
  73    44.356 55379.11018713 26.28 124.237737  65.949581  7.846 -100.00 -100.00 -100.00
  74    39.196 55389.02582455 25.38 124.233573  65.949704 11.089  246.68  247.96  247.57
  74    43.294 55389.02582514 27.27 124.239955  65.950041 15.818  246.68  247.96  247.57
  75    39.116 55398.94146125 27.05 124.232416  65.949697 23.035  248.90  254.33  250.20
  75    44.656 55398.94146184 25.71 124.238799  65.950035 17.593  248.90  254.33  250.20
  76    44.276 55408.85710723 20.22 124.233885  65.948961  6.710 -100.00 -100.00 -100.00
  76    44.509 55408.85710782 21.15 124.240267  65.949299  7.209 -100.00 -100.00 -100.00
  77    38.453 55418.77275744 33.09 124.228979  65.947155 28.127 -100.00 -100.00 -100.00
  77    38.383 55418.77275803 34.65 124.235360  65.947493   -100 -100.00 -100.00 -100.00
  77    44.261 55418.77275862 35.35 124.241742  65.947831   -100 -100.00 -100.00 -100.00
  78    38.189 55428.68840499 47.29 124.232156  65.945950   -100 -100.00 -100.00 -100.00
  78    38.075 55428.68840558 53.63 124.238537  65.946288 31.258 -100.00 -100.00 -100.00
  79    37.393 55438.60404933 27.01 124.228619  65.945638 19.766 -100.00 -100.00 -100.00
  79    43.866 55438.60404992 23.93 124.235000  65.945976 13.702 -100.00 -100.00 -100.00
  79    39.870 55438.60405051 29.00 124.241382  65.946313 24.383 -100.00 -100.00 -100.00
  80    43.723 55448.51969307 24.57 124.233137  65.946735 12.696 -100.00 -100.00 -100.00
  80    44.300 55448.51969366 24.80 124.239518  65.947073 10.521 -100.00 -100.00 -100.00
  81    38.714 55458.43533624 46.52 124.234628  65.947481 26.698 -100.00 -100.00 -100.00
  81    37.953 55458.43533683 53.67 124.241010  65.947818   -100 -100.00 -100.00 -100.00
  82    40.957 55468.35097810 22.98 124.230206  65.947165 11.255 -100.00 -100.00 -100.00
  82    44.189 55468.35097869 20.55 124.236588  65.947503  6.844 -100.00 -100.00 -100.00
  82    44.379 55468.35097928 21.84 124.242971  65.947841  8.775 -100.00 -100.00 -100.00
  83    43.865 55478.26661730 31.85 124.232429  65.946326 20.565 -100.00 -100.00 -100.00
  83    44.043 55478.26661789 33.21 124.238811  65.946663 26.742 -100.00 -100.00 -100.00
  84    36.110 55488.18225320 39.84 124.231810  65.945423   -100 -100.00 -100.00 -100.00
  84    35.820 55488.18225379 42.12 124.238192  65.945761   -100 -100.00 -100.00 -100.00
  85    35.182 55498.09788694 34.39 124.232385  65.945260   -100  245.05  242.41  242.22
  85    35.180 55498.09788754 30.83 124.238767  65.945598 25.961  245.05  242.41  242.22
  86    43.630 55508.01352526 19.64 124.233197  65.946384  4.894 -100.00 -100.00 -100.00
  86    43.505 55508.01352585 21.27 124.239579  65.946722  7.582 -100.00 -100.00 -100.00
  87    44.022 55517.92917513 16.60 124.228454  65.947447  3.332 -100.00 -100.00 -100.00
  87    44.411 55517.92917572 17.05 124.234837  65.947785  4.304 -100.00 -100.00 -100.00
  87    44.484 55517.92917631 16.41 124.241219  65.948122  3.569 -100.00 -100.00 -100.00
  88    43.318 55527.84482507 16.87 124.234396  65.948729  5.235 -100.00 -100.00 -100.00
  88    44.006 55527.84482566 16.36 124.240778  65.949066  4.149 -100.00 -100.00 -100.00
  89    43.737 55537.76047241 15.32 124.233483  65.949005  3.849  242.17  237.86  228.22
  89    44.002 55537.76047300 15.23 124.239866  65.949343  3.116  242.17  237.86  228.22
  90    43.585 55547.67611757 15.22 124.233318  65.949196  4.198 -100.00 -100.00 -100.00
  90    43.893 55547.67611816 15.18 124.239700  65.949533  3.757 -100.00 -100.00 -100.00
  91    44.304 55557.59176092 13.64 124.232639  65.949722  3.045  243.52  238.75  224.95
  91    44.462 55557.59176151 13.58 124.239022  65.950060  2.748  243.52  238.75  224.95
  92    44.289 55567.50740339 13.57 124.231746  65.950366  3.403  243.45  237.02  222.59
  92    44.478 55567.50740398 13.55 124.238129  65.950703  2.950  243.45  237.02  222.59
  93    43.750 55577.42304484 12.78 124.228137  65.949869  2.898 -100.00 -100.00 -100.00
  93    44.407 55577.42304543 12.85 124.234520  65.950207  3.303 -100.00 -100.00 -100.00
  93    44.441 55577.42304602 12.76 124.240903  65.950544  2.783 -100.00 -100.00 -100.00
  94    44.188 55587.33868478 12.37 124.231138  65.948338  2.642 -100.00 -100.00 -100.00
  94    44.433 55587.33868537 12.57 124.237521  65.948676  2.915 -100.00 -100.00 -100.00
  95    43.956 55597.25432110 11.90 124.228670  65.945960  3.081  236.70  227.39  206.43
  95    44.078 55597.25432169 12.08 124.235052  65.946298  3.074  236.70  227.39  206.43
  95    44.394 55597.25432228 12.30 124.241435  65.946635  3.349  236.70  227.39  206.43
  96    43.928 55607.16995498 11.56 124.230247  65.944878  2.724  235.25  225.29  203.63
  96    44.257 55607.16995557 11.72 124.236629  65.945216  2.595  235.25  225.29  203.63
  96    44.351 55607.16995616 11.79 124.243012  65.945554  2.936  235.25  225.29  203.63
  97    43.866 55617.08558672 11.13 124.230463  65.945202  2.580  237.67  227.43  206.64
  97    44.316 55617.08558731 11.59 124.236846  65.945540  2.827  237.67  227.43  206.64
  97    44.474 55617.08558790 11.50 124.243228  65.945877  3.111  237.67  227.43  206.64
  98    44.205 55627.00123130 11.55 124.234561  65.946975  3.029  238.47  228.24  206.18
  98    44.602 55627.00123189 11.39 124.240943  65.947313  2.752  238.47  228.24  206.18
  99    43.913 55636.91688239 10.85 124.228645  65.947311  2.850  242.51  234.04  214.00
  99    44.531 55636.91688298 10.83 124.235027  65.947649  2.606  242.51  234.04  214.00
  99    44.460 55636.91688357 10.84 124.241410  65.947987  2.549  242.51  234.04  214.00
 100    44.192 55646.83253234 10.45 124.232857  65.946933  2.840 -100.00 -100.00 -100.00
 100    44.417 55646.83253293 10.46 124.239239  65.947271  2.502 -100.00 -100.00 -100.00
 101    43.928 55656.74817866 10.63 124.228566  65.945313  2.772 -100.00 -100.00 -100.00
 101    44.149 55656.74817925 10.69 124.234948  65.945651  3.110 -100.00 -100.00 -100.00
 101    44.376 55656.74817984 10.76 124.241329  65.945988  2.759 -100.00 -100.00 -100.00
 102    43.741 55666.66382108 10.01 124.228736  65.944716  2.561  243.67  234.09  215.09
 102    43.876 55666.66382167 10.21 124.235117  65.945054  2.492  243.67  234.09  215.09
 102    44.400 55666.66382226 10.02 124.241498  65.945391  2.230  243.67  234.09  215.09
 103    42.331 55676.57946074 24.75 124.229659  65.945530  9.891 -100.00 -100.00 -100.00
 103    43.815 55676.57946133 25.98 124.236040  65.945868 12.806 -100.00 -100.00 -100.00
 103    44.219 55676.57946192 26.34 124.242421  65.946205 16.304 -100.00 -100.00 -100.00
 104    42.487 55686.49509842 24.68 124.228701  65.947136 12.561 -100.00 -100.00 -100.00
 104    42.306 55686.49509902 21.90 124.235083  65.947474  8.000 -100.00 -100.00 -100.00
 104    44.603 55686.49509961 20.63 124.241465  65.947812  7.250 -100.00 -100.00 -100.00
 105    42.046 55696.41073499 32.77 124.228322  65.948365 17.522  246.71  248.29  251.00
 105    37.926 55696.41073558 39.01 124.234704  65.948703   -100  246.71  248.29  251.00
 105    45.011 55696.41073617 36.85 124.241087  65.949041 32.149  246.71  248.29  251.00
 106    90.460 55706.32637078 26.98 124.233637  65.948775 28.480 -100.00 -100.00 -100.00
 106    90.011 55706.32637137 24.69 124.240019  65.949112   -100 -100.00 -100.00 -100.00
 107    44.433 55716.24202028 22.47 124.231687  65.948325  8.724  238.17  236.99  241.63
 107    44.768 55716.24202087 25.15 124.238069  65.948663 14.323  238.17  236.99  241.63
 108    44.281 55726.15766883 23.24 124.229666  65.948335  9.935  234.20  233.09  238.22
 108    44.621 55726.15766942 24.31 124.236048  65.948672 12.669  234.20  233.09  238.22
 108    44.896 55726.15767001 32.51 124.242431  65.949010   -100  234.20  233.09  238.22
 109    44.406 55736.07331617 20.40 124.233860  65.949469  5.725  239.47  243.64  242.69
 109    44.867 55736.07331676 21.14 124.240243  65.949807  6.851  239.47  243.64  242.69
 110    39.486 55745.98896119 26.81 124.226625  65.950069 18.950 -100.00 -100.00 -100.00
 110    43.893 55745.98896178 24.57 124.233008  65.950406 14.447 -100.00 -100.00 -100.00
 110    44.517 55745.98896237 23.31 124.239391  65.950744 12.415 -100.00 -100.00 -100.00
 111    38.918 55755.90460533 50.72 124.230535  65.950005   -100 -100.00 -100.00 -100.00
 111    38.857 55755.90460592 55.79 124.236918  65.950343 16.055 -100.00 -100.00 -100.00
 111    39.163 55755.90460651 51.62 124.243301  65.950680   -100 -100.00 -100.00 -100.00
 112    43.720 55765.82024675 22.73 124.231885  65.948092 10.968 -100.00 -100.00 -100.00
 112    43.877 55765.82024734 24.92 124.238267  65.948430 16.104 -100.00 -100.00 -100.00
 113    41.724 55775.73588528 24.36 124.233492  65.945668 12.976  241.30  241.48  242.71
 113    41.634 55775.73588588 31.66 124.239874  65.946006   -100  241.30  241.48  242.71
 114    38.368 55785.65152041 28.45 124.229539  65.944190 27.050 -100.00 -100.00 -100.00
 114    44.248 55785.65152100 21.44 124.235920  65.944528  8.606 -100.00 -100.00 -100.00
 114    41.708 55785.65152159 32.64 124.242301  65.944865 27.267 -100.00 -100.00 -100.00
 115    43.735 55795.56715402 22.90 124.230076  65.945288 10.188  241.76  242.69  243.23
 115    43.993 55795.56715461 24.96 124.236457  65.945625 13.557  241.76  242.69  243.23
 115    44.342 55795.56715520 31.13 124.242838  65.945963 22.982  241.76  242.69  243.23
 116    38.543 55805.48279359 45.72 124.230114  65.947160 21.969 -100.00 -100.00 -100.00
 116    37.976 55805.48279418 47.80 124.236496  65.947498   -100 -100.00 -100.00 -100.00
 116    37.621 55805.48279477 53.91 124.242878  65.947836   -100 -100.00 -100.00 -100.00
 117    37.311 55815.39844303 30.44 124.231653  65.948148 22.127 -100.00 -100.00 -100.00
 117    43.987 55815.39844362 28.30 124.238036  65.948486 15.701 -100.00 -100.00 -100.00
 118    43.800 55825.31408975 22.89 124.232932  65.947004  7.221  236.40  235.51  240.43
 118    44.365 55825.31409034 25.88 124.239314  65.947342 13.069  236.40  235.51  240.43
 119    43.774 55835.22973199 32.28 124.234783  65.945317 28.009 -100.00 -100.00 -100.00
 119    43.946 55835.22973258 33.99 124.241165  65.945655   -100 -100.00 -100.00 -100.00
 120    43.967 55845.14537040 23.24 124.233622  65.944411  8.220  240.54  240.99  244.16
 120    44.254 55845.14537099 23.72 124.240004  65.944749  7.911  240.54  240.99  244.16
 121    36.603 55855.06100605 41.58 124.232652  65.945627 28.689 -100.00 -100.00 -100.00
 121    36.233 55855.06100664 43.41 124.239035  65.945965   -100 -100.00 -100.00 -100.00
 122    43.880 55864.97664620 18.87 124.233938  65.947926  5.523  239.26  235.90  233.00
 122    44.600 55864.97664679 18.39 124.240321  65.948264  4.604  239.26  235.90  233.00
 123    44.386 55874.89229940 15.69 124.234455  65.949682  4.058  243.42  240.01  236.35
 123    44.560 55874.89229999 17.03 124.240839  65.950019  6.228  243.42  240.01  236.35
 133    43.905 55974.04873327 10.51 124.229333  65.945246  2.552  235.48  224.72  202.34
 133    44.161 55974.04873387 11.32 124.235715  65.945584  4.397  235.48  224.72  202.34
 133    44.354 55974.04873446 10.65 124.242098  65.945921  2.782  235.48  224.72  202.34
 134    43.990 55983.96436942 11.01 124.228416  65.947384  2.710  231.42  218.61  194.26
 134    44.121 55983.96437001 11.12 124.234799  65.947722  2.712  231.42  218.61  194.26
 134    44.476 55983.96437060 10.78 124.241181  65.948060  2.626  231.42  218.61  194.26
 135    44.371 55993.88000382  9.86 124.233007  65.948455  2.414  231.40  217.34  193.53
 135    44.489 55993.88000441 10.20 124.239390  65.948793  2.775  231.40  217.34  193.53
 136    44.110 56003.79565392  9.19 124.228744  65.947143  2.611 -100.00 -100.00 -100.00
 136    44.263 56003.79565451  9.25 124.235126  65.947481  2.502 -100.00 -100.00 -100.00
 136    44.405 56003.79565510  9.40 124.241508  65.947819  2.796 -100.00 -100.00 -100.00
 137    44.174 56013.71130315 10.50 124.233093  65.945263  3.685 -100.00 -100.00 -100.00
 137    44.234 56013.71130374 10.53 124.239474  65.945601  3.692 -100.00 -100.00 -100.00
 139    44.042 56033.54259193  9.22 124.231265  65.946115  2.575 -100.00 -100.00 -100.00
 139    43.974 56033.54259252  9.21 124.237646  65.946453  2.432 -100.00 -100.00 -100.00
 141    43.560 56053.37387134 37.02 124.226720  65.950053   -100  260.47  261.31  261.68
 141    43.725 56053.37387193 37.18 124.233103  65.950391 30.007  260.47  261.31  261.68
 141    43.917 56053.37387252 40.19 124.239485  65.950729   -100  260.47  261.31  261.68
 142    39.496 56063.28950677 37.72 124.228792  65.949850   -100 -100.00 -100.00 -100.00
 142    39.390 56063.28950736 38.46 124.235175  65.950188   -100 -100.00 -100.00 -100.00
 142    39.510 56063.28950795 40.49 124.241558  65.950526   -100 -100.00 -100.00 -100.00
 143   123.802 56073.20514854  2.11 124.229333  65.948559  2.831  207.34  207.79  211.58
 143   119.318 56073.20514913  2.52 124.235715  65.948897  2.879  207.34  207.79  211.58
 143   114.315 56073.20514972  4.33 124.242098  65.949235  4.732  207.34  207.79  211.58
 144    42.211 56083.12079900 30.31 124.233988  65.948356 18.056  226.71  229.47  230.04
 144    44.854 56083.12079959 26.31 124.240370  65.948694  9.071  226.71  229.47  230.04
 145    41.337 56093.03644614 51.12 124.228954  65.948617 23.600 -100.00 -100.00 -100.00
 145    41.318 56093.03644673 54.05 124.235337  65.948954 27.433 -100.00 -100.00 -100.00
 145    41.277 56093.03644732 54.06 124.241719  65.949292 31.042 -100.00 -100.00 -100.00
 146    41.654 56102.95209144 25.81 124.228053  65.949492  5.135  236.67  236.22  239.80
 146    40.719 56102.95209203 31.44 124.234436  65.949830 12.867  236.67  236.22  239.80
 146    40.707 56102.95209262 34.35 124.240818  65.950167 19.876  236.67  236.22  239.80
 147    39.508 56112.86772285 28.62 124.233377  65.949452 25.072 -100.00 -100.00 -100.00
 147    44.474 56112.86772344 27.46 124.239759  65.949790 18.110 -100.00 -100.00 -100.00
 148    44.033 56122.78336133 20.52 124.230372  65.947697  7.631  232.13  231.92  235.32
 148    44.373 56122.78336192 20.82 124.236753  65.948035  8.487  232.13  231.92  235.32
 148    44.678 56122.78336252 20.13 124.243135  65.948373  6.555  232.13  231.92  235.32
 149    38.802 56132.69899643 54.10 124.232731  65.945509   -100  239.39  242.23  241.21
 149    38.745 56132.69899702 55.11 124.239112  65.945847   -100  239.39  242.23  241.21
 150    39.982 56142.61463355 29.86 124.230961  65.944382 19.680 -100.00 -100.00 -100.00
 150    40.104 56142.61463414 35.99 124.237342  65.944720   -100 -100.00 -100.00 -100.00
 150    41.807 56142.61463473 36.02 124.243722  65.945058 32.109 -100.00 -100.00 -100.00
 151    42.535 56152.53028426 21.49 124.230271  65.945421  7.132  244.78  250.85  253.57
 151    43.490 56152.53028485 23.20 124.236652  65.945759 10.107  244.78  250.85  253.57
 151    41.661 56152.53028544 32.07 124.243034  65.946096   -100  244.78  250.85  253.57
 152    86.061 56162.44593367 23.66 124.232040  65.947485 17.809 -100.00 -100.00 -100.00
 152    85.644 56162.44593426 26.76 124.238422  65.947823 21.203 -100.00 -100.00 -100.00
 153    40.142 56172.36158070 48.58 124.229572  65.948419   -100  235.69  234.58  238.63
 153    40.144 56172.36158129 53.12 124.235954  65.948757   -100  235.69  234.58  238.63
 153    40.023 56172.36158188 51.60 124.242337  65.949095  5.840  235.69  234.58  238.63
 154    43.979 56182.27722331 21.30 124.231303  65.947732  8.007  237.44  238.57  243.56
 154    44.569 56182.27722390 23.40 124.237685  65.948069 10.218  237.44  238.57  243.56
 155    38.282 56192.19286225 29.08 124.234414  65.946220 20.146 -100.00 -100.00 -100.00
 155    40.122 56192.19286284 33.89 124.240796  65.946558   -100 -100.00 -100.00 -100.00
 156    38.043 56202.10849824 56.06 124.234775  65.945367 21.138 -100.00 -100.00 -100.00
 156    37.990 56202.10849883 53.66 124.241157  65.945705 21.003 -100.00 -100.00 -100.00
 157    43.469 56212.02413227 40.36 124.234364  65.946470 25.020  237.29  236.66  240.66
 157    43.893 56212.02413286 41.14 124.240747  65.946807   -100  237.29  236.66  240.66
 158    37.493 56221.93976426 42.91 124.232449  65.948509   -100  237.85  236.18  238.95
 158    37.468 56221.93976485 43.53 124.238832  65.948847   -100  237.85  236.18  238.95
 159    43.766 56231.85541794 24.42 124.226445  65.950071 11.440 -100.00 -100.00 -100.00
 159    35.703 56231.85541853 30.86 124.232828  65.950409 30.894 -100.00 -100.00 -100.00
 159    35.729 56231.85541912 30.81 124.239211  65.950747   -100 -100.00 -100.00 -100.00
 160    36.323 56241.77107071 31.60 124.228625  65.950281 21.012 -100.00 -100.00 -100.00
 160    36.394 56241.77107130 32.31 124.235007  65.950619 22.721 -100.00 -100.00 -100.00
 160    44.079 56241.77107189 26.12 124.241390  65.950957  8.866 -100.00 -100.00 -100.00
 161    36.199 56251.68671913 32.54 124.229908  65.949423 25.213 -100.00 -100.00 -100.00
 161    36.377 56251.68671972 32.78 124.236291  65.949761 19.770 -100.00 -100.00 -100.00
 161    44.179 56251.68672031 26.90 124.242674  65.950099 10.908 -100.00 -100.00 -100.00
 162    36.374 56261.60236262 32.69 124.228292  65.948429 28.016 -100.00 -100.00 -100.00
 162    36.589 56261.60236321 33.74 124.234675  65.948767 27.534 -100.00 -100.00 -100.00
 162    36.528 56261.60236380 33.00 124.241057  65.949105 27.493 -100.00 -100.00 -100.00
 163    36.408 56271.51800429 31.63 124.229945  65.948509 23.756  233.55  229.22  221.78
 163    36.542 56271.51800488 32.61 124.236328  65.948846 26.778  233.55  229.22  221.78
 163    43.559 56271.51800547 28.14 124.242711  65.949184 13.637  233.55  229.22  221.78
 164    36.608 56281.43364542 27.09 124.232178  65.948921 15.411  232.72  227.54  218.75
 164    36.496 56281.43364601 27.33 124.238561  65.949259 16.325  232.72  227.54  218.75
 165    43.510 56291.34929783 23.17 124.234029  65.949035  9.164  233.88  228.70  219.14
 165    43.907 56291.34929842 22.50 124.240412  65.949373  6.756  233.88  228.70  219.14
 166    43.639 56301.26494550 19.54 124.233492  65.947767  4.850  230.09  224.35  213.33
 166    41.994 56301.26494609 22.48 124.239875  65.948104  9.353  230.09  224.35  213.33
 167    43.587 56311.18058897 18.59 124.232820  65.946067  6.238  233.98  228.73  217.83
 167    43.611 56311.18058956 19.57 124.239202  65.946405  7.016  233.98  228.73  217.83
 168    43.725 56321.09623011 17.31 124.230800  65.945275  4.249 -100.00 -100.00 -100.00
 168    43.738 56321.09623070 18.37 124.237182  65.945613  6.248 -100.00 -100.00 -100.00
 168    41.758 56321.09623129 19.80 124.243565  65.945950  7.896 -100.00 -100.00 -100.00
 169    43.724 56331.01187114 17.08 124.234110  65.946351  5.256 -100.00 -100.00 -100.00
 169    44.147 56331.01187173 17.20 124.240492  65.946688  4.698 -100.00 -100.00 -100.00
 170    43.651 56340.92751096 15.90 124.230238  65.947485  4.143  231.05  224.02  209.15
 170    44.144 56340.92751155 15.62 124.236620  65.947822  4.128  231.05  224.02  209.15
 170    44.193 56340.92751215 17.15 124.243003  65.948160  5.693  231.05  224.02  209.15
 171    43.932 56350.84314890 14.59 124.230504  65.948058  4.052 -100.00 -100.00 -100.00
 171    44.106 56350.84314949 15.21 124.236886  65.948396  4.246 -100.00 -100.00 -100.00
 171    44.430 56350.84315008 15.50 124.243269  65.948734  4.578 -100.00 -100.00 -100.00
 172    43.647 56360.75878735 14.12 124.231266  65.947254  4.074 -100.00 -100.00 -100.00
 172    44.015 56360.75878794 14.31 124.237648  65.947592  4.440 -100.00 -100.00 -100.00
 173    43.870 56370.67443693 13.48 124.230138  65.946236  4.100 -100.00 -100.00 -100.00
 173    44.052 56370.67443752 13.27 124.236520  65.946574  3.178 -100.00 -100.00 -100.00
 173    44.312 56370.67443811 13.59 124.242901  65.946911  3.423 -100.00 -100.00 -100.00
 175    43.858 56390.50572904 12.95 124.231284  65.947914  3.910 -100.00 -100.00 -100.00
 175    44.113 56390.50572963 13.33 124.237666  65.948251  4.876 -100.00 -100.00 -100.00
 176    43.782 56400.42137227 12.83 124.231179  65.949595  4.186 -100.00 -100.00 -100.00
 176    44.016 56400.42137286 13.53 124.237562  65.949933  4.785 -100.00 -100.00 -100.00
 177    39.232 56410.33701264 33.22 124.229009  65.950334 17.418 -100.00 -100.00 -100.00
 177    43.089 56410.33701323 33.88 124.235392  65.950672 23.138 -100.00 -100.00 -100.00
 177    43.947 56410.33701382 31.64 124.241775  65.951010 13.920 -100.00 -100.00 -100.00
 180    42.394 56440.08393817 53.99 124.228641  65.948982  4.732 -100.00 -100.00 -100.00
 180    42.350 56440.08393876 56.23 124.235023  65.949319 27.867 -100.00 -100.00 -100.00
 180    42.315 56440.08393935 56.92 124.241406  65.949657   -100 -100.00 -100.00 -100.00
 181    42.461 56449.99958896 28.28 124.229542  65.949071 19.215 -100.00 -100.00 -100.00
 181    44.648 56449.99958956 24.24 124.235925  65.949408 11.054 -100.00 -100.00 -100.00
 181    45.045 56449.99959015 23.40 124.242308  65.949746  9.110 -100.00 -100.00 -100.00
 182    42.290 56459.91523743 24.33 124.229475  65.948859 11.212  239.00  242.42  241.90
 182    44.467 56459.91523802 22.53 124.235857  65.949197  8.635  239.00  242.42  241.90
 182    44.775 56459.91523861 27.75 124.242240  65.949534 19.782  239.00  242.42  241.90
 183    41.756 56469.83088291 27.35 124.233249  65.948091 13.769  231.19  229.62  234.19
 183    39.637 56469.83088350 35.55 124.239631  65.948428   -100  231.19  229.62  234.19
 184    41.689 56479.74652413 23.69 124.232295  65.947031 11.849  248.30  254.89  257.60
 184    41.545 56479.74652472 26.45 124.238677  65.947368 19.854  248.30  254.89  257.60
 185    43.249 56489.66216169 24.15 124.234613  65.946377 14.115 -100.00 -100.00 -100.00
 185    41.514 56489.66216228 27.94 124.240994  65.946715 20.951 -100.00 -100.00 -100.00
 187    41.673 56509.49342966 20.88 124.228698  65.946532 10.983 -100.00 -100.00 -100.00
 187    44.274 56509.49343025 19.63 124.235079  65.946870  8.159 -100.00 -100.00 -100.00
 187    44.492 56509.49343084 24.46 124.241461  65.947207 16.190 -100.00 -100.00 -100.00
 188    41.401 56519.40907112 23.55 124.228414  65.947066 14.995 -100.00 -100.00 -100.00
 188    41.663 56519.40907171 22.48 124.234796  65.947404 10.194 -100.00 -100.00 -100.00
 188    43.798 56519.40907230 23.63 124.241178  65.947742 14.568 -100.00 -100.00 -100.00
 189    39.539 56529.32472521 51.30 124.231669  65.947472 11.166 -100.00 -100.00 -100.00
 189    39.459 56529.32472580 53.83 124.238051  65.947810 24.845 -100.00 -100.00 -100.00
 190    44.092 56539.24037490 22.08 124.231736  65.947270  8.553 -100.00 -100.00 -100.00
 190    44.174 56539.24037549 28.47 124.238119  65.947607 22.634 -100.00 -100.00 -100.00
 191    38.095 56549.15602048 47.02 124.233080  65.947094   -100 -100.00 -100.00 -100.00
 191    38.094 56549.15602107 52.23 124.239463  65.947432 18.190 -100.00 -100.00 -100.00
 192    41.146 56559.07166328 22.07 124.230357  65.947573 10.736  232.03  231.31  236.52
 192    44.136 56559.07166387 20.89 124.236740  65.947911  7.346  232.03  231.31  236.52
 192    44.415 56559.07166446 22.36 124.243123  65.948248  9.906  232.03  231.31  236.52
 193    43.888 56568.98730530 31.42 124.229307  65.948699 17.113 -100.00 -100.00 -100.00
 193    44.016 56568.98730589 35.95 124.235690  65.949037   -100 -100.00 -100.00 -100.00
 193    44.429 56568.98730648 35.23 124.242073  65.949374 27.650 -100.00 -100.00 -100.00
 194    37.869 56578.90294620 42.95 124.230135  65.950015 21.563  242.80  240.18  241.13
 194    37.473 56578.90294679 47.19 124.236518  65.950353   -100  242.80  240.18  241.13
 194    37.098 56578.90294738 51.64 124.242902  65.950691 31.392  242.80  240.18  241.13
 195    35.750 56588.81858291 27.59 124.227007  65.950002 11.996 -100.00 -100.00 -100.00
 195    35.647 56588.81858350 28.08 124.233390  65.950340 14.222 -100.00 -100.00 -100.00
 195    35.578 56588.81858409 26.10 124.239773  65.950678 10.161 -100.00 -100.00 -100.00
 196    43.665 56598.73422716 18.75 124.232288  65.949706  4.667  244.70  241.44  239.95
 196    44.282 56598.73422775 17.75 124.238671  65.950044  3.913  244.70  241.44  239.95
 197    43.522 56608.64987825 14.71 124.233396  65.949190  3.572 -100.00 -100.00 -100.00
 197    44.375 56608.64987884 14.20 124.239779  65.949527  2.703 -100.00 -100.00 -100.00
 198    35.987 56618.56552444 19.97 124.234137  65.949358  9.993 -100.00 -100.00 -100.00
 198    35.901 56618.56552503 18.92 124.240519  65.949696  8.867 -100.00 -100.00 -100.00
 199    43.957 56628.48116691 14.21 124.229953  65.949324  3.302 -100.00 -100.00 -100.00
 199    43.783 56628.48116750 14.22 124.236336  65.949662  4.165 -100.00 -100.00 -100.00
 199    44.084 56628.48116809 14.24 124.242719  65.949999  4.498 -100.00 -100.00 -100.00
 200    44.130 56638.39680714 13.44 124.233514  65.948990  2.864 -100.00 -100.00 -100.00
 200    44.433 56638.39680773 13.34 124.239897  65.949328  2.499 -100.00 -100.00 -100.00
 201    43.522 56648.31245067 13.07 124.232891  65.947481  3.035  247.30  242.69  231.65
 201    44.003 56648.31245126 13.42 124.239274  65.947819  3.486  247.30  242.69  231.65
 202    43.731 56658.22810207 12.30 124.230621  65.946036  2.716 -100.00 -100.00 -100.00
 202    43.944 56658.22810266 12.25 124.237004  65.946373  2.979 -100.00 -100.00 -100.00
 202    44.550 56658.22810325 12.23 124.243387  65.946711  2.889 -100.00 -100.00 -100.00
 203    43.551 56668.14374938 12.31 124.228999  65.945628  2.697 -100.00 -100.00 -100.00
 203    44.119 56668.14374997 12.51 124.235382  65.945966  3.020 -100.00 -100.00 -100.00
 203    44.338 56668.14375056 12.59 124.241765  65.946304  2.766 -100.00 -100.00 -100.00
 205    43.891 56687.97503807 11.98 124.229785  65.948118  2.812 -100.00 -100.00 -100.00
 205    44.273 56687.97503866 11.68 124.236168  65.948455  2.525 -100.00 -100.00 -100.00
 205    44.466 56687.97503925 12.05 124.242551  65.948793  3.018 -100.00 -100.00 -100.00
 206    43.655 56697.89067936 10.98 124.229247  65.948258  2.807 -100.00 -100.00 -100.00
 206    44.175 56697.89067995 10.72 124.235630  65.948596  2.477 -100.00 -100.00 -100.00
 206    44.352 56697.89068054 10.91 124.242013  65.948933  2.660 -100.00 -100.00 -100.00
 207    44.155 56707.80631625 10.91 124.231334  65.947373  2.553 -100.00 -100.00 -100.00
 207    44.270 56707.80631684 11.22 124.237716  65.947710  2.928 -100.00 -100.00 -100.00
 208    44.321 56717.72195286 10.20 124.229669  65.946325  2.261 -100.00 -100.00 -100.00
 208    44.249 56717.72195345 10.47 124.236050  65.946662  2.632 -100.00 -100.00 -100.00
 208    44.538 56717.72195404 10.50 124.242432  65.947000  2.822 -100.00 -100.00 -100.00
 209    43.884 56727.63760578 10.54 124.231207  65.946959 11.216  239.62  229.79  210.03
 209    44.455 56727.63760637 10.68 124.237589  65.947297  9.576  239.62  229.79  210.03
 211    44.223 56747.46889944  9.97 124.226064  65.950302  2.629  243.36  233.64  213.97
 211    44.275 56747.46890003 10.32 124.232447  65.950640  2.513  243.36  233.64  213.97
 211    44.500 56747.46890062 10.79 124.238830  65.950977  3.583  243.36  233.64  213.97
 212    44.101 56757.38454042  9.69 124.227989  65.950830  2.447 -100.00 -100.00 -100.00
 212    44.615 56757.38454101  9.69 124.234372  65.951168  2.435 -100.00 -100.00 -100.00
 212    44.899 56757.38454160  9.61 124.240755  65.951505  2.455 -100.00 -100.00 -100.00
 213    43.176 56767.30017534 25.86 124.228529  65.949919 12.517 -100.00 -100.00 -100.00
 213    43.558 56767.30017593 25.12 124.234912  65.950257 12.920 -100.00 -100.00 -100.00
 213    44.196 56767.30017652 24.94 124.241295  65.950594 13.926 -100.00 -100.00 -100.00
 214    41.765 56777.21581955 26.34 124.230966  65.948909 15.074 -100.00 -100.00 -100.00
 214    41.258 56777.21582014 25.21 124.237349  65.949247 13.697 -100.00 -100.00 -100.00
 215    37.107 56787.13147605 44.14 124.233974  65.949073  1.047 -100.00 -100.00 -100.00
 215    36.966 56787.13147664 47.05 124.240358  65.949410   -100 -100.00 -100.00 -100.00
 217    42.028 56806.96277583 33.53 124.229152  65.950117 14.423  229.56  229.76  233.48
 217    44.169 56806.96277642 31.56 124.235535  65.950454  9.424  229.56  229.76  233.48
 217    44.603 56806.96277701 33.91 124.241918  65.950792 15.707  229.56  229.76  233.48
 219    40.537 56826.79405522 53.19 124.232561  65.947554   -100 -100.00 -100.00 -100.00
 219    40.449 56826.79405581 51.99 124.238943  65.947891 17.955 -100.00 -100.00 -100.00
 220    39.848 56836.70968943 53.22 124.230333  65.945618   -100 -100.00 -100.00 -100.00
 220    39.842 56836.70969002 52.63 124.236714  65.945956   -100 -100.00 -100.00 -100.00
 220    39.865 56836.70969061 53.25 124.243096  65.946293   -100 -100.00 -100.00 -100.00
 221    39.101 56846.62532089 49.30 124.230827  65.945522   -100 -100.00 -100.00 -100.00
 221    38.717 56846.62532148 54.45 124.237208  65.945860 21.753 -100.00 -100.00 -100.00
 221    38.678 56846.62532207 56.53 124.243589  65.946198   -100 -100.00 -100.00 -100.00
 222    39.607 56856.54097073 33.25 124.231268  65.947021 17.185 -100.00 -100.00 -100.00
 222    39.932 56856.54097132 36.89 124.237650  65.947359 27.298 -100.00 -100.00 -100.00
 223    38.100 56866.45662420 43.96 124.231074  65.948701   -100  247.18  246.09  247.89
 223    38.059 56866.45662479 51.23 124.237456  65.949038   -100  247.18  246.09  247.89
 224    43.826 56876.37227621 23.01 124.229222  65.948806 11.270 -100.00 -100.00 -100.00
 224    44.357 56876.37227680 22.73 124.235605  65.949143  9.622 -100.00 -100.00 -100.00
 224    44.448 56876.37227739 32.56 124.241987  65.949481   -100 -100.00 -100.00 -100.00
 225    43.592 56886.28792523 24.39 124.228949  65.948006 12.945 -100.00 -100.00 -100.00
 225    44.141 56886.28792582 22.59 124.235332  65.948343 11.412 -100.00 -100.00 -100.00
 225    44.470 56886.28792641 28.88 124.241714  65.948681 27.346 -100.00 -100.00 -100.00
 226    39.668 56896.20357142 23.39 124.228422  65.946963 12.153 -100.00 -100.00 -100.00
 226    44.188 56896.20357201 21.07 124.234805  65.947300  8.775 -100.00 -100.00 -100.00
 226    44.503 56896.20357261 25.05 124.241187  65.947638 15.716 -100.00 -100.00 -100.00
 227    43.532 56906.11921477 23.36 124.228773  65.947445 11.858 -100.00 -100.00 -100.00
 227    43.972 56906.11921536 22.97 124.235156  65.947782 11.002 -100.00 -100.00 -100.00
 227    44.441 56906.11921595 26.14 124.241539  65.948120 17.297 -100.00 -100.00 -100.00
 228    44.193 56916.03485635 22.22 124.233390  65.949529 10.370  237.72  239.68  242.11
 228    44.393 56916.03485694 28.77 124.239773  65.949866 31.456  237.72  239.68  242.11
 229    43.980 56925.95049523 24.69 124.229225  65.951185 14.294 -100.00 -100.00 -100.00
 229    44.244 56925.95049582 25.47 124.235609  65.951522 15.566 -100.00 -100.00 -100.00
 229    44.441 56925.95049641 33.64 124.241992  65.951860   -100 -100.00 -100.00 -100.00
 230    38.315 56935.86613070 42.03 124.223863  65.951311 32.382 -100.00 -100.00 -100.00
 230    38.604 56935.86613129 41.93 124.230246  65.951649 23.263 -100.00 -100.00 -100.00
 230    37.999 56935.86613188 47.38 124.236629  65.951987  1.438 -100.00 -100.00 -100.00
 230    38.107 56935.86613247 47.14 124.243013  65.952324   -100 -100.00 -100.00 -100.00
 231    37.406 56945.78176186 42.21 124.229780  65.950166 19.512 -100.00 -100.00 -100.00
 231    36.981 56945.78176245 44.19 124.236163  65.950504 31.558 -100.00 -100.00 -100.00
 231    36.587 56945.78176304 49.50 124.242546  65.950842 11.759 -100.00 -100.00 -100.00
 232    35.277 56955.69741406 37.18 124.233445  65.948639   -100 -100.00 -100.00 -100.00
 232    35.346 56955.69741465 37.53 124.239827  65.948976 28.439 -100.00 -100.00 -100.00
 233    43.535 56965.61306301 20.69 124.230536  65.947819  4.294  242.67  240.24  239.86
 233    44.196 56965.61306360 21.25 124.236918  65.948157  4.804  242.67  240.24  239.86
 233    44.353 56965.61306419 20.54 124.243300  65.948494  4.497  242.67  240.24  239.86
 234    43.283 56975.52870789 18.87 124.230632  65.948749  5.166  244.37  242.19  239.78
 234    43.680 56975.52870848 17.94 124.237014  65.949086  4.053  244.37  242.19  239.78
 234    44.140 56975.52870907 17.92 124.243397  65.949424  4.128  244.37  242.19  239.78
 235    43.049 56985.44434797 18.10 124.227164  65.949675  3.590  244.57  241.32  236.72
 235    43.205 56985.44434856 17.83 124.233547  65.950013  3.757  244.57  241.32  236.72
 235    43.927 56985.44434915 18.14 124.239930  65.950351  4.436  244.57  241.32  236.72
 236    43.653 56995.35998351 15.59 124.233558  65.949447  3.338  242.33  238.85  231.00
 236    44.213 56995.35998410 15.51 124.239941  65.949784  2.848  242.33  238.85  231.00
 237    43.287 57005.27562504 15.45 124.232142  65.947172  2.920  238.97  233.53  222.55
 237    44.207 57005.27562563 15.35 124.238524  65.947509  2.841  238.97  233.53  222.55
 238    43.584 57015.19128039 15.49 124.234427  65.945354  2.963 -100.00 -100.00 -100.00
 238    43.842 57015.19128098 15.71 124.240809  65.945692  3.822 -100.00 -100.00 -100.00
 239    43.354 57025.10693075 14.38 124.229982  65.945109  2.912 -100.00 -100.00 -100.00
 239    43.648 57025.10693134 14.46 124.236364  65.945446  3.649 -100.00 -100.00 -100.00
 239    44.267 57025.10693193 14.34 124.242747  65.945784  2.882 -100.00 -100.00 -100.00
 240    43.800 57035.02257968 12.90 124.233604  65.947459  3.369  239.45  233.53  218.97
 240    44.092 57035.02258027 12.71 124.239987  65.947796  2.527  239.45  233.53  218.97
 241    44.218 57044.93822575 12.76 124.233804  65.949443  2.965  243.29  237.38  222.44
 241    44.250 57044.93822634 12.56 124.240187  65.949780  2.662  243.29  237.38  222.44
 242    43.704 57054.85386839 11.72 124.229957  65.949472  2.485 -100.00 -100.00 -100.00
 242    44.248 57054.85386898 11.60 124.236340  65.949809  2.306 -100.00 -100.00 -100.00
 242    44.392 57054.85386957 11.87 124.242723  65.950147  2.607 -100.00 -100.00 -100.00
 243    43.715 57064.76950641 11.64 124.229352  65.947824  2.697  240.32  233.60  217.19
 243    43.759 57064.76950700 12.03 124.235735  65.948162  2.839  240.32  233.60  217.19
 243    44.320 57064.76950759 11.69 124.242117  65.948499  2.871  240.32  233.60  217.19
 244    43.468 57074.68513989 11.58 124.230941  65.946708  2.390 -100.00 -100.00 -100.00
 244    44.052 57074.68514048 11.59 124.237322  65.947046  2.633 -100.00 -100.00 -100.00
 244    44.338 57074.68514107 11.50 124.243704  65.947383  2.510 -100.00 -100.00 -100.00
 245    43.762 57084.60077031 10.89 124.234758  65.947260  2.489 -100.00 -100.00 -100.00
 245    44.210 57084.60077090 10.90 124.241139  65.947598  2.500 -100.00 -100.00 -100.00
 246    44.135 57094.51642348 10.29 124.234280  65.949633  2.720 -100.00 -100.00 -100.00
 246    44.322 57094.51642408 10.43 124.240662  65.949971  2.548 -100.00 -100.00 -100.00
 247    43.330 57104.43207940  9.90 124.225886  65.951334  2.753 -100.00 -100.00 -100.00
 247    43.942 57104.43207999 10.00 124.232270  65.951672  2.869 -100.00 -100.00 -100.00
 247    44.389 57104.43208058 10.10 124.238653  65.952009  2.676 -100.00 -100.00 -100.00
 248    43.648 57114.34773196 10.86 124.227246  65.951782  2.589 -100.00 -100.00 -100.00
 248    44.514 57114.34773255 10.98 124.233629  65.952120  2.732 -100.00 -100.00 -100.00
 248    44.527 57114.34773314 10.72 124.240013  65.952458  2.351 -100.00 -100.00 -100.00
 249    43.795 57124.26337818 10.54 124.227456  65.950187  2.449  241.71  233.48  218.10
 249    44.300 57124.26337877 10.46 124.233839  65.950525  2.653  241.71  233.48  218.10
 249    44.497 57124.26337936 10.67 124.240222  65.950862  2.568  241.71  233.48  218.10
 250    43.481 57134.17901925 10.32 124.229535  65.948431  2.399 -100.00 -100.00 -100.00
 250    43.725 57134.17901984 10.16 124.235918  65.948769  2.431 -100.00 -100.00 -100.00
 250    44.563 57134.17902043 10.12 124.242300  65.949106  2.154 -100.00 -100.00 -100.00
