# NaN NaN NaN ;Mean Elev.(m), Avg Gradient(m/km), RMS Gradient(m/km) - SRTM1     
#   94.953  -8.279  14.130 ;Mean Elev.(m), Avg Gradient(m/km), RMS Gradient(m/km) - ASTER GDEM
#   86.757  -6.656  17.036 ;Mean Elev.(m), Avg Gradient(m/km), RMS Gradient(m/km) - GMTED2010 
   2 127.490898  61.132702    99.245    99.159  3 54673.23005091 45.753
   3 127.494528  61.132556     4.293     4.285  3 54683.14569479  3.270
   4 127.495750  61.133404   100.262   100.239  3 54693.06133707 29.050
   5 127.497356  61.133281     6.486     6.480  4 54702.97697707  6.018
   6 127.492619  61.132553   102.297   102.158  4 54712.89262596 24.528
   7 127.479789  61.133923    13.077    13.073  6 54722.80827554  4.968
   9 127.474649  61.133183    99.438    99.333  7 54742.63957034 48.942
  10 127.474277  61.133896   102.680   102.641  7 54752.55521673 25.584
  11 127.473014  61.134360   192.898   189.534  5 54762.47086271  2.280
  12 127.475141  61.132509    97.548    97.532  7 54772.38650680 42.525
  13 127.471605  61.132754    97.321    97.205  6 54782.30214722 36.264
  14 127.472253  61.132939    97.939    97.119  7 54792.21778565 26.204
  17 127.488657  61.133113    98.395    98.401  4 54821.96470383 23.306
  18 127.488035  61.132079    98.551    98.585  4 54831.88035608 20.523
  19 127.481048  61.133435    98.418    98.433  6 54841.79599400 19.129
  20 127.481828  61.133390    98.399    98.305  5 54851.71164305 18.369
  21 127.488599  61.132325    98.682    98.422  4 54861.62729234 15.721
  22 127.488812  61.132854    98.943    98.831  4 54871.54294082 15.670
  23 127.485023  61.132920    99.445    99.367  5 54881.45858731 14.628
  24 127.475151  61.133596    98.580    98.251  7 54891.37422991 15.016
  25 127.472245  61.132031    99.157    99.563  7 54901.28987054 13.826
  26 127.471540  61.132129    99.325    99.538  7 54911.20550950 13.083
  27 127.475139  61.132817    99.076    99.014  7 54921.12114772 12.967
  28 127.480827  61.133057   100.005   100.308  5 54931.03678563 11.943
  29 127.482616  61.133004    99.730    99.803  6 54940.95242186 12.626
  30 127.479423  61.133305   230.186   230.618  6 54950.86805592  7.091
  31 127.473736  61.133817   104.951   104.898  7 54960.78369589 44.040
  32 127.475751  61.133107   101.733   101.727  7 54970.69934482 48.535
  33 127.479596  61.133416   102.258   102.262  7 54980.61499253 51.574
  34 127.485183  61.133124   172.376   170.656  4 54990.53064016 25.914
  35 127.488304  61.131988   102.396   102.388  4 55000.44628745 28.577
  36 127.483229  61.133042   102.923   102.925  6 55010.36193197 26.508
  37 127.482815  61.132763   100.508   100.571  6 55020.27757553 34.652
  38 127.486988  61.132416   170.600   169.974  5 55030.19321839 20.835
  43 127.472685  61.133610   100.262   100.289  7 55079.77142779 42.433
  44 127.477767  61.130634   100.429   100.396  5 55089.68707606 30.061
  45 127.472989  61.133347   100.263   100.308  7 55099.60272151 44.365
  47 127.478816  61.133358   100.900   100.668  7 55119.43401197 26.731
  48 127.473541  61.133112    98.205    98.264  6 55129.34965328 47.577
  49 127.470347  61.132071    97.785    97.814  6 55139.26529290 35.881
  50 127.469539  61.132836    97.851    97.868  7 55149.18093135 24.937
  51 127.475588  61.134067    97.940    97.917  7 55159.09657010 23.794
  52 127.489927  61.132661    98.103    98.083  4 55169.01220964 21.395
  53 127.494519  61.132657    98.413    98.438  3 55178.92784716 19.936
  54 127.490274  61.132565    98.371    98.390  4 55188.84349276 19.356
  55 127.483633  61.133028    98.747    98.708  6 55198.75914279 18.390
  56 127.482925  61.133195    98.100    98.101  6 55208.67479244 18.477
  57 127.486642  61.133199    98.477    98.169  4 55218.59044195 16.527
  58 127.489669  61.132274    97.871    97.849  4 55228.50609069 16.732
  59 127.483140  61.132876    97.913    97.895  5 55238.42173533 16.124
  60 127.472961  61.133357    98.072    98.051  7 55248.33737610 15.971
  61 127.468346  61.132624    98.127    98.079  7 55258.25301519 15.424
  62 127.469630  61.132354    98.208    98.170  6 55268.16865408 14.230
  63 127.473539  61.133359    98.101    98.116  7 55278.08429275 14.694
  64 127.478925  61.133941    98.312    98.123  7 55287.99993037 14.226
  65 127.485262  61.132962    98.846    99.196  5 55297.91556590 11.592
  66 127.478005  61.133466   100.352   100.436  7 55307.83120758 28.950
  67 127.472353  61.132900   219.190   220.233  7 55317.74685357  1.320
  68 127.472787  61.132455   230.233   230.170  6 55327.66249890  6.387
  69 127.474896  61.133886   225.251   225.462  7 55337.57814331  5.197
  70 127.484586  61.133236   101.076   101.058  5 55347.49378820 45.301
  71 127.489704  61.132669   100.980   101.000  3 55357.40943102 55.905
  72 127.489509  61.132396   100.186   100.292  4 55367.32507132 31.920
  75 127.490273  61.133956   172.545   172.545  2 55397.07198535  7.788
  76 127.494847  61.133137   100.003    99.968  4 55406.98762876 28.571
  78 127.480059  61.132554    98.457    98.455  6 55426.81892652 49.187
  79 127.473467  61.132291    99.633    99.618  6 55436.73457100 45.816
  80 127.474355  61.131684    99.734    99.748  5 55446.65021479 39.730
  81 127.475997  61.132550    99.187    99.101  6 55456.56585793 45.483
  82 127.487391  61.130527    98.382    98.388  3 55466.48150161 56.707
  83 127.478670  61.133905   100.992   101.286  7 55476.39713965 27.660
  84 127.478135  61.133277    97.983    98.023  7 55486.31277577 45.123
  85 127.475452  61.133230    97.391    97.357  7 55496.22840953 39.783
  86 127.477449  61.133547    97.696    97.713  7 55506.14404496 37.748
  87 127.480565  61.133636    98.196    98.144  6 55516.05969585 35.770
  88 127.490683  61.132017    99.190    99.363  4 55525.97534669 25.177
  89 127.489065  61.132990    99.988    99.739  4 55535.89099414 22.058
  90 127.490293  61.131805    99.298    99.657  4 55545.80663996 19.432
  91 127.484523  61.132922   100.104   100.355  4 55555.72228296 18.042
  92 127.486389  61.132449   100.295   100.500  5 55565.63792588 16.417
  93 127.489692  61.132006   101.026   101.102  4 55575.55356827 15.057
  94 127.484731  61.133415   101.335   101.193  5 55585.46920795 14.290
  95 127.480149  61.134001   101.468   101.448  6 55595.38484448 13.890
  96 127.477636  61.133905   100.992   100.991  7 55605.30047811 13.476
  97 127.478008  61.133908   100.975   101.066  7 55615.21610999 13.350
  98 127.483491  61.132836   101.102   101.345  5 55625.13175103 12.638
  99 127.480105  61.133847   101.169   101.215  6 55635.04740306 12.765
 100 127.482287  61.132835   101.283   101.493  6 55644.96305368 11.445
 101 127.477777  61.133444   101.679   101.678  7 55654.87870069 10.480
 102 127.476315  61.132907   101.445   101.378  7 55664.79434355 10.318
 103 127.475647  61.132773   100.771    99.893  7 55674.70998340 29.782
 104 127.476706  61.133435    98.813    98.798  6 55684.62562158 42.709
 105 127.483450  61.133428   104.614   104.601  5 55694.54125912 52.676
 106 127.492688  61.132865   170.850   170.892  4 55704.45689560 22.477
 108 127.491650  61.132651   170.138   170.035  3 55724.28819094 19.160
 109 127.490633  61.132312   147.845   148.229  4 55734.20383800 25.282
 111 127.487609  61.132870   169.431   168.072  3 55754.03512798  7.274
 112 127.487313  61.132008    98.485    97.847  3 55763.95077022 27.014
 113 127.478339  61.133536    99.339    99.467  7 55773.86640855 49.935
 114 127.475469  61.133394   101.405   101.454  6 55783.78204425 27.478
 115 127.475960  61.134265   100.707   100.727  7 55793.69767761 38.843
 120 127.487371  61.130278   100.496   100.496  2 55843.27589393 22.089
 122 127.490382  61.132675    98.036    98.041  3 55863.10716581 41.803
 123 127.489736  61.133107    98.097    98.076  4 55873.02281986 35.681
 133 127.472972  61.133695    99.885   100.017  7 55972.17925559 12.501
 134 127.483067  61.133284   100.060   100.128  5 55982.09489278 12.159
 135 127.491101  61.132682   100.541   100.520  4 55992.01052828 10.959
 136 127.488859  61.132117   100.361   100.411  4 56001.92617556 11.374
 137 127.475452  61.133594   100.274   100.196  7 56011.84182422 11.183
 138 127.473212  61.132937   100.426   100.506  7 56021.75747045 10.605
 139 127.474800  61.133346   100.314   100.531  6 56031.67311395 10.209
 141 127.490381  61.133058    99.959    99.992  4 56051.50439557 33.453
 142 127.492766  61.133366   219.369   219.222  3 56061.42003185  1.841
 143 127.491930  61.133222   103.222   103.196  3 56071.33567018 54.182
 144 127.487049  61.133233   103.225   103.195  4 56081.25132029 24.968
 145 127.490488  61.131889   104.568   104.574  4 56091.16696876 38.924
 146 127.490377  61.132796   102.430   102.216  3 56101.08261430 23.047
 148 127.482128  61.133747   169.974   170.096  4 56120.91388463 12.646
 149 127.476368  61.133733   102.429   102.327  7 56130.82952010 28.799
 150 127.475109  61.133625   103.068   103.087  7 56140.74515417 37.049
 151 127.485611  61.130441   100.268   100.167  3 56150.66080642 29.482
 152 127.484376  61.132759   101.046   100.862  5 56160.57645501 28.516
 153 127.488879  61.132309   100.751   100.954  3 56170.49210281 28.576
 154 127.483282  61.133031   101.397   101.120  6 56180.40774561 28.666
 155 127.475633  61.133583   102.000   101.738  7 56190.32338427 25.203
 158 127.495383  61.132901    98.025    98.002  3 56220.07028940 44.383
 159 127.497894  61.133533    98.011    97.984  3 56229.98593921 38.721
 160 127.495349  61.133111    97.688    97.721  4 56239.90159244 39.354
 161 127.488717  61.133191    97.222    97.207  4 56249.81724127 38.329
 162 127.485007  61.133001    97.130    97.087  4 56259.73288553 35.065
 163 127.488126  61.132470    97.250    97.268  4 56269.64852773 30.886
 164 127.490733  61.132638    97.840    97.872  3 56279.56416803 25.168
 165 127.488951  61.132729    97.728    97.655  4 56289.47981857 20.314
 166 127.479208  61.133625    97.665    97.699  6 56299.39546582 19.501
 167 127.473354  61.132763    97.390    97.375  6 56309.31110969 19.960
 168 127.471237  61.132103    97.381    97.417  6 56319.22675156 18.181
 169 127.473516  61.132835    97.389    97.413  6 56329.14239277 17.112
 170 127.480486  61.133511    97.901    97.739  6 56339.05803362 16.401
 171 127.490962  61.132432    98.461    98.522  4 56348.97367295 15.935
 172 127.488415  61.133201   100.004   100.016  4 56358.88930816 14.188
 173 127.475219  61.134139    98.017    98.055  7 56368.80495758 13.889
 175 127.475539  61.133398    98.321    98.327  6 56388.63625087 13.133
 176 127.488434  61.132322    98.234    98.065  4 56398.55189548 13.215
 177 127.493578  61.133083   103.314   103.370  4 56408.46753668 17.478
 178 127.493697  61.133595   240.550   240.402  3 56418.38317320  4.968
 179 127.494223  61.132958   104.023   104.035  3 56428.29880589 54.913
 180 127.489357  61.131947   234.566   235.321  4 56438.21445944  8.204
 181 127.476132  61.135334   169.078   169.285  3 56448.13010916 19.403
 182 127.485565  61.132581   101.833   101.842  5 56458.04575953 30.477
 185 127.484385  61.129920   100.412   100.427  3 56487.79268553 34.052
 190 127.488501  61.132489   171.330   170.158  3 56537.37089617 12.608
 195 127.495756  61.133559    97.438    97.389  3 56586.94910796 46.825
 196 127.496987  61.133579    97.298    97.316  3 56596.86474819 39.954
 197 127.490907  61.132965    97.348    97.357  3 56606.78039965 36.947
 198 127.484465  61.133238    97.070    97.156  5 56616.69604600 29.208
 199 127.484332  61.132985    97.360    97.348  5 56626.61168947 25.536
 200 127.487527  61.132517    97.775    97.671  4 56636.52733048 22.942
 201 127.490518  61.131875    98.704    97.804  4 56646.44297127 20.126
 202 127.479622  61.133446   100.025   100.343  6 56656.35862224 18.097
 203 127.473708  61.133368   100.657   100.694  7 56666.27426957 16.935
 205 127.474394  61.133666    99.579    99.913  7 56686.10555922 15.916
 206 127.480811  61.133312   100.003    99.941  6 56696.02120221 15.419
 207 127.487290  61.132695   101.229   101.027  4 56705.93684068 12.986
 208 127.490572  61.132262   100.952   100.945  4 56715.85247375 12.184
 209 127.470422  61.136652   184.284   185.282  3 56725.76812496  0.713
 211 127.483580  61.132717   100.829   100.704  5 56745.59942223 12.186
 212 127.488732  61.133163   101.181   101.222  4 56755.51506442 11.434
 213 127.495480  61.132756    97.125    97.181  3 56765.43070120 37.444
 214 127.494255  61.133028   235.761   235.652  4 56775.34633985  8.351
 215 127.487282  61.132857   232.798   233.322  4 56785.26199594  6.577
 216 127.480757  61.133239   100.574   100.567  5 56795.17764845 48.850
 220 127.473302  61.134358   168.290   162.710  6 56834.84021321 16.722
 221 127.477675  61.133984   243.603   254.657  7 56844.75584531  5.188
 222 127.481862  61.133185   170.466   169.068  5 56854.67149082  9.394
 223 127.484647  61.132311   173.092   175.451  5 56864.58714474  6.979
 224 127.486789  61.131237   101.881   101.970  4 56874.50279787 18.432
 225 127.483572  61.131608   101.406   101.609  3 56884.41844719 21.829
 226 127.479382  61.132285   101.242   101.391  5 56894.33409326 24.087
 227 127.474793  61.133677   100.107    99.972  7 56904.24973606 39.720
 228 127.477896  61.133619    98.915    98.935  6 56914.16537777 50.378
 229 127.489033  61.131847   169.505   169.098  4 56924.08101873  8.373
 230 127.492726  61.132653   184.158   186.887  3 56933.99665609  1.564
 231 127.496029  61.132973    99.365    99.271  4 56943.91228819 31.371
 232 127.492719  61.132684    97.528    97.504  4 56953.82793546 41.136
 233 127.489138  61.131910    96.625    96.635  4 56963.74358541 42.574
 234 127.484201  61.133091    97.079    97.084  5 56973.65923017 31.067
 235 127.489532  61.132092    97.107    97.121  4 56983.57487174 28.627
 236 127.490156  61.132569    97.303    97.380  3 56993.49050787 24.388
 237 127.490140  61.131953    97.218    97.157  4 57003.40614483 21.570
 238 127.476115  61.133501    97.139    97.135  7 57013.32179975 19.290
 239 127.474187  61.132932   100.880   100.939  7 57023.23745080 15.804
 240 127.476838  61.133353   100.698   100.620  7 57033.15309965 14.927
 241 127.483416  61.132960   101.002   101.127  6 57043.06874673 13.509
 242 127.484227  61.133348   100.933   100.692  5 57052.98439086 13.660
 243 127.482827  61.133165   101.067   101.074  6 57062.90003040 12.107
 244 127.483357  61.132816   101.092   101.065  5 57072.81566492 11.870
 245 127.489615  61.132499   101.272   101.168  4 57082.73129599 11.523
 246 127.492537  61.133147   101.476   101.375  4 57092.64694346 11.122
 247 127.494614  61.133136   101.458   101.492  4 57102.56260069 11.351
 248 127.493177  61.133252    96.643    96.646  3 57112.47825393 15.893
 249 127.489689  61.132836    97.686    97.223  3 57122.39390111  9.952
 250 127.482818  61.133293   100.871   100.893  5 57132.30954238 14.047
