# NaN NaN NaN ;Mean Elev.(m), Avg Gradient(m/km), RMS Gradient(m/km) - SRTM1     
#   33.285  -0.141   2.022 ;Mean Elev.(m), Avg Gradient(m/km), RMS Gradient(m/km) - ASTER GDEM
#   26.162   0.589   6.949 ;Mean Elev.(m), Avg Gradient(m/km), RMS Gradient(m/km) - GMTED2010 
   1 125.152679  64.872944    50.976    51.151  5 54668.23131401 33.938
   2 125.154194  64.873423    50.782    50.727  5 54678.14695844 30.625
   3 125.150894  64.875700    -6.107    -6.217  3 54688.06260107 11.676
   4 125.147905  64.877575    50.822    50.689  3 54697.97824187 56.123
   5 125.147936  64.876946    -5.051    -5.111  4 54707.89388418  9.502
   6 125.150423  64.873892    51.338    51.312  4 54717.80953643 46.211
   7 125.156448  64.870172    -4.216    -4.214  5 54727.72518648 10.907
   8 125.157351  64.868924    51.009    51.679  5 54737.64083425 32.040
   9 125.154094  64.870246    49.091    49.099  5 54747.55648113 33.699
  10 125.155126  64.871411    48.600    48.617  4 54757.47212802 44.392
  11 125.156091  64.871550    47.975    47.953  4 54767.38777296 48.879
  12 125.152973  64.870641    47.240    47.252  5 54777.30341433 41.545
  13 125.156264  64.868615    48.166    48.206  5 54787.21905397 25.223
  14 125.157517  64.868314    48.231    48.184  5 54797.13469228 24.582
  17 125.152099  64.874347    48.701    48.701  4 54826.88161572 18.345
  18 125.154672  64.873135    48.761    48.724  4 54836.79725524 17.129
  19 125.153391  64.872731    48.889    48.742  5 54846.71290466 16.141
  20 125.155211  64.872675    48.886    48.711  5 54856.62855367 15.744
  21 125.149786  64.874487    48.862    48.881  4 54866.54420189 15.569
  22 125.152262  64.874392    49.275    49.282  4 54876.45985039 14.956
  23 125.152233  64.873555    49.491    49.455  4 54886.37549578 14.444
  24 125.157069  64.870762    49.388    49.346  5 54896.29113832 13.715
  25 125.156531  64.869051    49.384    49.436  6 54906.20677768 12.846
  26 125.156084  64.868934    49.383    49.343  6 54916.12241583 12.721
  27 125.158643  64.869691    49.613    49.694  5 54926.03805400 12.030
  28 125.154558  64.871535    49.680    49.642  5 54935.95369084 12.099
  29 125.153798  64.872157    48.496    48.505  5 54945.86932616 26.595
  30 125.155360  64.871333    48.241    48.194  4 54955.78495919 37.994
  31 125.154956  64.869943    50.348    50.285  5 54965.70060721 44.929
  32 125.157033  64.869394    52.284    52.285  5 54975.61625530 43.985
  33 125.155083  64.870870    52.099    52.099  4 54985.53190269 57.823
  34 125.153103  64.872653    52.669    52.686  5 54995.44755006 30.440
  35 125.154344  64.873276    52.384    52.440  5 55005.36319629 28.406
  36 125.152960  64.873464    50.851    50.852  4 55015.27884014 46.027
  37 125.152817  64.873356    49.864    49.799  5 55025.19448274 53.139
  38 125.152038  64.874130    51.716    51.756  4 55035.11012476 26.029
  39 125.145669  64.875802    48.713    48.713  2 55045.02576546 53.131
  40 125.149675  64.875325    49.685    49.659  4 55054.94140554 51.180
  41 125.154511  64.873341    49.235    49.215  5 55064.85704352 52.038
  42 125.155826  64.871193    50.757    51.022  5 55074.77269120 29.824
  43 125.158260  64.869501    49.254    49.230  5 55084.68833944 53.232
  44 125.157727  64.869600    49.667    49.628  5 55094.60398566 51.998
  45 125.157307  64.870129    49.683    49.665  5 55104.51963168 41.379
  46 125.153250  64.870927    50.046    50.048  5 55114.43527714 29.912
  47 125.154873  64.870225    48.871    48.808  5 55124.35092076 47.461
  48 125.154789  64.869624    47.554    47.590  5 55134.26656146 42.507
  49 125.156697  64.869023    47.276    47.295  6 55144.18220025 34.802
  50 125.155753  64.869901    50.115    49.780  5 55154.09783808 26.845
  51 125.156142  64.871132    48.320    48.227  4 55164.01347639 24.762
  52 125.155015  64.872824    48.435    48.366  4 55173.92911430 23.486
  53 125.151899  64.874095    48.515    48.543  4 55183.84475249 22.670
  54 125.151084  64.874020    48.573    48.504  4 55193.76040365 21.799
  55 125.152060  64.873872    48.277    48.406  4 55203.67605368 21.174
  56 125.152321  64.874313    48.246    48.244  4 55213.59170291 21.198
  57 125.151970  64.874394    48.174    48.173  4 55223.50735162 20.487
  58 125.155209  64.872722    48.199    48.233  5 55233.42299922 19.816
  59 125.155867  64.870655    48.429    48.434  4 55243.33864342 19.325
  60 125.156811  64.868849    48.741    48.764  6 55253.25428446 18.754
  61 125.156824  64.868629    49.104    49.063  6 55263.16992325 17.487
  62 125.153419  64.870503    48.932    48.905  5 55273.08556068 17.400
  63 125.155075  64.871440    48.662    48.602  5 55283.00119833 17.437
  64 125.157052  64.871104    48.762    48.868  5 55292.91683483 16.825
  66 125.155084  64.869154    48.550    47.565  5 55312.74811854 22.808
  67 125.157728  64.869117    47.663    47.737  5 55322.66376420 43.943
  68 125.157726  64.870498    49.073    47.927  5 55332.57940823 38.400
  69 125.155679  64.872089    54.836    54.819  5 55342.49505200 43.326
  70 125.154624  64.872582    51.404    51.402  5 55352.41069564 38.665
  71 125.154741  64.872555    52.432    52.526  5 55362.32633727 27.901
  72 125.154056  64.872940    51.577    51.826  5 55372.24197682 30.693
  74 125.156185  64.874941    50.911    50.911  2 55392.07325274 54.961
  75 125.150522  64.876179    50.867    50.023  3 55401.98888831 30.354
  76 125.150282  64.874324    49.274    48.767  4 55411.90453903 32.040
  77 125.155414  64.870765    51.650    51.673  5 55421.82018935 27.248
  78 125.156870  64.868617    51.865    51.782  5 55431.73583641 27.553
  79 125.156415  64.868987    52.303    52.314  6 55441.65148095 25.227
  80 125.156860  64.870424    49.624    49.565  5 55451.56712394 53.145
  81 125.155334  64.871863    50.296    51.013  5 55461.48276602 29.722
  82 125.154941  64.871306    48.141    48.177  4 55471.39840691 36.561
  83 125.156265  64.869646    47.788    47.802  6 55481.31404513 29.390
  84 125.155314  64.868819    47.268    47.313  5 55491.22968074 42.616
  85 125.155108  64.869971    48.399    48.331  5 55501.14531437 31.889
  86 125.153563  64.872178    47.559    47.563  5 55511.06095748 23.128
  87 125.152460  64.873719    47.724    47.727  4 55520.97660700 21.414
  88 125.152180  64.873929    47.771    47.745  4 55530.89225559 20.453
  89 125.153976  64.872859    47.883    47.893  5 55540.80790280 19.535
  90 125.154048  64.872344    47.912    47.846  5 55550.72354764 18.233
  91 125.154596  64.872849    47.985    48.020  5 55560.63919085 16.990
  93 125.151101  64.875051    48.425    48.413  4 55580.47047404 15.694
  94 125.154796  64.872935    48.412    48.329  4 55590.38611294 14.858
  95 125.158473  64.869922    48.648    48.634  5 55600.30174876 13.899
  96 125.157592  64.868647    48.980    48.826  5 55610.21738183 13.889
  97 125.154777  64.870179    49.064    49.037  5 55620.13301327 13.199
  98 125.153237  64.872325    49.016    49.061  4 55630.04866410 12.686
  99 125.154384  64.873216    49.403    49.509  5 55639.96431515 12.260
 100 125.153689  64.872171    49.545    49.536  4 55649.87996372 11.717
 101 125.155782  64.869313    49.703    49.651  5 55659.79560926 10.845
 102 125.155393  64.867995    48.074    48.023  6 55669.71125086 17.710
 103 125.156348  64.869085    48.820    48.979  5 55679.62689032 32.641
 104 125.154722  64.872220    47.417    47.443  5 55689.54252745 39.615
 105 125.151674  64.874965    52.389    52.401  3 55699.45816297 50.722
 106 125.145107  64.876291    51.433    51.433  2 55709.37380038 28.530
 107 125.150786  64.874117    52.041    52.028  4 55719.28945150 26.814
 108 125.153986  64.872863    51.202    51.201  5 55729.20509998 55.921
 109 125.153814  64.873213    49.888    49.917  4 55739.12074669 35.309
 110 125.152337  64.874225    49.313    49.319  4 55749.03639201 52.310
 111 125.152444  64.874246    49.858    49.390  4 55758.95203523 31.504
 112 125.153327  64.872838    48.198    48.174  4 55768.86767580 52.681
 113 125.153314  64.870661    48.904    48.774  5 55778.78331314 47.121
 114 125.157567  64.868757    50.195    50.071  5 55788.69894826 32.546
 115 125.156571  64.869829    49.234    49.148  5 55798.61458138 53.684
 116 125.154347  64.871853    48.552    48.549  4 55808.53022617 53.492
 117 125.153822  64.873318    49.978    50.352  5 55818.44587489 30.381
 118 125.155092  64.872657    51.043    51.513  4 55828.36151985 27.287
 119 125.155597  64.870783    48.987    48.971  5 55838.27716046 30.123
 120 125.157516  64.869011    47.931    47.927  5 55848.19279816 28.207
 121 125.155988  64.870303    47.680    47.612  5 55858.10843321 45.809
 122 125.153671  64.872920    47.287    47.284  4 55868.02407940 39.662
 123 125.148803  64.875530    49.195    49.148  4 55877.93973065 18.767
 133 125.154224  64.869996    49.459    49.424  5 55977.09616105 14.227
 134 125.154346  64.871901    49.432    49.546  4 55987.01179724 13.733
 135 125.154296  64.873113    49.619    49.570  5 55996.92743533 12.842
 136 125.155363  64.871999    49.318    49.256  4 56006.84308706 13.347
 137 125.157662  64.869900    49.668    49.592  5 56016.75873482 12.941
 139 125.157059  64.870094    49.791    49.833  5 56036.59002194 12.438
 141 125.152356  64.874744    47.594    47.604  4 56056.42129986 45.228
 142 125.150493  64.875882    53.918    53.924  3 56066.33693333 47.715
 143 125.150616  64.875008    52.992    52.922  3 56076.25258065 38.767
 144 125.153382  64.873766    52.413    52.383  4 56086.16823012 28.853
 145 125.150423  64.873837    51.554    51.547  4 56096.08387660 56.480
 146 125.150915  64.873663    50.618    50.601  4 56105.99952131 55.592
 147 125.147047  64.873536    51.119    51.086  3 56115.91515117 58.039
 148 125.154388  64.871727    50.041    50.090  4 56125.83078999 55.468
 149 125.154061  64.870940    52.039    52.056  5 56135.74642408 25.091
 150 125.155843  64.870342    51.454    51.657  5 56145.66206675 28.978
 151 125.155870  64.870563    49.043    49.042  4 56155.57771643 41.104
 152 125.153375  64.871660    51.706    51.700  5 56165.49336482 25.897
 153 125.155533  64.871692    50.252    50.289  4 56175.40901149 56.133
 154 125.155273  64.871513    51.277    51.544  4 56185.32465287 28.607
 155 125.153252  64.871081    50.636    50.443  5 56195.24029033 28.095
 156 125.154645  64.871005    51.468    51.610  5 56205.15592518 28.863
 157 125.152644  64.872751    48.470    48.448  5 56215.07155817 33.433
 158 125.149778  64.875242    48.404    48.417  4 56224.98719536 49.104
 159 125.150244  64.875716    47.242    47.261  4 56234.90285105 39.904
 160 125.149190  64.875415    47.635    47.639  4 56244.81850273 32.959
 161 125.151770  64.874195    48.054    48.057  4 56254.73414976 30.259
 162 125.152252  64.873944    48.035    48.057  4 56264.64979240 26.304
 165 125.153644  64.871962    48.243    48.214  4 56294.39672909 21.138
 166 125.156188  64.869679    48.314    48.302  5 56304.31237617 20.409
 167 125.157454  64.868759    48.427    48.384  6 56314.22801921 19.038
 168 125.155218  64.869965    48.447    48.362  5 56324.14365980 18.218
 169 125.153759  64.871726    48.484    48.466  5 56334.05929978 17.622
 170 125.153470  64.872412    48.625    48.596  4 56343.97493926 16.635
 171 125.153821  64.872062    48.670    48.641  4 56353.89057657 16.156
 172 125.154105  64.871001    48.715    48.699  5 56363.80622023 15.615
 173 125.153550  64.870623    48.764    48.681  5 56373.72186923 14.966
 175 125.153811  64.873009    48.712    48.708  4 56393.55315926 14.371
 176 125.150352  64.874569    49.350    49.405  4 56403.46880108 31.337
 177 125.151266  64.874857    47.743    47.619  3 56413.38444047 44.543
 178 125.150270  64.874871    47.744    47.784  4 56423.30007478 43.137
 179 125.148486  64.874830    53.741    53.760  3 56433.21571818 36.353
 180 125.153891  64.873636    52.016    51.985  5 56443.13137115 35.343
 181 125.150532  64.874215    51.130    51.063  4 56453.04702067 40.642
 182 125.153029  64.873102    51.755    51.610  5 56462.96266825 28.169
 184 125.157734  64.869170    49.903    49.363  5 56482.79395338 32.345
 185 125.157743  64.869004    51.396    51.312  5 56492.70959033 30.343
 187 125.154360  64.873371    51.558    51.433  5 56512.54085701 28.650
 188 125.152046  64.874092    50.894    50.880  4 56522.45650442 38.986
 189 125.154491  64.872373    50.762    50.537  5 56532.37215714 32.004
 191 125.156565  64.870070    51.764    51.803  5 56552.20345097 27.056
 192 125.154456  64.871968    49.214    49.135  5 56562.11909337 51.168
 193 125.151570  64.874629    48.597    48.622  4 56572.03473449 31.478
 194 125.144094  64.877154    48.117    48.117  2 56581.95037341 44.040
 195 125.149023  64.876316    47.654    47.589  4 56591.86600938 48.362
 196 125.151796  64.874193    47.311    47.283  4 56601.78165949 23.727
 197 125.153612  64.872753    47.892    47.911  4 56611.69730942 18.579
 198 125.151769  64.873607    47.933    47.801  5 56621.61295433 16.319
 199 125.150554  64.874656    47.843    47.817  4 56631.52859629 15.834
 200 125.150458  64.874611    48.528    48.521  4 56641.44423436 15.510
 201 125.155469  64.871699    48.572    48.500  5 56651.35988320 15.344
 202 125.155963  64.869124    49.199    49.268  6 56661.27553351 14.823
 203 125.156152  64.868400    49.218    49.173  6 56671.19118054 13.970
 205 125.155097  64.872584    49.165    49.130  5 56691.02246845 13.683
 206 125.153743  64.873656    49.339    49.274  5 56700.93810789 12.882
 207 125.152905  64.872710    49.922    49.727  5 56710.85374272 12.381
 208 125.156497  64.870628    49.443    49.419  5 56720.76938658 12.826
 211 125.145308  64.875933    50.328    50.328  2 56750.51632902 11.279
 212 125.143007  64.877559    47.863    47.820  3 56760.43196760 23.990
 213 125.144279  64.877039    47.513    47.513  2 56770.34760012 45.186
 214 125.150504  64.873969    47.966    47.967  4 56780.26325321 41.545
 215 125.155799  64.871689    52.016    52.014  5 56790.17890902 34.960
 216 125.154386  64.871799    52.089    52.033  4 56800.09456087 33.419
 217 125.152339  64.873072    51.949    52.067  5 56810.01020600 30.595
 219 125.156060  64.871528    51.819    51.851  4 56829.84148320 27.976
 220 125.156643  64.869760    94.620   103.606  5 56839.75711656 24.552
 221 125.157566  64.869425    49.801    49.806  5 56849.67275032 55.268
 222 125.157790  64.870393    50.827    51.402  5 56859.58840475 30.112
 223 125.154525  64.872811    49.206    49.183  4 56869.50405784 52.211
 224 125.150822  64.874009    49.182    49.158  4 56879.41970856 31.315
 225 125.153899  64.872366    49.167    49.225  5 56889.33535659 34.949
 226 125.153145  64.870587    49.983    49.109  5 56899.25100156 29.129
 227 125.154646  64.870200    49.456    49.493  5 56909.16664439 48.331
 228 125.153652  64.872311    48.927    48.980  5 56919.08228504 52.076
 229 125.151230  64.875394    49.717    49.758  3 56928.99792345 40.861
 230 125.147300  64.877401    48.667    48.693  3 56938.91355737 37.199
 231 125.148912  64.876627    47.904    47.815  3 56948.82919253 49.092
 232 125.153688  64.873495    47.040    46.976  4 56958.74484605 45.011
 233 125.154461  64.871928    47.885    47.964  5 56968.66049387 22.160
 234 125.155008  64.872148    48.475    48.409  4 56978.57613759 19.728
 235 125.152337  64.873655    48.773    48.768  4 56988.49177644 17.784
 236 125.152588  64.874186    48.899    48.795  3 56998.40740944 17.273
 237 125.155561  64.872288    49.067    49.046  5 57008.32305944 16.588
 238 125.153265  64.870465    48.902    48.984  5 57018.23871238 15.657
 239 125.155648  64.869292    49.063    49.085  6 57028.15436252 15.495
 240 125.154293  64.870576    49.385    49.442  5 57038.07001048 14.721
 241 125.154103  64.872350    49.139    49.181  5 57047.98565605 14.232
 242 125.153314  64.873606    49.201    49.272  4 57057.90129781 14.295
 243 125.153172  64.873329    49.296    49.350  4 57067.81693413 14.008
 244 125.154308  64.872749    49.221    49.298  4 57077.73256625 13.661
 245 125.152791  64.873400    49.463    49.449  4 57087.64819885 13.173
 246 125.149539  64.874668    49.724    49.783  4 57097.56385708 13.016
 247 125.151193  64.875645    51.048    51.259  3 57107.47951286 12.992
 248 125.149238  64.876292    50.649    50.577  3 57117.39516336 12.204
 249 125.150692  64.875055    49.980    49.991  4 57127.31080812 16.834
 250 125.154118  64.873149    49.429    49.413  4 57137.22644769 31.492
