# NaN NaN NaN ;Mean Elev.(m), Avg Gradient(m/km), RMS Gradient(m/km) - SRTM1     
#   16.353  -4.590   5.588 ;Mean Elev.(m), Avg Gradient(m/km), RMS Gradient(m/km) - ASTER GDEM
#   21.137  -5.028   7.975 ;Mean Elev.(m), Avg Gradient(m/km), RMS Gradient(m/km) - GMTED2010 
   1 123.939248  66.060479    38.029    37.883  7 54662.21723158 27.423
   2 123.954599  66.061565    36.921    36.951 11 54672.13287814 54.537
   3 123.953786  66.062634    -1.865    -2.400 11 54682.04852176 12.647
   4 123.957918  66.063389    37.833    37.712 10 54691.96416462 26.277
   5 123.956253  66.062844     1.347     1.635 10 54701.87980453 11.272
   6 123.951467  66.061076    38.617    38.644 11 54711.79545178 19.642
   7 123.948342  66.059521    13.510    13.511 12 54721.71110252 13.888
   8 123.950188  66.058817    39.400    39.258 12 54731.62675118 30.725
   9 123.949571  66.059297    37.566    37.539 12 54741.54239802 43.882
  10 123.948348  66.059816    36.680    36.682 12 54751.45804472 28.324
  11 123.950694  66.059909    35.774    35.777 11 54761.37369154 51.248
  12 123.948242  66.058883    34.799    34.782 12 54771.28933551 43.293
  13 123.949170  66.058020    35.560    35.562 12 54781.20497664 26.364
  14 123.935308  66.057158    35.700    35.400 15 54791.12061385 23.105
  17 123.950980  66.060263    35.839    35.864 11 54820.86753033 17.513
  18 123.950537  66.060306    36.026    36.009 12 54830.78318249 16.000
  19 123.949705  66.060589    35.909    35.857 12 54840.69882113 15.747
  20 123.951262  66.061681    35.760    35.784 11 54850.61447026 15.194
  21 123.956124  66.063265    35.660    35.540 11 54860.53011929 14.619
  22 123.959399  66.064105    35.628    35.467 11 54870.44576827 14.470
  23 123.955892  66.062888    35.456    35.320 11 54880.36141528 14.405
  24 123.950441  66.060331    35.661    35.595 12 54890.27705888 14.185
  25 123.946111  66.058177    35.884    35.790 12 54900.19269953 13.369
  26 123.947515  66.058308    35.968    35.902 12 54910.10833865 13.611
  27 123.950574  66.059807    36.051    36.051 11 54920.02397671 13.392
  28 123.948567  66.060577    36.150    36.097 12 54929.93961388 12.559
  29 123.950408  66.059686    36.028    36.026 11 54939.85525031 11.994
  30 123.938118  66.057425    34.816    34.475 14 54949.77088379 44.488
  31 123.940840  66.056368    37.209    36.951 14 54959.68652264 29.077
  32 123.939427  66.057097    39.196    39.193 14 54969.60217110 44.970
  33 123.948797  66.059091    41.939    42.015 11 54979.51781941 33.793
  34 123.950850  66.060454    69.319    67.623 11 54989.43346689 41.024
  35 123.949837  66.060532    40.397    40.531 11 54999.34911409 25.462
  36 123.949391  66.060397    39.733    39.768 11 55009.26475956 36.469
  37 123.949079  66.060473    39.546    39.687 12 55019.18040329 22.380
  38 123.952757  66.061711    37.698    37.606 11 55029.09604608 23.245
  39 123.956670  66.063161    37.511    37.613 10 55039.01168832 25.323
  40 123.959815  66.063758    36.342    36.236 10 55048.92732921 31.234
  41 123.951874  66.062026    37.794    37.822 11 55058.84296698 26.428
  42 123.948376  66.059305    37.130    37.175 11 55068.75860573 24.589
  43 123.940031  66.057082    38.636    38.643 14 55078.67425477 23.145
  44 123.942162  66.057325    36.601    36.620 14 55088.58990263 50.170
  45 123.948801  66.059275    37.576    37.433 11 55098.50554950 27.321
  46 123.951091  66.060838    37.636    37.385 11 55108.42119548 27.183
  47 123.949307  66.060261    36.538    36.685 12 55118.33684004 39.866
  48 123.946091  66.058043    36.377    36.411 12 55128.25248208 50.698
  49 123.937638  66.056048    35.181    34.823 14 55138.16812151 45.726
  50 123.936014  66.056401    35.754    35.663 15 55148.08376000 33.840
  51 123.949489  66.059051    35.108    35.068 11 55157.99939932 28.249
  52 123.951652  66.060980    35.259    35.297 11 55167.91503742 25.181
  53 123.953833  66.061452    35.411    35.445 11 55177.83067484 23.847
  54 123.950887  66.060443    35.510    35.506 11 55187.74631892 23.013
  55 123.950618  66.060219    35.474    35.494 11 55197.66196971 22.583
  56 123.950284  66.061286    35.404    35.356 11 55207.57761947 21.163
  57 123.958654  66.063192    35.185    35.177 11 55217.49326948 20.431
  58 123.958469  66.063571    34.925    34.736 10 55227.40891802 19.397
  59 123.951622  66.061765    35.090    35.263 11 55237.32456312 18.548
  60 123.946576  66.058833    36.035    36.133 12 55247.24020489 17.752
  61 123.939434  66.056680    36.811    36.475 14 55257.15584395 17.194
  62 123.935403  66.056913    37.031    36.552 15 55267.07148239 16.166
  63 123.949124  66.059354    36.146    36.160 11 55276.98712190 15.410
  64 123.948777  66.060515    36.283    36.129 12 55286.90275900 14.972
  65 123.950675  66.059842    36.166    36.060 12 55296.81839400 14.736
  66 123.939105  66.057285    37.409    36.747 14 55306.73403375 19.984
  67 123.941596  66.056009    35.224    35.402 14 55316.64968065 24.661
  68 123.939435  66.056623    35.381    34.495 13 55326.56532591 38.073
  69 123.948811  66.059145    35.791    35.806 11 55336.48097123 39.695
  70 123.952075  66.061184    42.209    42.252 11 55346.39661553 36.649
  71 123.952069  66.061637    40.088    40.245 11 55356.31225818 23.483
  72 123.950543  66.061137    39.019    38.997 11 55366.22789866 30.098
  73 123.951119  66.060687    38.655    38.643 11 55376.14353785 55.432
  74 123.950753  66.061081    38.167    37.649 12 55386.05917600 25.607
  75 123.951501  66.061852    39.034    38.892 11 55395.97481336 22.571
  76 123.956569  66.062254    37.211    37.209 11 55405.89045476 30.990
  77 123.952500  66.061008    36.664    36.734 12 55415.80610569 37.491
  78 123.949163  66.058692    37.493    37.485 11 55425.72175340 51.126
  79 123.942472  66.056820    36.820    36.389 14 55435.63739816 36.284
  80 123.940266  66.056945    37.775    37.311 13 55445.55304202 31.616
  81 123.949079  66.058814    36.998    37.141 11 55455.46868612 30.823
  82 123.950869  66.060335    37.177    36.921 12 55465.38432886 29.942
  83 123.948513  66.059907    35.868    35.870 12 55475.29996828 53.553
  84 123.945927  66.057990    34.996    34.984 12 55485.21560456 45.520
  85 123.935583  66.055990    34.321    34.301 15 55495.13123802 41.933
  86 123.942382  66.056724    35.026    34.999 14 55505.04687221 28.383
  87 123.947898  66.059080    34.476    34.440 12 55514.96252326 21.746
  88 123.952669  66.061305    34.836    34.824 12 55524.87817334 18.475
  89 123.956054  66.062114    35.035    35.024 11 55534.79382137 17.421
  90 123.953979  66.061567    34.912    34.886 11 55544.70946691 16.123
  91 123.950487  66.061105    34.918    34.741 12 55554.62511043 15.424
  92 123.952472  66.061578    34.948    34.900 12 55564.54075350 14.467
  93 123.956222  66.062097    35.232    35.216 11 55574.45639613 13.378
  94 123.950200  66.061256    35.287    35.072 11 55584.37203633 13.151
  95 123.949702  66.059681    35.670    35.621 12 55594.28767363 12.460
  96 123.949401  66.058009    35.894    35.892 12 55604.20330762 12.334
  97 123.937915  66.056860    36.841    36.153 14 55614.11893851 12.018
  98 123.938750  66.057348    36.809    36.262 14 55624.03457673 11.681
  99 123.948034  66.058738    35.999    35.896 12 55633.95023023 11.535
 100 123.947004  66.059161    36.291    36.226 12 55643.86588051 10.933
 101 123.949842  66.058918    36.284    36.169 12 55653.78152830 10.952
 102 123.951267  66.057945    36.621    36.538 11 55663.69717150 10.459
 103 123.940421  66.057163    35.503    35.074 13 55673.61281062 28.377
 104 123.947760  66.058052    38.199    37.555 12 55683.52844992 27.304
 105 123.950027  66.059563    35.447    35.215 12 55693.44408744 37.786
 106 123.950990  66.060856    43.013    43.027 11 55703.35972336 54.155
 107 123.951466  66.061399    38.676    38.607 10 55713.27536806 55.492
 108 123.954802  66.061540    39.669    39.717 11 55723.19101764 21.005
 109 123.952370  66.061551    39.452    39.443 12 55733.10666471 52.443
 110 123.952159  66.061735    37.519    37.533 11 55743.02231072 28.201
 111 123.952000  66.061564    37.454    37.449 11 55752.93795537 28.814
 112 123.952024  66.060503    36.835    36.861 12 55762.85359773 53.310
 113 123.948113  66.058899    36.156    36.045 12 55772.76923691 39.889
 114 123.935339  66.057128    37.023    36.815 15 55782.68487180 41.066
 115 123.940550  66.057329    38.244    37.977 14 55792.60050581 44.944
 116 123.948003  66.058371    37.307    37.286 11 55802.51614074 26.698
 117 123.949283  66.059240    37.162    36.894 12 55812.43179086 29.688
 118 123.950135  66.059140    37.954    37.402 12 55822.34743926 26.418
 119 123.948331  66.058231    38.026    38.107 12 55832.26308260 24.476
 120 123.940022  66.057182    36.681    36.566 14 55842.17872089 35.990
 121 123.940821  66.057427    35.537    35.520 14 55852.09435695 47.776
 122 123.947601  66.059026    35.168    35.192 12 55862.00999143 46.973
 123 123.952353  66.060679    35.722    35.718 12 55871.92564645 26.806
 133 123.949447  66.058094    36.528    36.406 12 55971.08208505 12.086
 134 123.949058  66.059546    36.602    36.617 11 55980.99772117 12.084
 135 123.948219  66.059701    36.492    36.500 12 55990.91335606 11.597
 136 123.946741  66.058765    36.478    36.499 12 56000.82900123 11.001
 137 123.935500  66.057078    37.857    37.620 15 56010.74465055 11.976
 138 123.940301  66.057064    37.486    36.996 14 56020.66029746 11.580
 139 123.947390  66.058477    36.753    36.769 11 56030.57594165 10.467
 141 123.954786  66.061701    37.473    37.620 11 56050.40722334  6.856
 142 123.955576  66.061854    35.770    35.698 11 56060.32286014 43.816
 143 123.950153  66.060831    44.086    44.080 11 56070.23849614 52.691
 144 123.951241  66.060743    41.538    41.507 12 56080.15414713 28.633
 145 123.950887  66.061360    39.858    39.797 11 56090.06979528 28.258
 146 123.955969  66.062438    39.896    40.011 11 56099.98544148 22.026
 147 123.953778  66.061932    39.576    39.879 11 56109.90107291 20.802
 148 123.947725  66.059725    39.482    39.477 12 56119.81671247 45.927
 149 123.942209  66.057165    38.151    37.629 14 56129.73234841 26.725
 150 123.940893  66.056165    38.625    38.589 14 56139.64798160 26.201
 151 123.939940  66.057639    39.061    39.052 14 56149.56363145 55.629
 152 123.951547  66.060146    37.403    37.121 12 56159.47928164 29.578
 153 123.950969  66.060832    38.152    38.165 12 56169.39492933 35.451
 154 123.950959  66.059488    38.667    38.661 12 56179.31057364 52.707
 155 123.942987  66.057421    37.890    37.655 14 56189.22621298 29.026
 156 123.935043  66.056650    38.476    38.452 15 56199.14184918 27.580
 157 123.949569  66.058773    37.376    37.043 12 56209.05748478 25.548
 158 123.950811  66.061114    36.096    36.046 12 56218.97311742 43.543
 159 123.956161  66.062743    35.115    35.093 11 56228.88876487 47.473
 160 123.954484  66.062269    35.405    35.417 11 56238.80441851 32.693
 161 123.951972  66.061172    34.750    34.724 11 56248.72006820 29.140
 162 123.948668  66.060417    35.350    35.334 12 56258.63571293 28.473
 163 123.952133  66.061225    35.357    35.355 11 56268.55135531 27.493
 164 123.954241  66.061981    35.411    35.444 11 56278.46699586 23.934
 165 123.952658  66.061872    35.616    35.469 11 56288.38264513 20.185
 166 123.950369  66.059881    35.460    35.381 12 56298.29829373 18.537
 167 123.938088  66.057192    36.198    35.961 14 56308.21393748 18.480
 168 123.935691  66.056207    36.381    35.982 15 56318.12957957 16.390
 169 123.946850  66.058103    35.900    35.973 12 56328.04522167 15.600
 170 123.950428  66.060269    36.264    36.172 11 56337.96086210 14.619
 171 123.951328  66.061067    36.394    36.482 12 56347.87650041 12.929
 172 123.951350  66.059709    36.413    36.251 12 56357.79213586 12.644
 173 123.942717  66.057633    37.130    36.747 14 56367.70778442 12.526
 176 123.953024  66.062070    36.626    36.505 11 56397.45472267 11.240
 177 123.959398  66.063615    37.091    37.396 11 56407.37036443 20.318
 178 123.957227  66.062983    34.292    33.907 10 56417.28600150 46.755
 179 123.951057  66.061115    35.362    35.346 11 56427.20163349 44.958
 180 123.951221  66.060361    41.667    41.720 12 56437.11728563 28.652
 181 123.950539  66.060776    40.691    40.677 12 56447.03293712 56.819
 182 123.951924  66.061809    40.058    40.250 11 56456.94858655 21.247
 183 123.952640  66.061660    39.650    39.630 12 56466.86423269 24.947
 184 123.950599  66.060021    37.604    37.539 11 56476.77987456 27.441
 185 123.940083  66.057521    37.787    37.327 14 56486.69551199 31.414
 187 123.946386  66.058000    39.884    39.893 12 56506.52678268 23.933
 188 123.949950  66.059953    39.847    39.832 11 56516.44241775 33.586
 189 123.952128  66.060906    38.808    38.743 11 56526.35807252 22.056
 190 123.950404  66.060123    38.975    39.270 11 56536.27372276 21.089
 192 123.948726  66.058487    37.452    37.238 12 56556.10501309 27.639
 193 123.949674  66.059963    36.962    36.821 12 56566.02065592 30.285
 194 123.953252  66.062245    36.424    36.434 11 56575.93629764 42.755
 195 123.958743  66.063559    35.338    35.269 10 56585.85193631 45.686
 196 123.956081  66.062922    34.249    34.249 10 56595.76757389 47.446
 197 123.951442  66.061562    34.423    34.328 11 56605.68322586 33.789
 198 123.949810  66.060616    35.338    35.320 12 56615.59887328 24.209
 199 123.951399  66.060680    35.254    35.249 12 56625.51451738 17.317
 200 123.949999  66.060893    35.248    35.257 12 56635.43015846 17.677
 201 123.950416  66.060691    35.355    35.313 11 56645.34579716 17.621
 202 123.947974  66.059626    35.751    35.576 12 56655.26144952 14.174
 203 123.947750  66.058233    35.702    35.603 11 56665.17709778 14.136
 205 123.948537  66.058707    35.488    35.508 11 56685.00838802 14.840
 206 123.950287  66.060096    35.020    34.965 11 56694.92403071 14.505
 207 123.948832  66.060613    35.806    35.870 12 56704.83966863 12.928
 208 123.950833  66.059986    36.292    36.267 12 56714.75530140 11.505
 210 123.950169  66.059565    36.515    36.350 11 56734.58660285 11.106
 211 123.950452  66.061156    36.418    36.425 11 56744.50224958 11.111
 212 123.957130  66.062906    36.615    36.657 11 56754.41789262 10.738
 213 123.958664  66.063355    35.843    36.253 10 56764.33352966 32.970
 214 123.954399  66.062389    37.745    37.471 11 56774.24916517 29.171
 215 123.953801  66.061678    34.869    34.861 11 56784.16482222 40.613
 216 123.952144  66.061345    41.197    41.203 11 56794.08047553 44.818
 217 123.953936  66.061484    40.780    40.808 11 56803.99612584 54.467
 218 123.951978  66.061124    40.004    40.042 11 56813.91176838 56.006
 219 123.949848  66.060140    39.255    38.937 12 56823.82740739 26.135
 220 123.975661  66.059954    39.953    39.833  4 56833.74304492 13.081
 221 123.948613  66.058398    38.093    37.846 12 56843.65867418 25.969
 222 123.949664  66.058812    37.371    37.465 12 56853.57431673 36.489
 223 123.949198  66.059619    37.316    37.461 11 56863.48997063 27.355
 224 123.951174  66.060296    36.728    36.384 11 56873.40562418 29.397
 225 123.948822  66.060256    37.211    36.552 12 56883.32127417 28.426
 226 123.949174  66.060087    37.046    36.811 12 56893.23692099 44.905
 227 123.951410  66.060226    37.201    37.253 12 56903.15256482 26.075
 228 123.951304  66.061206    37.145    37.180 12 56913.06820649 52.698
 229 123.957087  66.062501    36.765    36.740 11 56922.98384702 27.674
 230 123.957177  66.063191    37.468    37.358 10 56932.89948463 25.543
 231 123.955883  66.062762    36.013    35.996 11 56942.81511682 55.221
 232 123.955995  66.061886    34.927    34.940 11 56952.73076155 49.743
 233 123.950563  66.061081    33.815    33.832 11 56962.64641170 46.416
 234 123.952365  66.061223    34.261    34.234 11 56972.56205766 30.089
 235 123.953973  66.061484    34.922    34.935 11 56982.47769941 25.552
 236 123.950961  66.060851    35.123    35.117 12 56992.39333615 19.857
 237 123.950679  66.059358    34.966    34.972 12 57002.30897033 20.876
 238 123.945622  66.058136    35.041    35.043 12 57012.22462699 19.315
 239 123.947307  66.058027    35.061    35.073 11 57022.14027859 17.742
 240 123.950851  66.059391    35.038    34.920 12 57032.05592761 16.875
 241 123.949839  66.060532    34.972    35.015 11 57041.97157414 15.439
 242 123.949537  66.060857    34.979    34.820 11 57051.88721858 15.205
 243 123.949789  66.060023    35.239    35.198 11 57061.80285876 14.661
 244 123.948527  66.059298    35.513    35.570 11 57071.71849341 13.823
 245 123.949431  66.059762    35.336    35.219 11 57081.63412410 13.319
 246 123.955160  66.061695    35.738    35.611 11 57091.54976864 13.253
 247 123.957628  66.063590    36.395    36.309 10 57101.46542634 11.955
 248 123.958016  66.063907    36.396    36.305 10 57111.38108049 12.047
 249 123.952838  66.062425    36.222    36.273 11 57121.29672832 12.114
 250 123.952031  66.060834    37.133    37.133 11 57131.21237088 16.880
