# NaN NaN NaN ;Mean Elev.(m), Avg Gradient(m/km), RMS Gradient(m/km) - SRTM1     
#   29.693  -8.014  12.954 ;Mean Elev.(m), Avg Gradient(m/km), RMS Gradient(m/km) - ASTER GDEM
#   25.779  -6.418  13.440 ;Mean Elev.(m), Avg Gradient(m/km), RMS Gradient(m/km) - GMTED2010 
   3   -46.180 54681.11347312  4.79 124.239105  65.343574  1.999 -100.00 -100.00 -100.00
   3   -43.447 54681.11347371  5.11 124.245187  65.342907  2.049 -100.00 -100.00 -100.00
   3   -40.733 54681.11347430  5.24 124.251268  65.342239  1.987 -100.00 -100.00 -100.00
   5   -41.437 54700.94475629 11.39 124.240657  65.344781  2.841 -100.00 -100.00 -100.00
   5   -38.930 54700.94475688 11.85 124.246739  65.344114  2.837 -100.00 -100.00 -100.00
   5   -36.499 54700.94475747 12.83 124.252820  65.343446  3.521 -100.00 -100.00 -100.00
   7   -18.424 54720.77605395  8.06 124.238047  65.341914  2.509 -100.00 -100.00 -100.00
   7   -17.050 54720.77605454 10.03 124.244128  65.341247  3.059 -100.00 -100.00 -100.00
   7   -15.678 54720.77605513  9.07 124.250208  65.340580  2.726 -100.00 -100.00 -100.00
   8    94.463 54730.69170244 26.74 124.235984  65.340410 15.063 -100.00 -100.00 -100.00
   8    94.116 54730.69170303 29.06 124.242065  65.339743 27.267 -100.00 -100.00 -100.00
   8    92.245 54730.69170362 22.20 124.248145  65.339076   -100 -100.00 -100.00 -100.00
   9    90.903 54740.60734960 22.60 124.237978  65.339787 11.543 -100.00 -100.00 -100.00
   9    90.817 54740.60735019 26.51 124.244058  65.339119 19.486 -100.00 -100.00 -100.00
   9    90.144 54740.60735078 18.79 124.250138  65.338452   -100 -100.00 -100.00 -100.00
  10    46.886 54750.52299649 23.12 124.237836  65.340113  9.301 -100.00 -100.00 -100.00
  10    47.038 54750.52299708 21.78 124.243916  65.339445  7.489 -100.00 -100.00 -100.00
  10    47.096 54750.52299767 26.15 124.249997  65.338778 12.994 -100.00 -100.00 -100.00
  11    42.919 54760.43864326 42.08 124.238427  65.340381 20.385 -100.00 -100.00 -100.00
  11    42.718 54760.43864385 48.27 124.244508  65.339714 31.962 -100.00 -100.00 -100.00
  11    42.455 54760.43864444 46.39 124.250589  65.339046   -100 -100.00 -100.00 -100.00
  12    42.225 54770.35428721 37.73 124.234086  65.340559 24.202 -100.00 -100.00 -100.00
  12    42.193 54770.35428780 39.40 124.240167  65.339892 24.145 -100.00 -100.00 -100.00
  12    42.506 54770.35428839 41.99 124.246249  65.339224 25.272 -100.00 -100.00 -100.00
  13    42.784 54780.26992828 21.27 124.233511  65.340024  4.576 -100.00 -100.00 -100.00
  13    42.948 54780.26992887 23.78 124.239592  65.339357  6.428 -100.00 -100.00 -100.00
  13    42.173 54780.26992946 30.93 124.245673  65.338690 18.611 -100.00 -100.00 -100.00
  14    43.993 54790.18556671 19.18 124.231862  65.339668  4.356 -100.00 -100.00 -100.00
  14    43.446 54790.18556730 19.12 124.237944  65.339001  4.140 -100.00 -100.00 -100.00
  14    43.227 54790.18556789 19.51 124.244025  65.338334  4.297 -100.00 -100.00 -100.00
  15    43.289 54800.10120476 19.07 124.237800  65.339517  4.344 -100.00 -100.00 -100.00
  15    45.517 54800.10120535 19.22 124.243882  65.338850  4.356 -100.00 -100.00 -100.00
  15    45.340 54800.10120594 18.93 124.249963  65.338182  4.071 -100.00 -100.00 -100.00
  17    46.908 54819.93248120 17.57 124.238779  65.342065  3.530 -100.00 -100.00 -100.00
  17    45.814 54819.93248179 17.42 124.244861  65.341398  3.887 -100.00 -100.00 -100.00
  17    42.963 54819.93248238 17.56 124.250942  65.340731  4.082 -100.00 -100.00 -100.00
  18    45.490 54829.84813362 16.94 124.239910  65.342190  4.089 -100.00 -100.00 -100.00
  18    43.017 54829.84813421 17.26 124.245992  65.341523  3.951 -100.00 -100.00 -100.00
  18    45.641 54829.84813480 17.10 124.252073  65.340856  4.014 -100.00 -100.00 -100.00
  19    43.337 54839.76377226 16.10 124.238114  65.342339  3.387 -100.00 -100.00 -100.00
  19    42.745 54839.76377285 16.75 124.244196  65.341672  3.854 -100.00 -100.00 -100.00
  19    42.543 54839.76377344 16.68 124.250277  65.341005  4.549 -100.00 -100.00 -100.00
  20    46.519 54849.67942137 15.60 124.238822  65.342491  3.689 -100.00 -100.00 -100.00
  20    43.063 54849.67942196 16.02 124.244904  65.341823  3.983 -100.00 -100.00 -100.00
  20    45.320 54849.67942255 16.26 124.250985  65.341156  4.083 -100.00 -100.00 -100.00
  21    45.942 54859.59506973 14.98 124.237173  65.343417  3.616 -100.00 -100.00 -100.00
  21    43.015 54859.59507032 15.40 124.243255  65.342750  4.109 -100.00 -100.00 -100.00
  21    42.891 54859.59507091 15.18 124.249336  65.342082  3.895 -100.00 -100.00 -100.00
  22    43.143 54869.51071862 15.92 124.239667  65.343726  4.636 -100.00 -100.00 -100.00
  22    46.177 54869.51071921 15.23 124.245749  65.343058  3.490 -100.00 -100.00 -100.00
  22    42.921 54869.51071980 15.14 124.251830  65.342390  3.537 -100.00 -100.00 -100.00
  23    43.912 54879.42636603 14.81 124.237238  65.343279  3.801 -100.00 -100.00 -100.00
  23    44.103 54879.42636662 14.49 124.243320  65.342612  3.738 -100.00 -100.00 -100.00
  23    43.693 54879.42636721 14.65 124.249401  65.341944  3.467 -100.00 -100.00 -100.00
  24    46.519 54889.34201060 13.93 124.237285  65.341466  3.031 -100.00 -100.00 -100.00
  24    43.875 54889.34201119 14.16 124.243366  65.340799  3.525 -100.00 -100.00 -100.00
  24    45.323 54889.34201178 14.21 124.249448  65.340131  3.806 -100.00 -100.00 -100.00
  25    46.670 54899.25765173 14.02 124.234426  65.339815  5.373 -100.00 -100.00 -100.00
  25    43.970 54899.25765232 13.87 124.240507  65.339148  4.393 -100.00 -100.00 -100.00
  25    43.461 54899.25765291 13.98 124.246588  65.338481  5.281 -100.00 -100.00 -100.00
  26    46.816 54909.17329097 13.74 124.236640  65.339168  3.160 -100.00 -100.00 -100.00
  26    43.608 54909.17329156 13.86 124.242721  65.338500  3.116 -100.00 -100.00 -100.00
  26    43.498 54909.17329215 13.95 124.248802  65.337833  2.993 -100.00 -100.00 -100.00
  27    43.581 54919.08892856 13.52 124.235471  65.340317  3.635 -100.00 -100.00 -100.00
  27    43.582 54919.08892915 13.54 124.241552  65.339650  3.647 -100.00 -100.00 -100.00
  27    43.763 54919.08892974 14.16 124.247633  65.338982  4.304 -100.00 -100.00 -100.00
  28    46.266 54929.00456591 13.54 124.234379  65.341479  4.090 -100.00 -100.00 -100.00
  28    44.069 54929.00456651 12.95 124.240460  65.340812  2.970 -100.00 -100.00 -100.00
  28    43.792 54929.00456710 13.37 124.246541  65.340145  3.345 -100.00 -100.00 -100.00
  31    84.347 54958.75147476  1.96 124.234162  65.339753  3.501 -100.00 -100.00 -100.00
  31    82.980 54958.75147535  1.73 124.240242  65.339087  5.257 -100.00 -100.00 -100.00
  31   100.964 54958.75147594  8.35 124.246322  65.338420  6.490 -100.00 -100.00 -100.00
  32    94.938 54968.66712315  9.47 124.232762  65.340106  9.645 -100.00 -100.00 -100.00
  32    91.784 54968.66712374  0.75 124.238843  65.339439  4.830 -100.00 -100.00 -100.00
  32    95.499 54968.66712433  0.46 124.244923  65.338772  4.595 -100.00 -100.00 -100.00
  33    95.451 54978.58277075 24.88 124.235591  65.340899 24.760 -100.00 -100.00 -100.00
  33    94.991 54978.58277135 29.39 124.241672  65.340232 26.097 -100.00 -100.00 -100.00
  33    93.602 54978.58277194 30.04 124.247752  65.339565 26.508 -100.00 -100.00 -100.00
  34    47.179 54988.49841825 28.91 124.237788  65.341594 25.600 -100.00 -100.00 -100.00
  34    47.015 54988.49841884 27.73 124.243868  65.340927   -100 -100.00 -100.00 -100.00
  34    47.509 54988.49841943 31.39 124.249949  65.340260   -100 -100.00 -100.00 -100.00
  36    93.602 55008.32971108 25.75 124.234686  65.342080 12.780 -100.00 -100.00 -100.00
  36    95.187 55008.32971167 27.75 124.240768  65.341413 13.452 -100.00 -100.00 -100.00
  36    94.657 55008.32971226 24.16 124.246849  65.340745   -100 -100.00 -100.00 -100.00
  37    94.930 55018.24535520 23.78 124.238371  65.341932 10.643 -100.00 -100.00 -100.00
  37    94.616 55018.24535579 27.99 124.244452  65.341264 14.605 -100.00 -100.00 -100.00
  37    92.215 55018.24535638 22.22 124.250533  65.340597 28.107 -100.00 -100.00 -100.00
  47    94.315 55117.40179163  7.28 124.236160  65.341035  6.090 -100.00 -100.00 -100.00
  47   112.652 55117.40179222  2.70 124.242241  65.340368  5.272 -100.00 -100.00 -100.00
  48    43.821 55127.31743430 45.48 124.235320  65.339428 18.347 -100.00 -100.00 -100.00
  48    43.790 55127.31743489 46.91 124.241401  65.338761 26.451 -100.00 -100.00 -100.00
  48    43.726 55127.31743548 46.26 124.247482  65.338093 26.620 -100.00 -100.00 -100.00
  49    91.280 55137.23307439 17.38 124.231213  65.338556  8.212 -100.00 -100.00 -100.00
  49    87.135 55137.23307498 20.84 124.237294  65.337889 13.286 -100.00 -100.00 -100.00
  49    86.894 55137.23307557 25.97 124.243375  65.337222   -100 -100.00 -100.00 -100.00
  49    89.845 55137.23307734 22.92 124.261616  65.335218 14.336 -100.00 -100.00 -100.00
  49    91.443 55137.23307793 17.27 124.267695  65.334550 11.467 -100.00 -100.00 -100.00
  50    44.767 55147.14871305 32.89 124.232161  65.338907 14.464 -100.00 -100.00 -100.00
  50    43.517 55147.14871364 34.39 124.238242  65.338240 18.119 -100.00 -100.00 -100.00
  50    41.266 55147.14871423 38.22 124.244323  65.337572 19.871 -100.00 -100.00 -100.00
  50    41.377 55147.14871600 38.90 124.262564  65.335569 30.044 -100.00 -100.00 -100.00
  50    40.716 55147.14871659 34.99 124.268644  65.334901 24.119 -100.00 -100.00 -100.00
  51    45.601 55157.06435136 26.68 124.237062  65.340525  8.317 -100.00 -100.00 -100.00
  51    42.285 55157.06435195 29.84 124.243144  65.339858 12.805 -100.00 -100.00 -100.00
  51    41.856 55157.06435254 34.18 124.249225  65.339191 21.156 -100.00 -100.00 -100.00
  52    42.194 55166.97998903 27.09 124.235581  65.342590 11.430 -100.00 -100.00 -100.00
  52    42.192 55166.97998962 27.58 124.241663  65.341923 11.410 -100.00 -100.00 -100.00
  52    42.170 55166.97999021 27.14 124.247744  65.341256 11.481 -100.00 -100.00 -100.00
  53    42.285 55176.89562687 22.95 124.239350  65.342970  5.952 -100.00 -100.00 -100.00
  53    42.404 55176.89562746 23.24 124.245432  65.342303  6.246 -100.00 -100.00 -100.00
  53    42.228 55176.89562805 24.60 124.251514  65.341636  9.314 -100.00 -100.00 -100.00
  54    42.869 55186.81126981 21.98 124.237218  65.342507  5.254 -100.00 -100.00 -100.00
  54    42.297 55186.81127040 22.05 124.243299  65.341840  6.347 -100.00 -100.00 -100.00
  54    42.442 55186.81127099 21.82 124.249380  65.341173  5.305 -100.00 -100.00 -100.00
  55    42.821 55196.72692059 21.73 124.234831  65.342204  5.749 -100.00 -100.00 -100.00
  55    42.634 55196.72692118 20.95 124.240913  65.341537  4.601 -100.00 -100.00 -100.00
  55    42.361 55196.72692177 22.34 124.246994  65.340870  6.634 -100.00 -100.00 -100.00
  56    42.333 55206.64257061 21.08 124.237654  65.342533  6.311 -100.00 -100.00 -100.00
  56    42.334 55206.64257120 20.63 124.243735  65.341865  4.648 -100.00 -100.00 -100.00
  56    43.374 55206.64257179 20.30 124.249816  65.341198  5.168 -100.00 -100.00 -100.00
  57    44.322 55216.55821974 20.09 124.238150  65.343864  5.602 -100.00 -100.00 -100.00
  57    43.942 55216.55822033 19.51 124.244232  65.343197  4.769 -100.00 -100.00 -100.00
  57    42.389 55216.55822093 19.93 124.250313  65.342530  5.221 -100.00 -100.00 -100.00
  58    43.115 55226.47386812 18.58 124.236581  65.344353  4.721 -100.00 -100.00 -100.00
  58    42.690 55226.47386871 18.44 124.242663  65.343686  4.825 -100.00 -100.00 -100.00
  58    41.924 55226.47386930 19.19 124.248745  65.343018  5.638 -100.00 -100.00 -100.00
  59    42.048 55236.38951418 18.66 124.235675  65.342778  5.764 -100.00 -100.00 -100.00
  59    42.517 55236.38951477 17.54 124.241756  65.342111  3.981 -100.00 -100.00 -100.00
  59    41.696 55236.38951536 18.85 124.247838  65.341444  6.026 -100.00 -100.00 -100.00
  60    44.009 55246.30515695 16.94 124.235170  65.340034  4.145 -100.00 -100.00 -100.00
  60    42.855 55246.30515754 17.96 124.241251  65.339367  6.052 -100.00 -100.00 -100.00
  60    42.266 55246.30515813 17.08 124.247332  65.338699  4.389 -100.00 -100.00 -100.00
  61    43.041 55256.22079710 17.09 124.235170  65.337963  5.117 -100.00 -100.00 -100.00
  61    46.235 55256.22079769 16.30 124.241250  65.337296  3.539 -100.00 -100.00 -100.00
  61    46.126 55256.22079828 16.83 124.247331  65.336628  4.534 -100.00 -100.00 -100.00
  61    44.904 55256.22080005 17.70 124.265570  65.334624  5.273 -100.00 -100.00 -100.00
  62    43.348 55266.13643610 16.52 124.236739  65.338201  4.981 -100.00 -100.00 -100.00
  62    42.796 55266.13643669 16.35 124.242820  65.337533  4.221 -100.00 -100.00 -100.00
  62    43.687 55266.13643728 16.51 124.248900  65.336866  4.119 -100.00 -100.00 -100.00
  62    44.593 55266.13643905 16.27 124.267139  65.334861  4.117  236.86  230.33  217.59
  63    43.297 55276.05207420 16.06 124.237302  65.340365  4.036 -100.00 -100.00 -100.00
  63    43.257 55276.05207479 15.86 124.243383  65.339697  3.820 -100.00 -100.00 -100.00
  63    43.423 55276.05207538 16.20 124.249463  65.339030  4.473 -100.00 -100.00 -100.00
  64    43.512 55285.96771142 15.41 124.238164  65.341894  3.763 -100.00 -100.00 -100.00
  64    43.131 55285.96771201 15.76 124.244246  65.341226  4.100 -100.00 -100.00 -100.00
  64    43.435 55285.96771260 15.96 124.250326  65.340559  4.558 -100.00 -100.00 -100.00
  65    43.869 55295.88334630 15.11 124.234910  65.341884  3.417 -100.00 -100.00 -100.00
  65    43.002 55295.88334689 15.31 124.240991  65.341217  3.744 -100.00 -100.00 -100.00
  65    42.960 55295.88334748 15.35 124.247072  65.340550  4.404 -100.00 -100.00 -100.00
  66    43.678 55305.79898623 15.21 124.235319  65.339740  4.678 -100.00 -100.00 -100.00
  66    42.897 55305.79898682 14.88 124.241400  65.339073  3.969 -100.00 -100.00 -100.00
  66    43.301 55305.79898741 15.05 124.247480  65.338406  4.206 -100.00 -100.00 -100.00
  67    92.184 55315.71463344  4.94 124.236268  65.337948  4.371 -100.00 -100.00 -100.00
  67    91.917 55315.71463403  5.83 124.242348  65.337281  4.972 -100.00 -100.00 -100.00
  67    92.168 55315.71463462  8.73 124.248427  65.336614  7.187 -100.00 -100.00 -100.00
  67    91.181 55315.71463640 11.40 124.266663  65.334611  9.580 -100.00 -100.00 -100.00
  68    45.755 55325.63027845 31.61 124.231604  65.339107 12.989 -100.00 -100.00 -100.00
  68    41.521 55325.63027904 33.20 124.237685  65.338441 15.151 -100.00 -100.00 -100.00
  68    47.309 55325.63027963 35.26 124.243764  65.337774 19.138 -100.00 -100.00 -100.00
  68    41.451 55325.63028141 37.04 124.262002  65.335771 22.850 -100.00 -100.00 -100.00
  68    41.729 55325.63028200 35.47 124.268080  65.335103 18.165 -100.00 -100.00 -100.00
  69    90.053 55335.54592284  2.37 124.233906  65.341109  8.374 -100.00 -100.00 -100.00
  69   111.611 55335.54592343  4.00 124.239986  65.340442  8.292 -100.00 -100.00 -100.00
  69    92.835 55335.54592402 14.08 124.246067  65.339775  7.516 -100.00 -100.00 -100.00
  70   108.476 55345.46156673  1.68 124.235140  65.342874  6.095 -100.00 -100.00 -100.00
  70   114.434 55345.46156732  0.42 124.241221  65.342207  3.030 -100.00 -100.00 -100.00
  70    95.895 55345.46156791 12.40 124.247301  65.341540  3.287 -100.00 -100.00 -100.00
  71    94.494 55355.37721007 26.05 124.240344  65.342590 13.360 -100.00 -100.00 -100.00
  71    94.172 55355.37721066 31.51 124.246425  65.341923 27.768 -100.00 -100.00 -100.00
  71    93.821 55355.37721125 21.25 124.252506  65.341256   -100 -100.00 -100.00 -100.00
  72   111.013 55365.29285077  0.08 124.238657  65.342256  5.161 -100.00 -100.00 -100.00
  72   110.228 55365.29285136  7.57 124.244739  65.341589  3.013 -100.00 -100.00 -100.00
  72    95.293 55365.29285195 12.67 124.250820  65.340921  4.785 -100.00 -100.00 -100.00
  73    83.306 55375.20849020  0.17 124.239775  65.341827  4.183 -100.00 -100.00 -100.00
  73   108.636 55375.20849079  3.04 124.245857  65.341160  2.258 -100.00 -100.00 -100.00
  73   100.940 55375.20849138 11.57 124.251937  65.340492  4.562 -100.00 -100.00 -100.00
  77   109.281 55414.87105646  0.86 124.237216  65.343194  2.292 -100.00 -100.00 -100.00
  77   109.401 55414.87105705  1.33 124.243298  65.342527  2.375 -100.00 -100.00 -100.00
  77   109.257 55414.87105764  2.67 124.249379  65.341860  2.124 -100.00 -100.00 -100.00
  79    87.419 55434.70235061 24.14 124.234045  65.338549 13.422 -100.00 -100.00 -100.00
  79    88.961 55434.70235120 29.27 124.240125  65.337882 26.451 -100.00 -100.00 -100.00
  79    94.134 55434.70235179 24.10 124.246204  65.337215   -100 -100.00 -100.00 -100.00
  79    90.293 55434.70235356 23.98 124.264442  65.335211 12.013 -100.00 -100.00 -100.00
  80   110.359 55444.61799564  0.58 124.241749  65.337717  1.949 -100.00 -100.00 -100.00
  80   100.510 55444.61799623 11.45 124.247829  65.337049  5.114 -100.00 -100.00 -100.00
  81    90.065 55454.53363818 24.41 124.236200  65.340002 18.901 -100.00 -100.00 -100.00
  81    89.399 55454.53363877 28.50 124.242280  65.339334 10.043 -100.00 -100.00 -100.00
  81    95.145 55454.53363936  2.04 124.248361  65.338667 18.286 -100.00 -100.00 -100.00
  82    90.393 55464.44928058 23.95 124.237391  65.341706 12.967 -100.00 -100.00 -100.00
  82    89.631 55464.44928117 24.94 124.243472  65.341039   -100 -100.00 -100.00 -100.00
  82    89.906 55464.44928176 28.60 124.249553  65.340371   -100 -100.00 -100.00 -100.00
  84    42.470 55484.28055732 41.55 124.237690  65.339848 18.145 -100.00 -100.00 -100.00
  84    42.540 55484.28055791 45.77 124.243771  65.339181 24.926 -100.00 -100.00 -100.00
  84    41.455 55484.28055850 50.47 124.249852  65.338514  1.186 -100.00 -100.00 -100.00
  85    42.725 55494.19619162 38.36 124.232090  65.338780 15.611 -100.00 -100.00 -100.00
  85    41.700 55494.19619222 41.47 124.238171  65.338114 27.778 -100.00 -100.00 -100.00
  85    41.837 55494.19619281 47.58 124.244253  65.337447 31.608 -100.00 -100.00 -100.00
  85    41.683 55494.19619458 48.13 124.262494  65.335444   -100 -100.00 -100.00 -100.00
  85    40.718 55494.19619517 43.03 124.268574  65.334776   -100 -100.00 -100.00 -100.00
  86    41.997 55504.11182527 22.24 124.232083  65.339528  4.058 -100.00 -100.00 -100.00
  86    42.364 55504.11182586 23.86 124.238164  65.338862  6.475 -100.00 -100.00 -100.00
  86    42.311 55504.11182645 23.67 124.244246  65.338195  6.053 -100.00 -100.00 -100.00
  87    41.873 55514.02747439 21.00 124.236113  65.341230  4.192 -100.00 -100.00 -100.00
  87    41.923 55514.02747498 20.89 124.242195  65.340563  3.846 -100.00 -100.00 -100.00
  87    41.921 55514.02747557 21.44 124.248276  65.339896  4.174 -100.00 -100.00 -100.00
  89    42.084 55533.85877224 18.64 124.240789  65.343323  3.685 -100.00 -100.00 -100.00
  89    42.277 55533.85877283 19.01 124.246870  65.342656  3.883 -100.00 -100.00 -100.00
  89    42.039 55533.85877342 19.69 124.252951  65.341988  4.413 -100.00 -100.00 -100.00
  90    42.144 55543.77441808 17.39 124.238045  65.342650  3.711 -100.00 -100.00 -100.00
  90    41.972 55543.77441867 17.71 124.244126  65.341983  3.825 -100.00 -100.00 -100.00
  90    41.758 55543.77441926 17.88 124.250207  65.341316  3.530 -100.00 -100.00 -100.00
  91    43.282 55553.69006203 15.99 124.236196  65.342049  3.258 -100.00 -100.00 -100.00
  91    42.178 55553.69006262 16.35 124.242277  65.341382  3.434 -100.00 -100.00 -100.00
  91    42.530 55553.69006321 16.17 124.248358  65.340715  3.354 -100.00 -100.00 -100.00
  92    42.077 55563.60570525 15.49 124.239072  65.342097  3.212 -100.00 -100.00 -100.00
  92    42.710 55563.60570584 15.32 124.245154  65.341429  2.690 -100.00 -100.00 -100.00
  92    41.807 55563.60570643 15.65 124.251234  65.340762  3.484 -100.00 -100.00 -100.00
  93    44.835 55573.52134721 14.68 124.235899  65.343407  3.430 -100.00 -100.00 -100.00
  93    43.146 55573.52134780 14.59 124.241981  65.342740  2.992 -100.00 -100.00 -100.00
  93    42.324 55573.52134839 14.73 124.248062  65.342073  3.033 -100.00 -100.00 -100.00
  94    42.942 55583.43698847 14.35 124.239294  65.343083  3.145 -100.00 -100.00 -100.00
  94    43.768 55583.43698906 14.34 124.245375  65.342415  3.221 -100.00 -100.00 -100.00
  94    42.848 55583.43698965 14.47 124.251457  65.341748  3.308 -100.00 -100.00 -100.00
  95    43.539 55593.35262585 13.44 124.236961  65.342023  3.414 -100.00 -100.00 -100.00
  95    44.105 55593.35262644 13.30 124.243043  65.341356  3.200 -100.00 -100.00 -100.00
  95    43.184 55593.35262703 13.32 124.249124  65.340688  3.063 -100.00 -100.00 -100.00
  96    44.531 55603.26826022 12.88 124.237691  65.340086  3.017 -100.00 -100.00 -100.00
  96    43.518 55603.26826081 13.08 124.243773  65.339419  2.985 -100.00 -100.00 -100.00
  96    43.699 55603.26826140 12.74 124.249854  65.338752  3.187 -100.00 -100.00 -100.00
  97    44.928 55613.18389216 12.55 124.235036  65.339454  3.095 -100.00 -100.00 -100.00
  97    43.787 55613.18389275 12.51 124.241117  65.338788  3.013 -100.00 -100.00 -100.00
  97    43.836 55613.18389334 12.68 124.247198  65.338121  3.039 -100.00 -100.00 -100.00
  98    44.299 55623.09952845 12.68 124.235003  65.340066  3.092 -100.00 -100.00 -100.00
  98    44.382 55623.09952904 12.48 124.241084  65.339399  2.846 -100.00 -100.00 -100.00
  98    43.725 55623.09952963 12.48 124.247165  65.338732  2.553 -100.00 -100.00 -100.00
  99    44.277 55633.01518141 12.37 124.236495  65.341000  3.200 -100.00 -100.00 -100.00
  99    43.746 55633.01518200 12.46 124.242577  65.340333  3.073 -100.00 -100.00 -100.00
  99    43.220 55633.01518259 12.61 124.248658  65.339666  3.529 -100.00 -100.00 -100.00
 103    85.848 55672.67776355  0.95 124.233526  65.339059  2.861 -100.00 -100.00 -100.00
 103    84.271 55672.67776414  0.85 124.239606  65.338393  2.777 -100.00 -100.00 -100.00
 103    83.629 55672.67776473  0.40 124.245686  65.337726  2.272 -100.00 -100.00 -100.00
 104    45.990 55682.59340226 23.76 124.231750  65.339858  8.414 -100.00 -100.00 -100.00
 104    47.011 55682.59340285 21.96 124.237830  65.339191  6.246 -100.00 -100.00 -100.00
 104    48.161 55682.59340344 21.76 124.243910  65.338524  4.715 -100.00 -100.00 -100.00
 105    90.210 55692.50903995  2.61 124.236069  65.341490  4.528 -100.00 -100.00 -100.00
 105   110.470 55692.50904054  2.80 124.242150  65.340823  4.003 -100.00 -100.00 -100.00
 105   106.583 55692.50904113  3.93 124.248230  65.340156  3.377 -100.00 -100.00 -100.00
 106    96.428 55702.42467565 19.59 124.236189  65.343551 24.940 -100.00 -100.00 -100.00
 106    94.738 55702.42467624 31.71 124.242271  65.342884   -100 -100.00 -100.00 -100.00
 106    95.148 55702.42467684 28.46 124.248352  65.342217 15.593 -100.00 -100.00 -100.00
 107    80.792 55712.34031906  1.34 124.240972  65.343749  6.957 -100.00 -100.00 -100.00
 107   107.794 55712.34031965  0.00 124.247053  65.343082  2.579 -100.00 -100.00 -100.00
 107   104.501 55712.34032024  8.35 124.253135  65.342414  8.028 -100.00 -100.00 -100.00
 109   110.754 55732.17161579  0.09 124.238101  65.342825  3.200 -100.00 -100.00 -100.00
 109   110.880 55732.17161638  0.19 124.244183  65.342158  2.830 -100.00 -100.00 -100.00
 109    94.547 55732.17161697 12.94 124.250264  65.341491  8.026 -100.00 -100.00 -100.00
 111    91.677 55752.00290720 22.07 124.240162  65.342494  9.040 -100.00 -100.00 -100.00
 111    91.123 55752.00290779 27.53 124.246243  65.341827 25.604 -100.00 -100.00 -100.00
 111    91.271 55752.00290838 23.70 124.252324  65.341159 31.391 -100.00 -100.00 -100.00
 114    90.214 55781.74982550 22.24 124.233404  65.340317 11.953 -100.00 -100.00 -100.00
 114    90.059 55781.74982609 25.30 124.239485  65.339650 15.871 -100.00 -100.00 -100.00
 114    91.808 55781.74982668 30.53 124.245565  65.338983 26.720 -100.00 -100.00 -100.00
 115    91.955 55791.66545953 22.27 124.236854  65.339580 12.246 -100.00 -100.00 -100.00
 115    91.234 55791.66546012 27.46 124.242934  65.338913 20.442 -100.00 -100.00 -100.00
 115    91.191 55791.66546071 29.22 124.249014  65.338246   -100 -100.00 -100.00 -100.00
 116    88.914 55801.58109205 22.23 124.235720  65.340544 10.500 -100.00 -100.00 -100.00
 116    89.948 55801.58109264 26.23 124.241801  65.339878 20.413 -100.00 -100.00 -100.00
 116    89.641 55801.58109323 18.24 124.247882  65.339211 32.669 -100.00 -100.00 -100.00
 121    91.832 55851.15930963 12.93 124.232112  65.340386  6.221 -100.00 -100.00 -100.00
 121    91.088 55851.15931022 19.05 124.238194  65.339719  9.472 -100.00 -100.00 -100.00
 121    90.730 55851.15931081 23.27 124.244276  65.339053 12.721 -100.00 -100.00 -100.00
 121    87.758 55851.15931140 21.32 124.250357  65.338385   -100 -100.00 -100.00 -100.00
 122    90.899 55861.07494417 19.27 124.236365  65.341166 11.420 -100.00 -100.00 -100.00
 122    90.509 55861.07494476 23.48 124.242447  65.340499 16.076 -100.00 -100.00 -100.00
 122    88.113 55861.07494535 20.73 124.248529  65.339832   -100 -100.00 -100.00 -100.00
 123    42.566 55870.99059705 33.66 124.238158  65.342264 22.936 -100.00 -100.00 -100.00
 123    42.752 55870.99059764 33.84 124.244240  65.341597 26.012 -100.00 -100.00 -100.00
 123    42.535 55870.99059823 32.49 124.250322  65.340929 19.257 -100.00 -100.00 -100.00
 133    46.592 55970.14703709 13.78 124.235658  65.339690  3.723 -100.00 -100.00 -100.00
 133    46.539 55970.14703768 13.91 124.241740  65.339023  3.194 -100.00 -100.00 -100.00
 133    46.158 55970.14703827 13.86 124.247821  65.338356  3.415 -100.00 -100.00 -100.00
 135    46.233 55989.97830888 13.50 124.237256  65.341713  3.419 -100.00 -100.00 -100.00
 135    44.159 55989.97830947 13.60 124.243337  65.341046  3.503 -100.00 -100.00 -100.00
 135    44.635 55989.97831006 13.44 124.249418  65.340379  3.044 -100.00 -100.00 -100.00
 136    46.284 55999.89395255 12.81 124.236289  65.341375  3.422 -100.00 -100.00 -100.00
 136    46.242 55999.89395314 12.64 124.242370  65.340708  3.117 -100.00 -100.00 -100.00
 136    45.679 55999.89395373 12.90 124.248451  65.340041  3.674 -100.00 -100.00 -100.00
 137    46.239 56009.80960356 12.81 124.238124  65.339916  2.939 -100.00 -100.00 -100.00
 137    45.856 56009.80960415 12.77 124.244204  65.339249  3.148 -100.00 -100.00 -100.00
 137    45.828 56009.80960474 12.65 124.250284  65.338582  2.874 -100.00 -100.00 -100.00
 138    46.739 56019.72524982 12.80 124.233622  65.339869  3.194 -100.00 -100.00 -100.00
 138    46.508 56019.72525041 12.73 124.239702  65.339202  3.096 -100.00 -100.00 -100.00
 138    46.318 56019.72525100 12.42 124.245782  65.338535  2.683 -100.00 -100.00 -100.00
 139    46.194 56029.64089340 12.39 124.232923  65.340474  3.252 -100.00 -100.00 -100.00
 139    46.315 56029.64089399 12.33 124.239003  65.339807  3.297 -100.00 -100.00 -100.00
 139    45.664 56029.64089458 12.30 124.245083  65.339140  2.959 -100.00 -100.00 -100.00
 142    94.745 56059.38781251  8.34 124.240757  65.343204  4.295 -100.00 -100.00 -100.00
 142    92.548 56059.38781310 16.83 124.246838  65.342537 10.939 -100.00 -100.00 -100.00
 142    98.171 56059.38781369 16.43 124.252920  65.341869  8.736 -100.00 -100.00 -100.00
 143    96.362 56069.30344728 17.80 124.241039  65.343287 27.429 -100.00 -100.00 -100.00
 143    96.568 56069.30344787 29.27 124.247121  65.342620 27.174 -100.00 -100.00 -100.00
 143    96.976 56069.30344846 25.22 124.253202  65.341953 14.157 -100.00 -100.00 -100.00
 144   112.781 56079.21909822  1.83 124.239278  65.342995  4.371 -100.00 -100.00 -100.00
 144   115.149 56079.21909881  8.85 124.245360  65.342328  2.450 -100.00 -100.00 -100.00
 144   115.325 56079.21909940 11.67 124.251441  65.341660  3.289 -100.00 -100.00 -100.00
 145    94.833 56089.13474674 28.85 124.240604  65.342807 21.560 -100.00 -100.00 -100.00
 145    94.538 56089.13474733 28.87 124.246685  65.342139   -100 -100.00 -100.00 -100.00
 145    92.813 56089.13474792 19.30 124.252766  65.341472   -100 -100.00 -100.00 -100.00
 147    81.141 56108.96603612  1.74 124.239666  65.342825  5.658 -100.00 -100.00 -100.00
 147    79.870 56108.96603671  0.43 124.245747  65.342158  4.836 -100.00 -100.00 -100.00
 147   102.868 56108.96603730  1.02 124.251828  65.341491  3.281 -100.00 -100.00 -100.00
 148    94.017 56118.88166476 19.87 124.234299  65.341849 16.010 -100.00 -100.00 -100.00
 148    93.572 56118.88166536 20.67 124.240380  65.341182 26.637 -100.00 -100.00 -100.00
 148    95.618 56118.88166595  8.52 124.246460  65.340515  6.111 -100.00 -100.00 -100.00
 149    89.683 56128.79730196 22.47 124.235431  65.340023 15.385 -100.00 -100.00 -100.00
 149    90.922 56128.79730255 25.96 124.241511  65.339357 28.229 -100.00 -100.00 -100.00
 149    91.102 56128.79730314 29.19 124.247591  65.338690   -100 -100.00 -100.00 -100.00
 150    93.071 56138.71293558 25.50 124.235749  65.339396 10.498 -100.00 -100.00 -100.00
 150    92.822 56138.71293617 31.12 124.241830  65.338729 30.966 -100.00 -100.00 -100.00
 150    93.269 56138.71293676 20.35 124.247909  65.338062 28.228 -100.00 -100.00 -100.00
 151    91.579 56148.62858352 20.98 124.235373  65.340268 27.043 -100.00 -100.00 -100.00
 151    91.303 56148.62858411  7.80 124.241454  65.339601 20.945 -100.00 -100.00 -100.00
 151    94.143 56148.62858470  0.66 124.247534  65.338934  6.095 -100.00 -100.00 -100.00
 152    89.154 56158.54423265 26.98 124.237090  65.341594 29.663 -100.00 -100.00 -100.00
 152    89.264 56158.54423324 15.62 124.243171  65.340927   -100 -100.00 -100.00 -100.00
 152    91.396 56158.54423383  8.19 124.249251  65.340260 24.000 -100.00 -100.00 -100.00
 153   109.318 56168.45988033  1.99 124.235219  65.342366  9.697 -100.00 -100.00 -100.00
 153    81.947 56168.45988092  0.28 124.241300  65.341699  5.350 -100.00 -100.00 -100.00
 154    92.843 56178.37552513 24.63 124.233422  65.341469 13.683 -100.00 -100.00 -100.00
 154    92.214 56178.37552572 27.80 124.239504  65.340802 20.159 -100.00 -100.00 -100.00
 154    92.066 56178.37552631 21.21 124.245585  65.340135   -100 -100.00 -100.00 -100.00
 155    89.553 56188.29116577 21.41 124.234509  65.339922 20.899 -100.00 -100.00 -100.00
 155    89.367 56188.29116637 23.49 124.240590  65.339255 31.866 -100.00 -100.00 -100.00
 155    95.086 56188.29116696 10.17 124.246671  65.338588  9.356 -100.00 -100.00 -100.00
 156    83.066 56198.20680300  1.72 124.235869  65.339446  5.499 -100.00 -100.00 -100.00
 156    80.725 56198.20680359  2.03 124.241950  65.338779  7.348 -100.00 -100.00 -100.00
 156   100.659 56198.20680418 12.69 124.248032  65.338112  9.351 -100.00 -100.00 -100.00
 157   103.587 56208.12243697 12.65 124.233893  65.341342 12.562 -100.00 -100.00 -100.00
 157   103.976 56208.12243756 13.38 124.239975  65.340675 12.899 -100.00 -100.00 -100.00
 157   106.779 56208.12243815 17.99 124.246057  65.340008 14.930 -100.00 -100.00 -100.00
 158    90.227 56218.03806983 17.18 124.237713  65.343459  7.673 -100.00 -100.00 -100.00
 158    88.591 56218.03807042 15.75 124.243795  65.342792 13.216 -100.00 -100.00 -100.00
 158    90.713 56218.03807101  4.99 124.249877  65.342125  9.648 -100.00 -100.00 -100.00
 159    90.484 56227.95371473 20.20 124.239836  65.344564  9.218 -100.00 -100.00 -100.00
 159    89.915 56227.95371532 25.32 124.245918  65.343897 24.657 -100.00 -100.00 -100.00
 159    89.652 56227.95371591 16.93 124.252000  65.343230   -100 -100.00 -100.00 -100.00
 160    42.815 56237.86936907 36.83 124.239620  65.343943 22.519 -100.00 -100.00 -100.00
 160    42.899 56237.86936966 37.91 124.245702  65.343276 18.508 -100.00 -100.00 -100.00
 160    42.486 56237.86937026 37.05 124.251783  65.342608 24.330 -100.00 -100.00 -100.00
 161    41.680 56247.78501918 28.01 124.235264  65.343200 10.245 -100.00 -100.00 -100.00
 161    42.270 56247.78501977 31.59 124.241346  65.342533 15.871 -100.00 -100.00 -100.00
 161    41.478 56247.78502036 34.56 124.247427  65.341866 25.999 -100.00 -100.00 -100.00
 162    42.728 56257.70066480 26.36 124.236656  65.342415  6.849 -100.00 -100.00 -100.00
 162    42.330 56257.70066539 28.63 124.242737  65.341748 10.865 -100.00 -100.00 -100.00
 162    42.301 56257.70066598 29.87 124.248818  65.341080 12.763 -100.00 -100.00 -100.00
 163    42.688 56267.61630677 24.23 124.235469  65.343246  6.172 -100.00 -100.00 -100.00
 163    43.136 56267.61630736 24.17 124.241551  65.342579  6.328 -100.00 -100.00 -100.00
 163    42.421 56267.61630795 26.89 124.247632  65.341912  9.916 -100.00 -100.00 -100.00
 164    42.845 56277.53194753 23.02 124.239268  65.343555  6.098 -100.00 -100.00 -100.00
 164    42.524 56277.53194812 24.83 124.245350  65.342888  9.106 -100.00 -100.00 -100.00
 164    42.368 56277.53194871 24.39 124.251431  65.342220  7.836 -100.00 -100.00 -100.00
 165    43.709 56287.44759564 20.34 124.238318  65.343195  4.530 -100.00 -100.00 -100.00
 165    42.697 56287.44759623 21.00 124.244400  65.342528  6.227 -100.00 -100.00 -100.00
 165    42.428 56287.44759682 21.25 124.250481  65.341860  5.560 -100.00 -100.00 -100.00
 166    44.313 56297.36324461 19.22 124.233862  65.341470  4.369 -100.00 -100.00 -100.00
 166    42.845 56297.36324520 19.22 124.239944  65.340803  4.593 -100.00 -100.00 -100.00
 166    42.576 56297.36324579 19.97 124.246025  65.340136  5.190 -100.00 -100.00 -100.00
 167    43.399 56307.27888987 18.48 124.231823  65.339305  4.666 -100.00 -100.00 -100.00
 167    43.002 56307.27889047 18.96 124.237905  65.338638  5.921 -100.00 -100.00 -100.00
 167    42.697 56307.27889106 18.10 124.243986  65.337971  3.960 -100.00 -100.00 -100.00
 168    44.491 56317.19453248 16.61 124.232131  65.338472  3.235 -100.00 -100.00 -100.00
 168    43.671 56317.19453307 16.83 124.238212  65.337805  3.205 -100.00 -100.00 -100.00
 168    42.899 56317.19453366 17.04 124.244293  65.337138  4.085 -100.00 -100.00 -100.00
 168    43.289 56317.19453544 17.55 124.262533  65.335134  3.990 -100.00 -100.00 -100.00
 168    42.637 56317.19453603 17.43 124.268613  65.334466  4.551 -100.00 -100.00 -100.00
 169    44.080 56327.11017401 16.36 124.237711  65.339504  3.530 -100.00 -100.00 -100.00
 169    43.046 56327.11017460 17.09 124.243792  65.338836  4.748 -100.00 -100.00 -100.00
 169    42.586 56327.11017519 17.26 124.249872  65.338169  4.858 -100.00 -100.00 -100.00
 170    44.222 56337.02581400 15.96 124.238033  65.341712  4.576 -100.00 -100.00 -100.00
 170    42.992 56337.02581459 16.41 124.244114  65.341045  4.390 -100.00 -100.00 -100.00
 170    43.113 56337.02581518 16.55 124.250195  65.340378  4.603 -100.00 -100.00 -100.00
 171    44.083 56346.94145243 15.00 124.237953  65.342712  3.817 -100.00 -100.00 -100.00
 171    43.334 56346.94145302 15.25 124.244035  65.342045  4.974 -100.00 -100.00 -100.00
 171    43.135 56346.94145361 14.96 124.250116  65.341378  3.654 -100.00 -100.00 -100.00
 172    44.401 56356.85708826 13.87 124.236166  65.341904  3.254 -100.00 -100.00 -100.00
 172    44.023 56356.85708885 14.24 124.242248  65.341237  3.918 -100.00 -100.00 -100.00
 172    43.335 56356.85708944 14.17 124.248329  65.340570  3.545 -100.00 -100.00 -100.00
 173    44.672 56366.77273607 14.26 124.231941  65.340274  4.305 -100.00 -100.00 -100.00
 173    44.605 56366.77273666 14.09 124.238022  65.339607  3.375 -100.00 -100.00 -100.00
 173    43.365 56366.77273725 14.48 124.244102  65.338940  4.158 -100.00 -100.00 -100.00
 173    43.302 56366.77273784 13.89 124.250182  65.338273  3.195 -100.00 -100.00 -100.00
 176    44.148 56396.51967442 13.22 124.240668  65.342829  3.505 -100.00 -100.00 -100.00
 176    43.052 56396.51967502 13.54 124.246749  65.342162  4.106 -100.00 -100.00 -100.00
 176    42.894 56396.51967561 13.14 124.252829  65.341494  3.729 -100.00 -100.00 -100.00
 177    42.233 56406.43531554 16.96 124.239585  65.344410  5.489 -100.00 -100.00 -100.00
 177    42.359 56406.43531613 16.37 124.245667  65.343742  4.419 -100.00 -100.00 -100.00
 177    42.177 56406.43531672 16.83 124.251748  65.343075  4.368 -100.00 -100.00 -100.00
 178    86.567 56416.35095332 20.34 124.239682  65.344244 10.504 -100.00 -100.00 -100.00
 178    87.175 56416.35095391 23.64 124.245763  65.343577   -100 -100.00 -100.00 -100.00
 178    87.299 56416.35095450 11.40 124.251845  65.342910 20.317 -100.00 -100.00 -100.00
 179   110.498 56426.26658647  3.43 124.240284  65.343064  5.793 -100.00 -100.00 -100.00
 179   109.566 56426.26658706  1.49 124.246366  65.342397  3.810 -100.00 -100.00 -100.00
 179    95.179 56426.26658765 16.95 124.252447  65.341730  9.218 -100.00 -100.00 -100.00
 180   108.209 56436.18223639  2.35 124.237448  65.342227  8.767 -100.00 -100.00 -100.00
 180    94.591 56436.18223698  1.38 124.243529  65.341560  5.084 -100.00 -100.00 -100.00
 180   102.490 56436.18223758  9.07 124.249611  65.340893  4.904 -100.00 -100.00 -100.00
 181    94.221 56446.09788802 27.72 124.235896  65.342386 20.858 -100.00 -100.00 -100.00
 181    94.008 56446.09788861 28.15 124.241977  65.341719   -100 -100.00 -100.00 -100.00
 181    94.569 56446.09788920 29.35 124.248059  65.341051   -100 -100.00 -100.00 -100.00
 182    81.833 56456.01353758  1.36 124.237529  65.343099  5.758 -100.00 -100.00 -100.00
 182    79.808 56456.01353817  0.68 124.243610  65.342432  5.264 -100.00 -100.00 -100.00
 182   103.730 56456.01353876  0.42 124.249692  65.341765  2.506 -100.00 -100.00 -100.00
 183    94.019 56465.92918394 17.26 124.237385  65.342902 17.125 -100.00 -100.00 -100.00
 183    94.159 56465.92918453 15.41 124.243466  65.342235 16.000 -100.00 -100.00 -100.00
 183    94.435 56465.92918512 17.80 124.249547  65.341568 12.794 -100.00 -100.00 -100.00
 185    83.036 56485.76046557  2.12 124.236804  65.339087  8.127 -100.00 -100.00 -100.00
 185    99.816 56485.76046616  1.25 124.242884  65.338420  4.872 -100.00 -100.00 -100.00
 185   102.404 56485.76046675 12.94 124.248964  65.337753  7.768 -100.00 -100.00 -100.00
 187   107.676 56505.59173562  1.46 124.232933  65.340609 13.838 -100.00 -100.00 -100.00
 187    80.882 56505.59173621  0.19 124.239014  65.339942  7.385 -100.00 -100.00 -100.00
 188   112.059 56515.50736892  2.31 124.238558  65.342755  8.533 -100.00 -100.00 -100.00
 188    93.558 56515.50736951 15.08 124.244640  65.342088 16.016 -100.00 -100.00 -100.00
 188    95.163 56515.50737010 13.06 124.250721  65.341421  6.153 -100.00 -100.00 -100.00
 189   110.831 56525.42302383  0.61 124.247176  65.342429  4.406 -100.00 -100.00 -100.00
 189    98.275 56525.42302442  0.98 124.253258  65.341762  3.183 -100.00 -100.00 -100.00
 192    92.946 56555.16996456 19.49 124.232243  65.340114  8.399 -100.00 -100.00 -100.00
 192    92.184 56555.16996515 22.75 124.238325  65.339447  9.489 -100.00 -100.00 -100.00
 192    91.286 56555.16996574 29.04 124.244406  65.338780 21.006 -100.00 -100.00 -100.00
 194    43.440 56575.00124931 44.32 124.239704  65.343596 23.999 -100.00 -100.00 -100.00
 194    43.096 56575.00124990 48.12 124.245786  65.342928   -100 -100.00 -100.00 -100.00
 194    43.179 56575.00125049 49.17 124.251867  65.342261   -100 -100.00 -100.00 -100.00
 195    42.883 56584.91688792 43.21 124.241347  65.345082 21.663 -100.00 -100.00 -100.00
 195    42.495 56584.91688851 46.38 124.247430  65.344415 28.561 -100.00 -100.00 -100.00
 195    42.500 56584.91688910 47.28 124.253511  65.343748   -100 -100.00 -100.00 -100.00
 196    42.645 56594.83252377 40.14 124.239106  65.345087 20.233 -100.00 -100.00 -100.00
 196    42.295 56594.83252436 43.16 124.245188  65.344420 29.385 -100.00 -100.00 -100.00
 196    42.148 56594.83252495 43.05 124.251270  65.343753 32.350 -100.00 -100.00 -100.00
 197    90.513 56604.74817670 15.57 124.237850  65.343256  9.519 -100.00 -100.00 -100.00
 197    89.691 56604.74817729 13.49 124.243932  65.342589 26.049 -100.00 -100.00 -100.00
 198    91.435 56614.66382507 10.12 124.239661  65.341673 10.730 -100.00 -100.00 -100.00
 198    89.664 56614.66382566  7.24 124.245742  65.341006  9.709 -100.00 -100.00 -100.00
 201    42.351 56644.41074742 18.38 124.237199  65.343133  6.443 -100.00 -100.00 -100.00
 201    42.209 56644.41074801 19.40 124.243281  65.342466  9.128 -100.00 -100.00 -100.00
 201    42.098 56644.41074860 19.63 124.249363  65.341799  8.895 -100.00 -100.00 -100.00
 205    47.574 56684.07334003  4.19 124.237570  65.339626 10.521 -100.00 -100.00 -100.00
 205    46.922 56684.07334062  4.14 124.243652  65.338958 10.217 -100.00 -100.00 -100.00
 205    46.653 56684.07334121  6.11 124.249732  65.338291 13.665 -100.00 -100.00 -100.00
 207    72.503 56703.90462118  2.83 124.238866  65.342689  6.643 -100.00 -100.00 -100.00
 207    71.047 56703.90462177  3.26 124.244948  65.342022  6.900 -100.00 -100.00 -100.00
 207    46.956 56703.90462236  4.71 124.251029  65.341354  8.336 -100.00 -100.00 -100.00
 209    45.942 56723.73590386 10.50 124.238095  65.340838 14.314 -100.00 -100.00 -100.00
 209    47.196 56723.73590445  7.25 124.244176  65.340171 11.657 -100.00 -100.00 -100.00
 209    46.926 56723.73590504  5.19 124.250256  65.339504 10.204 -100.00 -100.00 -100.00
 213    90.445 56763.39848127  7.41 124.237717  65.345206  7.826 -100.00 -100.00 -100.00
 213    90.719 56763.39848186  7.40 124.243799  65.344539  8.420 -100.00 -100.00 -100.00
 213    90.601 56763.39848245  8.26 124.249881  65.343872  9.085 -100.00 -100.00 -100.00
 215   111.045 56783.22977233  2.88 124.238572  65.342931  2.522 -100.00 -100.00 -100.00
 215   112.322 56783.22977292  7.10 124.244654  65.342264  4.106 -100.00 -100.00 -100.00
 215    87.065 56783.22977351 10.71 124.250735  65.341597  6.517 -100.00 -100.00 -100.00
 216    97.283 56793.14542635 27.19 124.239643  65.341474 11.088 -100.00 -100.00 -100.00
 216    95.409 56793.14542694 32.48 124.245724  65.340807   -100 -100.00 -100.00 -100.00
 216    95.334 56793.14542753 21.21 124.251805  65.340139   -100 -100.00 -100.00 -100.00
 217    95.824 56803.06107697 25.83 124.235052  65.341654 10.707 -100.00 -100.00 -100.00
 217    93.969 56803.06107756 26.97 124.241133  65.340987 11.871 -100.00 -100.00 -100.00
 217    93.421 56803.06107815 24.60 124.247214  65.340319 25.810 -100.00 -100.00 -100.00
 218    95.222 56812.97672033 29.14 124.237673  65.341714 18.510 -100.00 -100.00 -100.00
 218    92.849 56812.97672092 32.52 124.243754  65.341047   -100 -100.00 -100.00 -100.00
 218    92.788 56812.97672151 20.61 124.249834  65.340379   -100 -100.00 -100.00 -100.00
 219    82.916 56822.89235961  1.37 124.234173  65.341953  7.853 -100.00 -100.00 -100.00
 219    82.399 56822.89236020  0.45 124.240254  65.341286  6.121 -100.00 -100.00 -100.00
 220    47.192 56832.80799509 27.23 124.234364  65.341211 16.906 -100.00 -100.00 -100.00
 220    44.902 56832.80799568 27.81 124.240444  65.340544   -100 -100.00 -100.00 -100.00
 220    47.442 56832.80799627 27.21 124.246524  65.339877   -100 -100.00 -100.00 -100.00
 222    89.499 56852.63926753 24.14 124.236093  65.340446 14.287 -100.00 -100.00 -100.00
 222    91.169 56852.63926812 27.08 124.242173  65.339780 19.637 -100.00 -100.00 -100.00
 222    90.534 56852.63926871 19.29 124.248253  65.339113   -100 -100.00 -100.00 -100.00
 225    91.374 56882.38622564 22.19 124.237546  65.341793  9.014 -100.00 -100.00 -100.00
 225    91.069 56882.38622623 27.35 124.243627  65.341126 23.877 -100.00 -100.00 -100.00
 225    91.123 56882.38622682 18.62 124.249708  65.340459 28.038 -100.00 -100.00 -100.00
 228    44.303 56912.13315787 47.41 124.234408  65.341600 24.540 -100.00 -100.00 -100.00
 228    44.422 56912.13315846 47.47 124.240489  65.340933 21.810 -100.00 -100.00 -100.00
 228    43.832 56912.13315905 49.97 124.246570  65.340266   -100 -100.00 -100.00 -100.00
 229   108.157 56922.04879910  0.77 124.244730  65.341709  2.495 -100.00 -100.00 -100.00
 229   110.165 56922.04879969  1.88 124.250811  65.341041  2.860 -100.00 -100.00 -100.00
 232    42.220 56951.79571148 40.29 124.236194  65.344483 23.813 -100.00 -100.00 -100.00
 232    42.661 56951.79571207 41.30 124.242276  65.343816 20.166 -100.00 -100.00 -100.00
 232    42.341 56951.79571266 44.27 124.248357  65.343149 27.155 -100.00 -100.00 -100.00
 232    41.942 56951.79571325 43.72 124.254438  65.342481   -100 -100.00 -100.00 -100.00
 233    41.770 56961.71136296 41.38 124.238939  65.342797 24.646 -100.00 -100.00 -100.00
 233    41.745 56961.71136355 45.35 124.245020  65.342130 28.364 -100.00 -100.00 -100.00
 233    41.171 56961.71136414 46.52 124.251101  65.341462   -100 -100.00 -100.00 -100.00
 234    41.707 56971.62700880 34.87 124.235101  65.342509 30.651 -100.00 -100.00 -100.00
 234    40.931 56971.62700939 35.78 124.241182  65.341842   -100 -100.00 -100.00 -100.00
 234    41.577 56971.62700998 30.75 124.247263  65.341175 17.564 -100.00 -100.00 -100.00
 235    41.963 56981.54265126 28.45 124.239271  65.342065 17.555 -100.00 -100.00 -100.00
 235    41.859 56981.54265185 27.45 124.245352  65.341397 15.175 -100.00 -100.00 -100.00
 235    41.665 56981.54265244 27.58 124.251433  65.340730 13.539 -100.00 -100.00 -100.00
 236    42.055 56991.45828865 22.62 124.237378  65.342405  8.444 -100.00 -100.00 -100.00
 236    42.397 56991.45828924 21.65 124.243460  65.341738  6.540 -100.00 -100.00 -100.00
 236    42.122 56991.45828983 23.25 124.249541  65.341070  9.905 -100.00 -100.00 -100.00
 237    42.192 57001.37392053 21.02 124.238638  65.342002  6.308 -100.00 -100.00 -100.00
 237    42.070 57001.37392112 21.03 124.244720  65.341335  6.680 -100.00 -100.00 -100.00
 237    42.079 57001.37392171 21.89 124.250802  65.340668  7.742 -100.00 -100.00 -100.00
 238    41.928 57011.28957811 21.35 124.238343  65.340635  8.347 -100.00 -100.00 -100.00
 238    41.987 57011.28957870 21.85 124.244425  65.339968  9.191 -100.00 -100.00 -100.00
 238    42.136 57011.28957929 20.22 124.250506  65.339301  6.714 -100.00 -100.00 -100.00
 239    42.098 57021.20522965 18.35 124.236136  65.339968  5.746 -100.00 -100.00 -100.00
 239    42.228 57021.20523024 18.35 124.242217  65.339301  6.170 -100.00 -100.00 -100.00
 239    42.257 57021.20523083 17.98 124.248299  65.338634  5.473 -100.00 -100.00 -100.00
 240    42.552 57031.12087848 17.49 124.235936  65.340388  4.906 -100.00 -100.00 -100.00
 240    42.138 57031.12087907 17.95 124.242017  65.339721  5.701 -100.00 -100.00 -100.00
 240    42.191 57031.12087966 17.50 124.248098  65.339054  5.049 -100.00 -100.00 -100.00
 241    75.053 57041.03652546  1.78 124.236151  65.341223  7.356 -100.00 -100.00 -100.00
 241    78.105 57041.03652664  2.22 124.248313  65.339888  6.996 -100.00 -100.00 -100.00
 242    42.303 57050.95217065 16.16 124.239534  65.341626  5.388 -100.00 -100.00 -100.00
 242    42.339 57050.95217125 15.68 124.245615  65.340959  4.907 -100.00 -100.00 -100.00
 242    42.153 57050.95217184 15.84 124.251696  65.340291  4.937 -100.00 -100.00 -100.00
 247    84.236 57100.53037609  1.68 124.238510  65.344304  3.058 -100.00 -100.00 -100.00
 247    82.673 57100.53037668  1.68 124.244591  65.343637  3.339 -100.00 -100.00 -100.00
 247    81.462 57100.53037727  1.30 124.250673  65.342969  2.984 -100.00 -100.00 -100.00
 248    84.771 57110.44603060  2.69 124.238307  65.344651  2.890 -100.00 -100.00 -100.00
 248    83.277 57110.44603119  2.37 124.244388  65.343984  2.797 -100.00 -100.00 -100.00
 248    81.587 57110.44603178  2.43 124.250470  65.343316  3.064 -100.00 -100.00 -100.00
 249    84.680 57120.36167959  1.44 124.238397  65.343841  2.546 -100.00 -100.00 -100.00
 249    83.012 57120.36168018  1.44 124.244479  65.343173  2.655 -100.00 -100.00 -100.00
 249    81.296 57120.36168077  1.16 124.250560  65.342506  2.856 -100.00 -100.00 -100.00
 250    84.905 57130.27732285  0.62 124.238920  65.342482  3.131 -100.00 -100.00 -100.00
 250    82.940 57130.27732344  0.47 124.245001  65.341814  2.777 -100.00 -100.00 -100.00
 250    81.446 57130.27732403  0.45 124.251082  65.341147  2.443 -100.00 -100.00 -100.00
