# NaN NaN NaN ;Mean Elev.(m), Avg Gradient(m/km), RMS Gradient(m/km) - SRTM1     
#  112.483 -12.768  57.503 ;Mean Elev.(m), Avg Gradient(m/km), RMS Gradient(m/km) - ASTER GDEM
#  102.130 -10.658  56.270 ;Mean Elev.(m), Avg Gradient(m/km), RMS Gradient(m/km) - GMTED2010 
   1 123.218091  60.585594   114.710   114.115 10 54665.10263745 22.004
   2 123.210334  60.584690   179.660   185.476  9 54675.01828134 21.896
   3 123.208250  60.586047    -1.476    -1.337  9 54684.93392456  1.143
   5 123.212063  60.585695     0.372     0.294  9 54704.76520576  2.379
   7 123.224679  60.586085    11.875    11.896 11 54724.59650853  1.443
  10 123.208457  60.586176   112.627   112.551  9 54754.34344924 54.188
  11 123.208428  60.585472   111.952   111.906  9 54764.25909505 53.177
  12 123.217565  60.585673   110.631   110.611 10 54774.17473908 49.354
  13 123.231140  60.588019   109.667   109.679 13 54784.09038112 41.022
  14 123.228936  60.587147   110.520   110.496 13 54794.00601929 32.706
  17 123.215129  60.585406   111.671   111.638 10 54823.75293654 18.244
  18 123.217360  60.586091   111.670   111.661 10 54833.66857679 18.340
  19 123.213193  60.585614   112.457   111.768  9 54843.58422628 16.000
  20 123.205680  60.585204   111.868   112.022  9 54853.49987454 18.056
  21 123.200742  60.586117   112.020   111.699  8 54863.41552300 14.341
  22 123.195746  60.585388   115.021   114.888  8 54873.33117113 13.249
  23 123.200950  60.585676   111.426   111.143  8 54883.24681802 13.341
  24 123.210315  60.585676   118.350   117.586  9 54893.16246187 14.225
  25 123.218256  60.586010   118.658   118.465 10 54903.07810284 16.155
  26 123.216211  60.585305   113.234   114.169 10 54912.99374138 18.396
  27 123.212247  60.585537   108.227   108.344 10 54922.90937896 21.356
  28 123.211795  60.586102   116.296   116.245  9 54932.82501611 21.896
  29 123.215277  60.585340   111.428   111.995 10 54942.74065163 22.637
  30 123.232139  60.587541   293.679   292.895 13 54952.65628689 10.813
  31 123.225184  60.583138   305.802   301.985  7 54962.57192884  2.300
  32 123.233915  60.587567   116.120   115.281 12 54972.48757878 45.427
  33 123.228447  60.588372   288.324   290.669 13 54982.40322607 11.433
  34 123.213763  60.585625   296.832   296.024  9 54992.31887179  2.333
  35 123.211227  60.585680   118.237   118.221 10 55002.23451825 23.844
  36 123.210886  60.585598   122.658   123.020  9 55012.15016301 18.468
  37 123.213100  60.586032   117.379   117.417  9 55022.06580661 21.276
  38 123.209272  60.585564   115.579   115.436  9 55031.98144857 23.283
  39 123.206149  60.585638   115.327   115.122  9 55041.89708992 24.585
  40 123.209228  60.586476   116.104   115.451  9 55051.81273038 23.511
  41 123.213464  60.585635   115.987   115.977 10 55061.72836856 51.801
  42 123.226457  60.587603   116.366   116.397 13 55071.64401281 53.138
  43 123.228800  60.587209   114.347   114.261 13 55081.55966165 38.693
  44 123.229677  60.588449   163.744   161.628 13 55091.47530899 20.584
  45 123.214134  60.585274   114.460   114.485 10 55101.39095379 45.102
  46 123.208737  60.585279   114.562   114.442  9 55111.30659952 35.974
  47 123.211589  60.585675   114.284   114.570  9 55121.22224402 21.157
  48 123.219825  60.586115   111.576   111.603 10 55131.13788617 40.904
  49 123.230247  60.587668   110.452   110.462 13 55141.05352663 43.462
  50 123.229908  60.587723   113.595   112.895 13 55150.96916508 19.817
  51 123.225463  60.587746   115.497   115.241 14 55160.88480311 18.587
  52 123.216501  60.585819   113.507   113.094 10 55170.80044006 18.793
  53 123.214412  60.584920   112.619   112.643 10 55180.71607633 20.179
  54 123.214407  60.585262   115.192   115.285 10 55190.63172465 16.685
  55 123.212532  60.586003   114.497   115.203 10 55200.54737486 13.938
  56 123.207268  60.585761   116.340   116.445  9 55210.46302403 16.367
  57 123.203511  60.585580   113.507   113.573  8 55220.37867291 14.252
  58 123.205653  60.585998   113.427   112.623  8 55230.29432143 14.138
  59 123.209160  60.585655   116.023   116.252 10 55240.20996674 12.385
  60 123.213018  60.585090   113.885   113.245 10 55250.12560844 14.650
  61 123.218414  60.586027   113.576   113.182 10 55260.04124809 15.744
  62 123.215933  60.585194   115.778   115.493 10 55269.95688591 12.961
  63 123.215428  60.585445   115.926   115.535 10 55279.87252391 13.581
  64 123.217657  60.585788   116.055   115.706 10 55289.78816090 13.287
  65 123.226352  60.587142   117.955   118.290 13 55299.70379623 14.872
  66 123.231607  60.587807   112.998   112.713 13 55309.61944149 32.701
  67 123.232134  60.587778   113.998   112.943 13 55319.53508729 36.594
  69 123.217872  60.585826   121.535   121.880 10 55339.36637511 25.337
  70 123.213930  60.585798   121.878   122.057 10 55349.28201899 23.231
  71 123.212131  60.585594   120.883   120.236  9 55359.19766106 21.233
  72 123.213143  60.586008   116.955   117.121  9 55369.11330128 24.628
  73 123.212794  60.585928   116.148   115.268  9 55379.02893979 22.466
  74 123.211783  60.585665   167.058   163.294 10 55388.94457742 21.284
  75 123.213066  60.585365   113.668   113.499 10 55398.86021424 25.581
  76 123.215335  60.584852   113.689   113.746 10 55408.77586002 48.183
  77 123.226351  60.587523   114.902   114.858 13 55418.69151201 50.122
  78 123.227934  60.587372   113.326   112.782 13 55428.60715939 52.432
  79 123.227566  60.587986   115.022   115.031 13 55438.52280413 36.531
  80 123.216910  60.585665   114.296   114.367 10 55448.43844627 26.012
  81 123.213372  60.585074   116.514   116.644 10 55458.35408902 22.124
  82 123.218073  60.586185   115.963   114.931 10 55468.26973202 23.582
  83 123.226966  60.587538   160.072   158.136 13 55478.18537217 19.714
  84 123.232808  60.587965   112.185   111.487 13 55488.10100884 51.716
  85 123.233915  60.587666   110.670   110.379 13 55498.01664265 46.235
  86 123.231672  60.588121   110.383   110.346 13 55507.93228054 47.092
  87 123.218103  60.585608   113.028   113.029 11 55517.84792921 31.174
  88 123.214297  60.585637   115.550   114.400 10 55527.76357816 18.390
  89 123.213901  60.586069   119.180   119.513 10 55537.67922553 15.235
  90 123.210651  60.585493   118.008   118.069 10 55547.59487030 13.394
  91 123.207647  60.585647   118.279   118.751  9 55557.51051347 14.763
  92 123.204982  60.585735   115.458   115.441  9 55567.42615585 17.553
  93 123.208238  60.586103   116.166   116.299  9 55577.34179810 16.229
  94 123.214894  60.585744   117.405   117.398 10 55587.25743851 15.381
  95 123.230325  60.587750   119.323   119.538 13 55597.17307690 14.297
  96 123.233477  60.587043   119.536   119.777 12 55607.08871091 14.461
  97 123.234650  60.587428   119.964   120.009 12 55617.00434274 13.528
  98 123.228989  60.587602   119.096   119.494 13 55626.91998614 14.254
  99 123.226405  60.587984   120.596   120.469 14 55636.83563747 12.668
 100 123.228414  60.588208   122.298   122.307 13 55646.75128715 11.795
 101 123.230301  60.587483   121.020   121.088 13 55656.66693391 15.923
 102 123.231757  60.587508   118.497   119.449 13 55666.58257639 21.044
 103 123.229544  60.587752   114.076   114.490 12 55676.49821578 40.674
 104 123.204033  60.580417   479.223   475.936  4 55686.41385032  2.392
 105 123.217542  60.586033   115.826   115.868 10 55696.32948892 54.228
 106 123.219611  60.585854   114.001   114.035 10 55706.24512449 52.309
 107 123.218947  60.585601   117.257   116.942 10 55716.16077402 42.183
 108 123.216221  60.585594   117.781   118.029 10 55726.07642254 27.228
 109 123.212175  60.585966   116.145   115.439  9 55735.99206912 23.500
 110 123.207404  60.585844   113.263   113.280  9 55745.90771426 44.872
 111 123.207717  60.585584   112.609   112.642  9 55755.82335797 53.555
 112 123.214365  60.585049   112.456   112.430 10 55765.73899979 30.570
 113 123.232144  60.587847   116.072   116.071 13 55775.65464018 54.219
 114 123.234672  60.586946   116.687   116.599 12 55785.57027580 52.688
 115 123.233445  60.587412   116.327   115.416 13 55795.48590932 29.983
 116 123.227836  60.587438   119.558   120.669 13 55805.40154829 29.798
 117 123.219601  60.585870   115.082   113.888 10 55815.31719675 27.764
 118 123.227681  60.587287   117.916   117.096 13 55825.23284449 28.503
 119 123.234328  60.587471   117.583   117.500 12 55835.14848740 30.175
 120 123.236990  60.587395   116.313   115.530 11 55845.06412625 28.977
 121 123.235128  60.587939   112.767   112.469 12 55854.97976186 43.235
 122 123.226752  60.587530   111.651   111.660 13 55864.89540079 48.009
 123 123.214169  60.585973   110.920   110.869  9 55874.81105251 50.491
 133 123.230611  60.587973   111.313   111.180 13 55973.96748905 22.606
 134 123.217605  60.585193   109.480   109.593 10 55983.88312356 21.893
 135 123.226615  60.587967   111.201   110.926 13 55993.79875856 18.086
 136 123.226630  60.587070   111.187   110.994 13 56003.71440871 18.397
 137 123.233246  60.587726   111.762   111.786 12 56013.63005823 18.326
 139 123.226702  60.587849   112.224   111.585 14 56033.46134658 16.570
 141 123.208025  60.585148   110.515   110.526  9 56053.29262440 40.524
 142 123.213973  60.585916   472.159   472.571  9 56063.20826041  1.269
 143 123.216546  60.585110   121.813   121.634 10 56073.12390220 25.481
 144 123.217480  60.585959   119.059   119.031 10 56083.03955245 53.908
 145 123.213610  60.585824   119.113   119.130 10 56092.95519963 50.338
 146 123.210036  60.585711   116.836   116.809  9 56102.87084458 38.730
 147 123.212170  60.585858   119.427   119.455 10 56112.78647562 39.303
 148 123.217004  60.585156   115.998   115.981 10 56122.70211471 54.843
 149 123.233501  60.587566   117.957   117.932 13 56132.61775143 50.771
 150 123.238537  60.587896   163.989   164.005 12 56142.53338910 23.396
 151 123.232052  60.587878   116.178   115.433 13 56152.44903934 24.299
 152 123.215761  60.584899   113.941   113.976 10 56162.36468678 41.164
 153 123.214917  60.585809   114.476   114.399  9 56172.28033419 49.360
 154 123.218944  60.585972   116.349   116.355 10 56182.19597720 22.740
 155 123.241668  60.591934   189.829   188.904  7 56192.11161885  7.145
 156 123.231483  60.587279   114.165   113.424 12 56202.02725339 53.620
 157 123.229792  60.587458   113.432   113.458 13 56211.94288728 40.571
 158 123.226064  60.587454   111.351   111.333 13 56221.85851899 50.090
 159 123.212781  60.585520   110.504   110.522  9 56231.77417144 42.176
 160 123.211569  60.585855   112.099   112.096  9 56241.68982388 28.268
 161 123.212948  60.585997   112.080   112.065 10 56251.60547236 25.255
 162 123.213148  60.585378   111.857   111.886 10 56261.52111602 22.710
 163 123.212992  60.585314   112.933   112.784 10 56271.43675760 16.997
 164 123.213158  60.585396   112.753   112.531  9 56281.35239854 16.966
 165 123.213107  60.585953   114.745   115.463 10 56291.26805098 16.525
 166 123.213437  60.585019   113.177   112.160 10 56301.18369878 15.010
 167 123.225646  60.587689   115.726   115.900 14 56311.09934390 15.656
 168 123.227687  60.587702   118.124   118.130 13 56321.01498545 15.215
 169 123.226697  60.588222   117.363   117.300 14 56330.93062605 17.329
 170 123.216660  60.585588   117.361   117.282 10 56340.84626483 13.141
 171 123.218206  60.585730   120.608   120.949 10 56350.76190277 12.599
 172 123.230119  60.588278   121.890   121.975 13 56360.67754234 12.490
 173 123.228281  60.587592   122.222   122.357 13 56370.59319175 11.841
 175 123.212958  60.585717   122.075   122.143  9 56390.42448216 12.668
 176 123.208105  60.585551   118.540   117.499  9 56400.34012499 18.319
 177 123.209441  60.586212   110.222   110.196  9 56410.25576584 41.148
 179 123.214797  60.585234   118.328   118.321 10 56430.08703857 53.686
 180 123.212427  60.585745   122.758   122.652 10 56440.00269160 25.101
 181 123.210746  60.586106   118.914   117.686  9 56449.91834215 26.296
 182 123.209902  60.585686   115.842   115.905  9 56459.83399043 51.849
 183 123.212671  60.585395   114.133   114.094 10 56469.74963572 39.709
 184 123.217530  60.585661   120.749   122.531 10 56479.66527745 23.338
 185 123.226156  60.587450   115.061   114.634 13 56489.58091581 38.888
 187 123.230227  60.587813   118.193   117.795 13 56509.41218488 34.805
 188 123.230039  60.587818   115.572   115.184 13 56519.32782629 33.543
 189 123.226372  60.587439   120.330   121.366 13 56529.24347983 22.401
 190 123.227402  60.588065   118.671   117.674 13 56539.15912981 24.256
 191 123.226700  60.588204   113.593   113.385 14 56549.07477532 53.097
 192 123.214472  60.585291   117.974   118.347 10 56558.99041689 22.149
 193 123.212696  60.586179   112.733   112.679  9 56568.90605890 28.598
 194 123.207913  60.585370   111.642   111.609  9 56578.82169910 51.035
 195 123.211410  60.585448   110.621   110.619  9 56588.73733637 52.315
 196 123.214929  60.585659   110.048   110.082  9 56598.65298028 44.575
 197 123.213413  60.585563   110.218   110.208 10 56608.56863115 32.019
 198 123.211339  60.585789   110.948   110.927 10 56618.48427718 26.482
 199 123.210622  60.585921   111.148   111.152 10 56628.39992011 20.226
 200 123.213895  60.585884   112.114   111.192 10 56638.31556047 19.202
 201 123.226923  60.588259   112.959   112.556 13 56648.23120558 17.658
 202 123.226002  60.587118   115.118   115.107 13 56658.14685713 14.767
 203 123.227519  60.587960   113.043   112.877 13 56668.06250489 15.481
 205 123.212528  60.585657   114.968   114.975 10 56687.89379167 14.052
 206 123.212990  60.585355   111.425   111.404 10 56697.80943293 19.279
 207 123.227139  60.588140   110.865   110.520 13 56707.72507122 21.506
 208 123.229670  60.587297   111.618   111.577 13 56717.64070787 22.822
 211 123.204945  60.586267   109.676   109.706  9 56747.38765240 18.456
 212 123.205559  60.586219   115.139   116.117  9 56757.30329337 23.602
 213 123.211831  60.585865   112.403   110.567 10 56767.21892893 35.910
 214 123.202977  60.581249   469.680   469.680  2 56777.13457137  3.000
 215 123.211454  60.585780   115.714   115.692  9 56787.05022897 54.425
 216 123.205744  60.586015   118.075   118.200  9 56796.96588107 27.621
 217 123.201357  60.585695   117.087   117.636  9 56806.88152814 23.294
 219 123.213571  60.585201   116.748   116.758 10 56826.71280819 52.570
 221 123.231590  60.587206   114.547   114.589 12 56846.54407588 44.534
 222 123.227241  60.588096   115.146   115.902 13 56856.45972521 26.492
 223 123.213265  60.585848   112.072   112.009 10 56866.37537718 35.412
 224 123.210766  60.585662   112.908   112.926  9 56876.29102925 38.234
 225 123.212984  60.585898   115.684   115.340 10 56886.20667869 21.711
 226 123.213056  60.585110   112.944   112.951 10 56896.12232497 49.034
 227 123.211082  60.585375   117.025   116.653 10 56906.03796817 22.250
 228 123.204825  60.585508   116.159   114.924  9 56915.95360869 22.632
 229 123.201448  60.585980   117.473   118.386  9 56925.86924760 24.406
 230 123.202667  60.585668   112.839   112.855  8 56935.78488359 54.101
 231 123.213648  60.586043   111.529   111.426  9 56945.70051526 40.306
 232 123.214744  60.584994   110.047   110.054 10 56955.61616691 47.272
 233 123.214575  60.585101   111.892   111.845 10 56965.53181620 29.792
 234 123.211532  60.585682   117.125   117.434 10 56975.44746093 15.130
 235 123.207849  60.585478   115.529   114.581  9 56985.36310106 15.224
 236 123.213944  60.585814   116.268   117.329 10 56995.27873681 14.686
 237 123.228202  60.587624   117.689   118.699 13 57005.19437998 15.429
 238 123.231042  60.587421   112.058   111.981 13 57015.11003555 18.573
 239 123.228295  60.587344   117.571   117.872 13 57025.02568609 17.255
 240 123.214750  60.585537   114.472   115.022  9 57034.94133310 15.644
 241 123.209557  60.585853   109.825   108.422  9 57044.85697857 18.821
 242 123.210426  60.585904   110.645   109.198 10 57054.77262157 18.937
 243 123.214909  60.584940   109.094   109.088 10 57064.68825993 19.518
 244 123.230492  60.588429   112.944   112.344 13 57074.60389512 17.386
 245 123.231223  60.588174   116.377   117.244 13 57084.51952522 18.904
 246 123.213799  60.585815   115.949   116.035 10 57094.43517629 19.060
 247 123.204654  60.586185   116.429   116.417  9 57104.35083223 15.570
 248 123.201008  60.585683   113.267   113.610  9 57114.26648439 18.609
 249 123.206929  60.585809   115.923   116.628  9 57124.18213131 19.573
 250 123.212218  60.585409   116.681   116.981  9 57134.09777274 17.028
