# NaN NaN NaN ;Mean Elev.(m), Avg Gradient(m/km), RMS Gradient(m/km) - SRTM1     
#   45.597  -0.278  12.815 ;Mean Elev.(m), Avg Gradient(m/km), RMS Gradient(m/km) - ASTER GDEM
#   36.705  -0.262  15.739 ;Mean Elev.(m), Avg Gradient(m/km), RMS Gradient(m/km) - GMTED2010 
   1 127.013778  64.110447    62.205    62.287  6 54665.26491443 28.723
   2 127.012382  64.111590    62.312    62.236  5 54675.18055888 25.967
   3 127.011941  64.113294     0.320     0.320  4 54685.09620198  8.141
   4 127.008247  64.115309    62.083    62.083  2 54695.01184329 29.584
   5 127.008263  64.114993     1.608     0.988  3 54704.92748264 15.007
   6 127.013167  64.111225    60.906    60.736  5 54714.84313500 42.420
   7 127.038295  64.103674    13.449    13.453 15 54724.75878825  9.161
   8 127.039712  64.102085    62.203    62.245 16 54734.67443671 26.188
   9 127.035644  64.103806    62.049    62.267 15 54744.59008317 26.173
  10 127.037640  64.104793    58.529    58.549 15 54754.50572981 51.283
  11 127.036185  64.104965    57.739    57.743 14 54764.42137525 51.494
  12 127.040305  64.102300    56.954    56.973 15 54774.33701870 43.561
  13 127.041982  64.100276    58.873    59.291 16 54784.25265930 20.317
  14 127.041266  64.100838    58.314    57.875 16 54794.16829762 17.380
  17 127.013381  64.111631    58.095    58.134  5 54823.91521362 16.455
  18 127.014849  64.109834    57.992    57.994  6 54833.83085397 15.382
  19 127.038815  64.104563    58.519    58.105 14 54843.74650661 15.123
  20 127.015671  64.109517    57.895    57.679  7 54853.66215307 14.610
  21 127.012692  64.111724    57.882    57.418  5 54863.57780131 14.453
  22 127.012518  64.112433    57.477    57.849  5 54873.49344973 13.809
  23 127.014040  64.111054    57.897    58.072  5 54883.40909615 13.620
  24 127.037150  64.104056    58.368    58.224 14 54893.32474163 13.767
  25 127.037871  64.101492    58.589    58.667 16 54903.24038202 13.075
  26 127.040157  64.100927    58.903    58.959 16 54913.15602116 12.038
  27 127.036030  64.103441    58.937    58.944 15 54923.07165870 12.133
  28 127.041729  64.104377    58.422    58.365 13 54932.98729651 12.052
  29 127.014739  64.109858    58.151    58.147  6 54942.90292912 12.466
  30 127.038080  64.104422    58.736    56.846 14 54952.81856532 37.817
  31 127.040206  64.102001    59.874    59.431 15 54962.73420925 39.224
  32 127.038543  64.102071    64.680    64.679 15 54972.64985766 37.748
  33 127.039536  64.103626    62.467    62.469 15 54982.56550519 47.422
  34 127.014083  64.110464    63.500    63.524  6 54992.48114956 37.718
  35 127.013505  64.111124    62.527    62.496  6 55002.39679592 36.047
  36 127.014660  64.110313    61.348    61.335  6 55012.31244073 43.685
  37 127.030336  64.106622    62.571    62.538 11 55022.22808569 27.829
  38 127.015581  64.109971    62.320    62.283  6 55032.14372647 26.326
  39 127.013900  64.111775    61.515    62.176  5 55042.05936789 30.369
  40 127.011705  64.113448    62.397    62.419  4 55051.97500777 25.466
  41 127.010639  64.112984    59.341    59.364  4 55061.89064575 36.349
  42 127.018089  64.108980    61.207    61.611  8 55071.80628993 28.606
  43 127.036986  64.102653    59.287    59.259 15 55081.72194085 54.951
  44 127.037513  64.101756    60.340    59.972 16 55091.63758793 28.554
  45 127.036318  64.103104    60.755    60.527 15 55101.55323411 30.344
  46 127.040600  64.103893    59.528    59.478 14 55111.46888043 53.413
  47 127.038797  64.104342    59.070    59.060 14 55121.38452413 49.805
  48 127.037406  64.103089    57.739    57.733 15 55131.30016519 51.007
  49 127.038118  64.101206    55.768    55.790 16 55141.21580454 45.511
  50 127.041091  64.100875    57.440    57.158 16 55151.13144330 32.576
  51 127.036961  64.103941    57.185    57.159 15 55161.04708126 29.500
  52 127.015734  64.110506    57.386    57.420  6 55170.96271698 26.166
  53 127.010673  64.112878    57.292    57.295  5 55180.87835307 23.817
  54 127.014088  64.111299    57.280    57.249  5 55190.79400215 24.171
  55 127.015461  64.110150    57.056    57.036  7 55200.70965269 22.950
  56 127.015087  64.110197    56.854    56.830  6 55210.62530224 22.839
  57 127.013792  64.111092    56.642    56.674  6 55220.54095115 21.978
  58 127.016002  64.110302    56.567    56.592  6 55230.45659947 20.769
  59 127.038320  64.104958    56.370    56.367 14 55240.37224679 20.311
  60 127.040685  64.102499    56.390    56.368 15 55250.28788848 19.483
  61 127.039284  64.101320    56.273    56.305 15 55260.20352748 19.687
  62 127.037697  64.101807    56.835    56.835 16 55270.11916557 17.897
  63 127.039380  64.102828    56.793    56.689 15 55280.03480386 17.146
  64 127.036954  64.104590    56.871    56.834 15 55289.95044047 16.868
  65 127.035368  64.105471    57.053    57.003 14 55299.86607487 16.346
  66 127.038871  64.103513    58.217    57.382 15 55309.78172049 30.485
  67 127.039306  64.102101    59.125    57.899 15 55319.69736645 22.861
  68 127.039223  64.102072    57.263    57.237 15 55329.61301115 43.060
  69 127.040020  64.103411    64.975    64.931 15 55339.52865551 51.250
  70 127.017152  64.109399    62.226    62.228  7 55349.44429701 50.387
  71 127.015773  64.110682    60.991    60.987  6 55359.35993886 53.163
  72 127.014600  64.110976    62.650    62.659  5 55369.27557868 26.321
  73 127.014662  64.111024    62.599    62.626  5 55379.19121719 26.720
  74 127.015158  64.111533    61.047    61.042  5 55389.10685501 52.834
  75 127.012196  64.112802    59.561    59.557  5 55399.02249149 49.676
  76 127.012410  64.112166    62.385    62.323  5 55408.93813762 26.948
  77 127.016157  64.109358    59.741    59.679  7 55418.85378896 53.026
  78 127.037571  64.103202    60.028    59.698 15 55428.76943877 31.897
  79 127.039554  64.101969    58.793    58.800 16 55438.68508370 44.611
  80 127.038475  64.102719    59.727    59.701 16 55448.60072675 54.302
  81 127.037418  64.103745    62.178    62.385 15 55458.51636944 26.464
  82 127.036633  64.104211    61.866    62.267 15 55468.43201146 27.304
  83 127.036893  64.103730    61.751    61.731 15 55478.34765040 25.859
  84 127.039906  64.102781    57.158    57.162 15 55488.26328663 45.007
  85 127.039135  64.103119    56.653    56.667 15 55498.17892018 49.831
  86 127.037167  64.104621    57.407    57.400 15 55508.09455825 23.805
  87 127.031130  64.106486    57.699    57.741 11 55518.01020787 22.669
  88 127.016111  64.110061    59.716    59.377  6 55527.92585563 19.211
  89 127.017464  64.109983    59.926    60.300  6 55537.84150326 17.511
  90 127.013989  64.110556    61.055    61.347  6 55547.75714811 15.735
  91 127.016861  64.110167    61.337    61.191  6 55557.67279180 15.293
  92 127.013065  64.111431    60.893    61.356  6 55567.58843383 15.209
  93 127.013080  64.111470    60.891    61.466  6 55577.50407552 14.582
  94 127.016720  64.109636    60.606    60.769  6 55587.41971560 14.625
  95 127.037225  64.104175    60.394    60.494 15 55597.33535444 14.066
  96 127.035725  64.103614    60.129    60.213 15 55607.25098806 14.006
  97 127.037794  64.103885    60.546    60.422 14 55617.16661997 13.938
  98 127.038912  64.104985    61.239    61.058 12 55627.08226440 12.622
  99 127.016916  64.109287    60.217    59.952  7 55636.99791374 11.994
 100 127.038279  64.104505    60.916    60.850 14 55646.91356577 12.018
 101 127.040257  64.102445    60.511    60.533 15 55656.82921297 12.586
 102 127.039174  64.101805    60.826    60.793 16 55666.74485540 11.103
 103 127.039637  64.102427    58.154    57.709 15 55676.66049495 31.100
 104 127.035782  64.105098    62.494    62.698 14 55686.57613203 30.434
 105 127.015857  64.110651    61.928    62.060  6 55696.49176621 38.601
 106 127.014524  64.111914    60.345    60.343  5 55706.40740117 56.927
 107 127.011996  64.111672    62.659    62.582  5 55716.32305070 27.843
 108 127.013652  64.110816    62.597    62.618  6 55726.23869961 27.155
 109 127.013282  64.111251    62.525    62.537  6 55736.15434647 27.807
 110 127.013323  64.111935    62.446    62.343  5 55746.06999212 28.975
 111 127.011734  64.111975    59.684    59.690  5 55755.98563582 47.889
 112 127.017267  64.109299    57.996    57.992  6 55765.90127795 56.239
 113 127.039035  64.103074    59.617    58.713 15 55775.81691895 33.315
 114 127.040017  64.101808    60.414    60.427 15 55785.73255468 51.865
 115 127.037785  64.103656    62.208    62.315 15 55795.64818781 26.109
 116 127.016513  64.109708    60.556    60.073  6 55805.56382493 28.050
 117 127.015832  64.110578    62.215    62.322  6 55815.47947393 26.567
 118 127.027616  64.107171    59.616    59.438 11 55825.39512175 40.643
 119 127.038320  64.103393    59.958    59.834 15 55835.31076501 35.237
 120 127.040413  64.102141    60.082    60.162 15 55845.22640375 29.079
 121 127.038424  64.104085    57.315    57.306 15 55855.14203910 49.590
 122 127.014689  64.110851    57.356    57.356  6 55865.05767656 51.853
 123 127.012742  64.112314    57.205    57.192  4 55874.97332941 33.927
 133 127.038868  64.102257    61.548    61.719 16 55974.12976691 14.396
 134 127.017010  64.109197    60.841    60.846  6 55984.04540062 14.149
 135 127.010923  64.112327    61.267    61.301  5 55993.96103386 13.731
 136 127.015517  64.109978    61.021    61.124  6 56003.87668527 13.571
 137 127.038482  64.102839    61.606    61.676 16 56013.79233692 13.086
 139 127.040819  64.102302    61.805    61.824 15 56033.62362610 12.808
 141 127.012479  64.112808    56.282    56.269  5 56053.45490218 49.772
 142 127.009183  64.113906    66.088    66.133  4 56063.37053691 35.945
 143 127.011473  64.112199    64.059    64.015  5 56073.28617910 35.349
 144 127.016959  64.109846    62.654    62.624  6 56083.20182980 32.165
 145 127.013173  64.110593    62.011    62.011  6 56093.11747700 37.003
 146 127.013240  64.111495    60.957    60.954  6 56103.03312235 44.158
 147 127.012823  64.111417    62.492    62.454  5 56112.94875331 26.353
 148 127.015050  64.109752    62.467    62.508  6 56122.86439252 23.932
 149 127.036565  64.103914    60.453    60.342 15 56132.78002993 50.596
 150 127.040237  64.102322    61.731    61.645 15 56142.69566785 33.683
 151 127.038512  64.102956    59.777    59.797 16 56152.61131831 47.801
 152 127.038877  64.104588    60.252    60.304 14 56162.52696728 49.134
 153 127.014188  64.110335    60.594    60.365  6 56172.44261164 32.092
 154 127.015629  64.109563    60.299    60.060  7 56182.35825415 33.326
 155 127.036029  64.104151    62.093    62.279 15 56192.27389503 26.638
 156 127.038557  64.102782    61.066    60.868 16 56202.18953128 28.924
 157 127.038307  64.104451    58.836    58.790 14 56212.10516517 49.113
 158 127.013692  64.112243    57.956    57.954  5 56222.02079443 51.111
 159 127.009323  64.114527    56.427    56.438  3 56231.93644830 33.622
 160 127.010717  64.113826    56.641    56.657  4 56241.85210110 34.635
 161 127.015353  64.111379    57.357    57.353  5 56251.76775007 29.950
 162 127.016429  64.109908    57.498    57.509  6 56261.68339392 30.040
 163 127.016698  64.109857    57.550    57.559  6 56271.59903540 29.358
 164 127.014868  64.110781    57.442    57.458  6 56281.51467609 26.935
 165 127.017529  64.109882    57.398    57.364  6 56291.43032853 24.911
 166 127.037289  64.104602    57.123    57.148 15 56301.34597843 23.049
 167 127.038154  64.102456    56.807    56.806 15 56311.26162218 22.387
 168 127.038462  64.101598    56.620    56.614 15 56321.17726361 21.503
 169 127.036577  64.103046    56.414    56.417 15 56331.09290409 21.854
 170 127.038400  64.104634    56.758    56.658 15 56341.00854438 19.386
 171 127.013081  64.110758    57.767    57.711  6 56350.92417957 18.101
 172 127.017547  64.109566    56.770    56.820  6 56360.83981872 18.843
 173 127.039519  64.103585    56.398    56.288 15 56370.75547099 18.428
 175 127.036606  64.104473    57.477    57.653 14 56390.58676253 17.078
 176 127.016306  64.110371    58.776    58.740  6 56400.50240330 21.163
 177 127.010941  64.112950    56.309    56.313  4 56410.41804303 50.718
 178 127.010426  64.113461    57.458    57.002  4 56420.33367858 38.113
 179 127.012732  64.112559    64.567    64.567  4 56430.24931567 55.338
 180 127.015051  64.110745    62.447    62.445  6 56440.16496920 57.179
 181 127.015019  64.110038    62.683    62.731  7 56450.08062000 27.702
 182 127.015251  64.109665    62.286    62.288  7 56459.99626858 56.420
 183 127.037379  64.104652    61.625    62.260 15 56469.91191623 31.961
 184 127.037835  64.103718    60.140    59.739 15 56479.82755775 41.160
 185 127.039591  64.102863    61.085    61.086 15 56489.74319538 56.435
 187 127.038858  64.104868    61.802    61.802 14 56509.57446349 54.882
 188 127.012723  64.110743    62.364    62.386  6 56519.49010214 25.569
 189 127.017066  64.109672    62.427    62.394  6 56529.40575626 24.942
 190 127.030794  64.106518    61.872    62.144 12 56539.32140734 29.481
 191 127.038370  64.104318    60.933    60.801 14 56549.23705358 32.045
 192 127.036865  64.104694    62.338    62.427 14 56559.15269641 27.481
 193 127.014941  64.109885    62.088    62.129  6 56569.06833609 26.695
 194 127.010891  64.112460    58.109    58.118  5 56578.98397634 40.238
 195 127.010871  64.113719    57.124    57.119  3 56588.89961327 44.570
 196 127.013040  64.112973    56.342    56.345  4 56598.81525753 47.145
 197 127.013621  64.111343    57.422    57.441  6 56608.73090873 31.906
 198 127.015186  64.110539    57.106    57.089  6 56618.64655500 25.793
 199 127.013899  64.110852    57.102    57.134  6 56628.56219762 20.480
 200 127.013825  64.110820    58.068    57.400  6 56638.47783739 17.490
 201 127.026972  64.107255    59.503    58.788 11 56648.39348255 17.480
 202 127.039316  64.102983    60.104    60.172 15 56658.30913557 15.656
 203 127.038264  64.102286    59.970    60.186 16 56668.22478295 14.983
 205 127.036753  64.105020    60.635    60.785 14 56688.05607126 14.697
 206 127.016219  64.109531    59.284    59.380  7 56697.97171042 14.606
 207 127.018335  64.108941    59.689    59.480  8 56707.88734746 14.628
 208 127.035722  64.105160    60.840    60.805 14 56717.80298644 13.953
 209 127.037885  64.104175    60.767    60.681 15 56727.71863951 13.855
 211 127.013078  64.111446    60.470    60.289  5 56747.54993055 13.652
 212 127.011388  64.112851    60.801    60.885  5 56757.46557095 11.961
 213 127.012119  64.112945    57.092    57.107  4 56767.38120577 21.538
 214 127.013718  64.111525    58.363    58.203  6 56777.29685020 34.845
 215 127.015189  64.110026    61.342    61.527  7 56787.21250665 36.691
 216 127.016760  64.109351    62.827    62.829  6 56797.12815952 39.138
 217 127.016856  64.109466    62.587    62.581  7 56807.04380708 30.759
 219 127.037382  64.104060    60.844    60.821 15 56826.87508868 51.025
 220 127.037753  64.102938    60.405    60.374 15 56836.79072332 41.594
 221 127.037109  64.103792    59.525    59.535 15 56846.70635462 55.354
 222 127.036291  64.104903    61.725    62.151 14 56856.62200436 31.347
 223 127.014137  64.110208    58.889    58.853  6 56866.53765523 53.793
 224 127.016884  64.109559    62.243    62.357  7 56876.45330757 26.851
 225 127.038952  64.104354    59.229    59.179 14 56886.36895894 49.737
 226 127.037292  64.103282    60.590    60.206 15 56896.28460504 29.291
 227 127.036235  64.103625    61.262    62.242 15 56906.20024816 26.947
 228 127.033983  64.105837    62.176    62.379 13 56916.11588888 28.027
 229 127.013440  64.112063    62.391    62.278  5 56926.03152574 25.698
 230 127.010022  64.114127    60.296    60.195  4 56935.94716124 32.688
 231 127.009197  64.114216    57.633    57.641  4 56945.86279185 48.827
 232 127.014640  64.110862    56.642    56.640  5 56955.77844477 48.538
 233 127.041768  64.104367    56.818    56.252 13 56965.69409700 35.040
 234 127.016198  64.109631    57.031    57.069  6 56975.60973900 27.415
 235 127.014518  64.111307    57.288    57.336  5 56985.52537896 22.879
 236 127.011439  64.112260    60.028    60.020  5 56995.44101341 16.816
 237 127.016036  64.109618    61.032    61.058  6 57005.35665586 15.994
 238 127.039636  64.102350    61.066    60.849 15 57015.27231368 15.989
 239 127.040095  64.101510    61.077    61.100 16 57025.18796455 15.282
 240 127.038082  64.103771    61.630    61.713 14 57035.10361278 14.824
 241 127.017585  64.109766    60.369    60.346  6 57045.01925650 14.073
 242 127.014992  64.110917    60.526    60.322  5 57054.93489924 13.171
 243 127.016602  64.109438    60.124    60.086  7 57064.85053768 13.135
 244 127.037711  64.104768    61.176    60.978 14 57074.76617341 12.725
 245 127.016666  64.109789    60.502    60.773  6 57084.68180113 13.092
 246 127.013753  64.112007    60.565    60.575  5 57094.59745404 12.711
 247 127.009576  64.114165    61.258    61.021  3 57104.51311002 11.741
 248 127.010169  64.114190    61.421    61.468  4 57114.42876237 11.598
 249 127.012608  64.112123    60.493    60.463  4 57124.34440889 11.248
 250 127.015373  64.109717    58.494    58.432  7 57134.26005018  9.098
