# NaN NaN NaN ;Mean Elev.(m), Avg Gradient(m/km), RMS Gradient(m/km) - SRTM1     
#   21.786  -2.057   5.958 ;Mean Elev.(m), Avg Gradient(m/km), RMS Gradient(m/km) - ASTER GDEM
#   25.065  -1.062   5.114 ;Mean Elev.(m), Avg Gradient(m/km), RMS Gradient(m/km) - GMTED2010 
   1 124.244608  65.838188    39.350    39.394 12 54667.21541817 24.214
   2 124.231196  65.839937    39.960    39.859 16 54677.13106135 24.137
   3 124.217315  65.842657   -10.185    -9.945 17 54687.04670314 14.605
   4 124.223757  65.843527    41.185    41.133 17 54696.96234509 55.252
   5 124.224917  65.842763    -7.864    -7.839 17 54706.87798599 10.046
   6 124.265035  65.837478    62.819    44.880  9 54716.79364193 17.901
   7 124.215911  65.838048     2.007     3.563 19 54726.70928702 12.079
   8 124.206113  65.837843    40.040    40.024 17 54736.62493399 55.295
   9 124.205002  65.839164   102.086   101.246 14 54746.54058110 21.826
  10 124.217565  65.839863    38.036    38.050 19 54756.45622904 42.963
  11 124.222566  65.839589    37.195    37.204 19 54766.37187460 47.589
  12 124.215329  65.838268    36.859    36.786 19 54776.28751599 41.945
  13 124.218736  65.836221    38.263    37.384 19 54786.20315595 21.586
  14 124.218679  65.836210    38.887    37.443 19 54796.11879428 20.058
  17 124.218640  65.841284    39.792    37.611 17 54825.86571666 18.146
  18 124.222321  65.840129    39.866    38.048 19 54835.78135647 16.191
  19 124.215792  65.840175    39.543    37.617 18 54845.69700553 16.348
  20 124.219644  65.840435    39.944    38.931 20 54855.61265481 15.233
  21 124.222787  65.841585    39.808    39.323 18 54865.52830390 15.179
  22 124.222958  65.842015    39.678    39.354 18 54875.44395231 15.055
  23 124.219525  65.841383    39.808    38.523 20 54885.35959763 14.632
  24 124.222619  65.838937    40.050    40.016 19 54895.27524018 13.568
  25 124.215959  65.837395    40.554    40.921 20 54905.19087916 13.155
  26 124.217804  65.836968    40.434    40.346 20 54915.10651777 13.450
  27 124.217768  65.838137    40.466    40.381 18 54925.02215580 12.793
  28 124.219037  65.839422    40.008    39.170 19 54934.93779321 12.089
  30 124.218470  65.838664    38.924    38.700 19 54954.76906158 29.823
  31 124.238609  65.835683    38.577    38.400 12 54964.68470990 41.575
  32 124.216410  65.836940    45.243    45.229 20 54974.60035598 44.487
  34 124.193739  65.841791    43.591    43.515 11 54994.43164905 28.199
  35 124.230196  65.840263    42.545    42.299 16 55004.34729871 23.626
  36 124.218190  65.840886    41.868    41.716 19 55014.26294178 26.159
  37 124.224833  65.840065    41.698    42.068 18 55024.17858522 22.931
  38 124.222319  65.840791    41.383    40.782 19 55034.09422720 23.112
  39 124.218531  65.841943    40.358    40.156 17 55044.00986834 26.301
  40 124.218182  65.842231    40.145    39.736 17 55053.92550818 26.969
  41 124.273857  65.837319    52.796    41.258  7 55063.84115106 27.381
  42 124.218222  65.839082    86.519    86.439 18 55073.75679182 27.224
  43 124.218073  65.837594    39.433    38.929 18 55083.67243993 28.938
  44 124.216758  65.837619    39.126    38.685 20 55093.58808628 32.144
  46 124.215551  65.839026    41.188    41.202 19 55113.41937852 27.597
  47 124.218146  65.838595    38.888    38.339 19 55123.33502241 47.334
  48 124.217738  65.837769    37.495    37.467 18 55133.25066317 46.284
  49 124.219308  65.836831    37.804    37.109 18 55143.16630203 37.056
  50 124.217770  65.837295    39.901    40.640 20 55153.08194001 27.848
  51 124.220075  65.838447    40.196    41.384 19 55162.99757867 25.680
  52 124.217037  65.840251    40.245    41.657 19 55172.91321652 23.576
  53 124.222831  65.840803    39.680    39.093 18 55182.82885389 22.727
  54 124.224592  65.840608    40.338    41.278 18 55192.74450534 22.681
  55 124.217038  65.841171    39.990    41.360 19 55202.66015466 21.624
  56 124.218983  65.841449    39.669    37.373 17 55212.57580419 21.385
  57 124.224734  65.841226    39.221    38.279 18 55222.49145361 20.200
  58 124.223570  65.840384    39.124    38.667 18 55232.40710109 19.822
  59 124.218062  65.839131    39.591    38.648 19 55242.32274500 18.373
  60 124.214350  65.837866    40.263    40.301 20 55252.23838571 17.395
  61 124.219526  65.837023    39.668    38.326 18 55262.15402501 17.107
  62 124.220115  65.837825    39.996    41.393 19 55272.06966293 16.478
  63 124.219134  65.838711    39.637    38.837 19 55281.98530055 16.018
  64 124.217781  65.838865    39.374    38.377 18 55291.90093699 15.940
  65 124.219250  65.838136    39.376    38.817 19 55301.81657172 15.253
  66 124.216522  65.837337    37.785    36.928 19 55311.73221932 22.077
  67 124.221195  65.837017    36.587    36.401 19 55321.64786520 31.496
  68 124.210041  65.838680   100.618   102.779 16 55331.56350838 10.687
  69 124.222354  65.839113    92.347    92.458 19 55341.47915371 27.598
  70 124.218456  65.840029    42.591    42.627 19 55351.39479733 44.339
  71 124.216099  65.840450    41.067    41.033 18 55361.31043895 55.028
  72 124.221997  65.840339    87.314    87.300 19 55371.22607924 27.452
  73 124.218854  65.841310    40.304    40.291 17 55381.14171724 54.628
  74 124.220032  65.842154    40.758    40.715 17 55391.05735493 55.878
  75 124.222947  65.842120    39.585    39.566 19 55400.97299159 55.467
  76 124.231110  65.840047    39.582    39.729 16 55410.88864145 25.689
  77 124.216593  65.838594    41.028    40.847 21 55420.80429020 24.699
  78 124.216697  65.837017    39.087    38.469 20 55430.71993724 34.565
  79 124.216560  65.837383    39.819    39.922 20 55440.63558182 27.741
  80 124.214427  65.838859    39.094    39.073 20 55450.55122466 45.809
  81 124.217885  65.839439    38.547    38.552 19 55460.46686746 47.999
  82 124.219374  65.838663    40.139    39.857 20 55470.38250903 29.121
  83 124.216276  65.837546    39.582    39.735 20 55480.29814716 29.271
  84 124.215445  65.836878    36.559    36.608 20 55490.21378291 40.701
  85 124.214861  65.837750    35.372    35.720 20 55500.12941650 42.960
  86 124.218088  65.839231    36.330    36.349 19 55510.04505834 33.279
  87 124.218050  65.840406    37.433    36.616 19 55519.96070817 26.575
  88 124.215561  65.840899    37.273    36.602 18 55529.87635683 22.626
  89 124.217143  65.840392    37.606    36.557 19 55539.79200416 20.914
  90 124.219626  65.840071    37.591    36.430 20 55549.70764935 18.671
  91 124.215146  65.841007    38.363    36.663 18 55559.62329216 17.470
  92 124.222705  65.841619    37.968    36.539 18 55569.53893522 16.705
  93 124.223207  65.841686    38.902    36.838 18 55579.45457670 15.658
  94 124.219877  65.840218    38.921    36.865 17 55589.37021527 15.393
  95 124.217971  65.837843    38.937    37.125 18 55599.28585095 14.143
  96 124.217035  65.836559    39.344    38.658 20 55609.20148427 14.731
  97 124.217197  65.837461    39.421    37.123 20 55619.11711602 14.115
  98 124.222679  65.839154    39.378    38.242 19 55629.03276520 12.807
  99 124.217907  65.840420    39.456    38.571 19 55638.94841586 12.043
 100 124.218812  65.839247    39.710    38.789 20 55648.86406488 11.840
 101 124.216683  65.837080    39.834    39.859 19 55658.77971053 11.237
 102 124.218289  65.835852    40.178    39.519 20 55668.69535261 10.350
 103 124.211246  65.837551    37.919    37.866 19 55678.61099138 33.765
 104 124.247758  65.837677    54.913    49.018 11 55688.52663221 36.799
 105 124.223879  65.841166    40.891    40.835 18 55698.44226605 41.978
 106 124.225183  65.841255    43.151    43.727 18 55708.35790270 26.111
 107 124.220121  65.840489    42.227    42.375 17 55718.27355315 24.026
 108 124.220688  65.839981    42.262    41.872 17 55728.18920155 21.681
 109 124.219248  65.840709    42.198    43.147 17 55738.10484821 25.667
 110 124.224466  65.841328    40.308    39.968 18 55748.02049426 27.442
 111 124.225110  65.841221    39.415    39.426 18 55757.93613769 56.183
 112 124.217593  65.840127    38.798    37.938 19 55767.85177770 29.643
 113 124.214966  65.837934    38.509    37.790 20 55777.76741511 40.748
 114 124.216891  65.836445    40.452    40.573 20 55787.68305030 26.847
 115 124.217290  65.837422    39.834    40.313 20 55797.59868377 30.979
 116 124.217232  65.839328    40.048    39.979 19 55807.51432698 26.412
 117 124.242137  65.838993    38.556    38.365 10 55817.42997820 25.353
 118 124.222208  65.839482    40.633    40.287 19 55827.34562171 22.216
 119 124.217716  65.837916    38.518    38.534 18 55837.26126233 47.472
 120 124.216622  65.836615    37.639    37.591 19 55847.17690013 40.907
 121 124.216357  65.837813    37.592    37.076 19 55857.09253558 43.375
 122 124.218258  65.840076    36.950    36.955 19 55867.00818004 39.736
 123 124.220265  65.841847    39.804    39.357 18 55876.92383240 21.423
 133 124.217881  65.837202    41.432    40.773 20 55976.08026344 11.868
 134 124.219461  65.839190    41.103    41.981 19 55985.99589986 11.722
 135 124.215690  65.840754    41.221    41.284 18 55995.91153554 11.349
 136 124.218057  65.839624    40.976    41.820 19 56005.82718764 10.455
 137 124.217756  65.837637    40.680    40.396 18 56015.74283551 11.041
 139 124.217037  65.837946    41.344    40.956 21 56035.57412327 10.137
 141 124.223524  65.841640    96.395    96.962 18 56055.40540282 18.112
 142 124.273762  65.838732    55.929    44.608  7 56065.32104168 36.413
 143 124.223798  65.841090    91.909    91.978 18 56075.23668240 27.009
 144 124.217319  65.840797    42.673    42.688 19 56085.15233124 29.882
 145 124.223919  65.840220    42.060    42.097 18 56095.06797893 46.005
 146 124.219133  65.840764    40.851    40.845 17 56104.98362344 55.773
 147 124.217772  65.840330    42.054    42.100 19 56114.89925380 25.604
 148 124.217162  65.839465    41.712    41.659 19 56124.81489203 25.006
 149 124.217904  65.838140    39.824    39.845 18 56134.73052640 43.111
 150 124.220463  65.837372    42.099    42.008 19 56144.64616738 22.343
 151 124.228999  65.837106    39.222    39.245 16 56154.56181826 29.032
 152 124.217371  65.838965    86.463    86.551 18 56164.47746608 27.624
 153 124.216990  65.839721   106.953   110.514 18 56174.39311282 12.399
 154 124.219614  65.839340    39.967    40.018 20 56184.30875475 50.303
 155 124.213626  65.838701   101.071    98.194 13 56194.22439214  7.697
 156 124.226485  65.837436    40.251    40.116 16 56204.14002845 29.156
 157 124.266771  65.835879    62.893    44.108  9 56214.05566575 35.717
 158 124.222336  65.840997    37.947    37.928 19 56223.97129655 49.381
 159 124.222544  65.842098    38.159    37.110 19 56233.88695254 47.145
 160 124.222781  65.841984    40.146    41.105 19 56243.80260460 25.932
 161 124.218227  65.841390    39.708    39.408 17 56253.71825143 25.954
 162 124.219639  65.840795    39.954    39.650 20 56263.63389445 23.963
 164 124.224014  65.840354    40.383    40.718 18 56283.46517934 19.697
 165 124.221840  65.839516    40.221    39.798 19 56293.38083065 19.076
 166 124.215627  65.838365    40.189    39.150 19 56303.29647722 17.838
 167 124.216784  65.837332    40.198    40.142 19 56313.21212036 16.227
 168 124.215003  65.837780    40.285    40.643 20 56323.12776111 15.793
 169 124.217826  65.838770    40.043    39.635 18 56333.04340168 15.179
 170 124.217328  65.839510    40.618    42.201 19 56342.95904147 13.713
 171 124.217223  65.839496    40.609    40.776 19 56352.87467902 13.410
 172 124.219169  65.838637    40.368    40.206 19 56362.79032108 13.115
 173 124.217967  65.838244    39.891    39.569 18 56372.70597014 12.841
 175 124.222451  65.839919    40.434    40.548 19 56392.53726119 12.003
 176 124.223325  65.840965    37.773    37.952 18 56402.45290386 21.311
 177 124.219910  65.841685    36.090    36.002 18 56412.36854333 47.009
 178 124.218954  65.841613    37.113    36.684 17 56422.28417808 47.043
 179 124.272558  65.837843    58.856    47.825  7 56432.19982434 31.685
 180 124.216945  65.841270    42.527    42.499 19 56442.11547178 55.445
 181 124.230805  65.840328    42.223    42.122 16 56452.03112318 22.408
 182 124.215976  65.840571    42.254    42.475 18 56461.94676949 34.989
 183 124.226746  65.838424    39.415    39.751 16 56471.86241491 27.709
 184 124.229019  65.836942    38.924    38.936 15 56481.77805603 30.192
 185 124.214634  65.837714    41.098    41.186 20 56491.69369178 25.698
 187 124.218752  65.839961    41.913    41.642 19 56511.52495964 23.365
 188 124.216056  65.840474    41.892    41.865 18 56521.44060499 51.007
 189 124.221818  65.839269    96.383    94.666 18 56531.35625847 16.522
 191 124.215977  65.838467    40.463    40.271 19 56551.18755208 25.683
 192 124.216358  65.839711    38.735    38.735 18 56561.10319482 46.929
 193 124.219385  65.841287    40.209    39.903 17 56571.01883671 32.561
 194 124.225750  65.842123    37.446    37.451 17 56580.93447741 41.332
 195 124.228259  65.841788    36.888    36.963 17 56590.85011367 46.692
 196 124.218155  65.841240    36.693    36.757 17 56600.76576055 35.826
 197 124.217765  65.840390    36.496    36.581 19 56610.68141067 27.594
 198 124.223175  65.840578    36.692    36.709 18 56620.59705658 22.718
 199 124.218960  65.841563    36.652    36.764 17 56630.51269850 21.840
 200 124.219473  65.841147    36.725    36.830 17 56640.42833726 21.298
 201 124.218015  65.839213    37.041    37.018 19 56650.34398385 20.984
 202 124.217241  65.837080    37.288    36.986 19 56660.25963451 18.873
 203 124.216280  65.836757    37.324    36.868 20 56670.17528158 18.411
 205 124.222403  65.840077    37.417    36.647 19 56690.00657032 18.250
 206 124.218006  65.840750    38.133    36.741 19 56699.92221008 16.416
 207 124.217989  65.839489    38.296    36.734 18 56709.83784561 15.824
 208 124.216056  65.838357    38.627    36.847 19 56719.75348671 14.845
 209 124.141668  65.843288    43.158    43.301  7 56729.66913199 10.317
 211 124.227885  65.841694    39.725    38.898 17 56749.50043248 12.155
 212 124.226620  65.842599    36.902    36.660 17 56759.41607184 27.626
 213 124.228421  65.841782    36.785    36.771 17 56769.33170524 29.382
 214 124.219579  65.840677    38.298    36.981 17 56779.24735402 23.226
 215 124.216973  65.839929    40.425    39.993 18 56789.16300939 33.676
 216 124.224167  65.839722    92.019    91.955 18 56799.07866227 27.166
 217 124.229448  65.840258    42.351    42.161 16 56808.99430881 23.720
 219 124.216996  65.839378    40.898    40.882 18 56828.82558515 54.574
 220 124.162450  65.841068    46.242    43.307  8 56838.74121379 26.731
 221 124.216268  65.837351    39.501    39.331 20 56848.65685018 51.247
 222 124.216405  65.838647    41.371    40.843 21 56858.57250469 22.595
 223 124.219422  65.840476    38.513    38.452 17 56868.48815837 55.544
 224 124.222426  65.840824    38.600    38.590 19 56878.40381005 49.686
 225 124.224757  65.839476    39.387    38.920 18 56888.31945842 27.097
 226 124.215360  65.838380    40.224    40.229 19 56898.23510303 24.262
 227 124.217545  65.838235    38.259    38.228 18 56908.15074616 54.892
 228 124.272944  65.836566    57.068    40.871  6 56918.06639221 25.270
 229 124.227681  65.842083    41.040    40.741 17 56927.98202686 25.051
 230 124.225561  65.843302    41.157    41.695 16 56937.89766153 30.422
 231 124.226442  65.842332    37.160    37.150 17 56947.81329413 50.778
 232 124.215967  65.840751    36.069    36.264 18 56957.72894680 39.447
 233 124.217277  65.839446    35.352    35.535 19 56967.64459514 34.214
 234 124.222492  65.839673    36.719    36.521 19 56977.56023975 27.680
 235 124.221078  65.840969    37.121    36.799 18 56987.47587921 25.019
 236 124.224734  65.840905    37.318    36.712 18 56997.39151318 22.688
 237 124.222141  65.839434    37.413    36.754 19 57007.30715987 21.775
 238 124.217208  65.837589    37.291    36.626 21 57017.22281317 20.026
 239 124.217323  65.836950    37.604    36.577 19 57027.13846340 18.922
 240 124.219759  65.838298    38.387    37.065 19 57037.05411196 16.457
 241 124.218685  65.840250    38.799    37.832 19 57046.96975763 15.888
 242 124.218107  65.841179    37.562    36.425 17 57056.88539976 17.173
 243 124.217245  65.840395    37.941    36.888 19 57066.80103653 16.384
 244 124.221389  65.839370    38.181    36.649 19 57076.71666936 15.416
 245 124.221801  65.839696    38.471    36.864 19 57086.63229931 14.184
 246 124.219811  65.841231    38.671    37.081 20 57096.54795795 13.747
 247 124.228238  65.842216    38.655    37.488 17 57106.46361471 12.296
 248 124.224153  65.842953    38.791    38.026 17 57116.37926560 12.449
 249 124.217658  65.842213    38.611    37.258 17 57126.29491008 12.134
 250 124.217803  65.840567    39.355    38.059 19 57136.21054985 12.299
