# NaN NaN NaN ;Mean Elev.(m), Avg Gradient(m/km), RMS Gradient(m/km) - SRTM1     
#   18.807     NaN     NaN ;Mean Elev.(m), Avg Gradient(m/km), RMS Gradient(m/km) - ASTER GDEM
#   24.000  -1.766   4.513 ;Mean Elev.(m), Avg Gradient(m/km), RMS Gradient(m/km) - GMTED2010 
   1    42.368 54668.15049945 27.07 124.167783  65.764005 16.551 -100.00 -100.00 -100.00
   1    40.493 54668.15050004 26.99 124.174072  65.764471 14.863 -100.00 -100.00 -100.00
   2    43.022 54678.06614379 27.65 124.167449  65.764929 16.435 -100.00 -100.00 -100.00
   2    39.663 54678.06614438 30.18 124.173738  65.765394 20.540 -100.00 -100.00 -100.00
   2    39.594 54678.06614733 32.07 124.205187  65.767718 25.950 -100.00 -100.00 -100.00
   3   -54.845 54687.98178646  6.03 124.162565  65.766177  1.955 -100.00 -100.00 -100.00
   3   -51.845 54687.98178705  6.02 124.168854  65.766643  1.968 -100.00 -100.00 -100.00
   3   -50.451 54687.98178764  6.02 124.175143  65.767108  1.802 -100.00 -100.00 -100.00
   3   -42.373 54687.98179000  6.51 124.200304  65.768968  1.982 -100.00 -100.00 -100.00
   3   -40.192 54687.98179059  6.73 124.206594  65.769432  2.497 -100.00 -100.00 -100.00
   4    41.800 54697.89742797 49.19 124.166134  65.767267   -100 -100.00 -100.00 -100.00
   4    41.555 54697.89742856 51.24 124.172423  65.767733  8.952 -100.00 -100.00 -100.00
   4    41.382 54697.89743151 35.22 124.203873  65.770058 10.203 -100.00 -100.00 -100.00
   5   -42.718 54707.81306968  6.27 124.162572  65.765977  1.920 -100.00 -100.00 -100.00
   5   -40.589 54707.81307027  6.47 124.168861  65.766443  2.058 -100.00 -100.00 -100.00
   5   -38.361 54707.81307086  6.50 124.175150  65.766909  2.095 -100.00 -100.00 -100.00
   5   -28.701 54707.81307322  6.72 124.200308  65.768769  2.078 -100.00 -100.00 -100.00
   5   -26.637 54707.81307381  7.22 124.206598  65.769234  2.282 -100.00 -100.00 -100.00
   6    41.686 54717.72872157 44.12 124.164552  65.764069  9.900 -100.00 -100.00 -100.00
   6    41.863 54717.72872216 37.29 124.170840  65.764535   -100 -100.00 -100.00 -100.00
   6    41.729 54717.72872275 32.51 124.177128  65.765001 17.889 -100.00 -100.00 -100.00
   6    43.008 54717.72872570 26.98 124.208574  65.767324  7.743 -100.00 -100.00 -100.00
   7   -15.473 54727.64437065 12.08 124.163682  65.761925  3.303 -100.00 -100.00 -100.00
   7   -14.993 54727.64437124 12.11 124.169970  65.762391  3.518 -100.00 -100.00 -100.00
   7   -14.472 54727.64437183 12.08 124.176258  65.762856  3.258 -100.00 -100.00 -100.00
   8    40.731 54737.56001818 44.64 124.162499  65.761470   -100 -100.00 -100.00 -100.00
   8    40.507 54737.56001877 46.81 124.168787  65.761936   -100 -100.00 -100.00 -100.00
   8    40.568 54737.56001936 51.01 124.175075  65.762401  4.517 -100.00 -100.00 -100.00
   9    40.145 54747.47566558 31.95 124.162393  65.762779 22.576 -100.00 -100.00 -100.00
   9    39.559 54747.47566617 37.82 124.168682  65.763244   -100 -100.00 -100.00 -100.00
   9    39.420 54747.47566676 37.78 124.174970  65.763710   -100 -100.00 -100.00 -100.00
  10    38.953 54757.39131293 38.32 124.165658  65.764459 30.936 -100.00 -100.00 -100.00
  10    38.658 54757.39131352 40.75 124.171947  65.764925   -100 -100.00 -100.00 -100.00
  10    38.593 54757.39131411 43.91 124.178236  65.765390   -100 -100.00 -100.00 -100.00
  10    38.695 54757.39131647 38.08 124.203396  65.767248 28.167 -100.00 -100.00 -100.00
  11    37.888 54767.30695813 40.64 124.167979  65.764656   -100 -100.00 -100.00 -100.00
  11    37.856 54767.30695873 43.55 124.174268  65.765122   -100 -100.00 -100.00 -100.00
  11    37.294 54767.30696168 33.75 124.205718  65.767444 16.220 -100.00 -100.00 -100.00
  12    37.644 54777.22259954 37.58 124.165353  65.762738   -100 -100.00 -100.00 -100.00
  12    37.394 54777.22260013 41.75 124.171643  65.763204 11.500 -100.00 -100.00 -100.00
  12    37.469 54777.22260072 36.25 124.177932  65.763669   -100 -100.00 -100.00 -100.00
  13    38.208 54787.13823883 34.32 124.165927  65.760985 24.320 -100.00 -100.00 -100.00
  13    37.782 54787.13823942 33.90 124.172216  65.761451   -100 -100.00 -100.00 -100.00
  13    37.760 54787.13824001 30.60 124.178505  65.761916 27.520 -100.00 -100.00 -100.00
  14    37.860 54797.05387684 31.74 124.164225  65.760574 31.873 -100.00 -100.00 -100.00
  14    37.757 54797.05387743 30.75 124.170514  65.761040 28.417 -100.00 -100.00 -100.00
  14    37.636 54797.05387802 28.28 124.176803  65.761505 19.035 -100.00 -100.00 -100.00
  17    38.506 54826.80080126 24.48 124.167176  65.764928 15.700 -100.00 -100.00 -100.00
  17    38.377 54826.80080185 22.74 124.173465  65.765393 12.293 -100.00 -100.00 -100.00
  17    37.716 54826.80080480 23.74 124.204914  65.767718 15.279 -100.00 -100.00 -100.00
  18    38.547 54836.71644017 20.21 124.164737  65.764604  9.075 -100.00 -100.00 -100.00
  18    38.282 54836.71644076 22.05 124.171026  65.765070 12.744 -100.00 -100.00 -100.00
  18    38.253 54836.71644135 20.96 124.177315  65.765535 10.840 -100.00 -100.00 -100.00
  18    37.761 54836.71644371 20.02 124.202474  65.767394  9.332 -100.00 -100.00 -100.00
  18    37.277 54836.71644430 22.04 124.208765  65.767858 12.679 -100.00 -100.00 -100.00
  19    38.225 54846.63208952 19.70 124.163277  65.764775  9.654 -100.00 -100.00 -100.00
  19    38.539 54846.63209011 18.81 124.169566  65.765241  7.485 -100.00 -100.00 -100.00
  19    37.970 54846.63209070 21.02 124.175855  65.765706 11.443 -100.00 -100.00 -100.00
  19    37.369 54846.63209306 21.23 124.201015  65.767565 11.157 -100.00 -100.00 -100.00
  19    37.234 54846.63209365 20.41 124.207305  65.768029 10.825 -100.00 -100.00 -100.00
  20    40.011 54856.54773866 18.87 124.165899  65.765701  8.927 -100.00 -100.00 -100.00
  20    38.549 54856.54773925 18.42 124.172188  65.766167  8.575 -100.00 -100.00 -100.00
  20    37.883 54856.54773984 18.53 124.178478  65.766632  7.736 -100.00 -100.00 -100.00
  20    37.291 54856.54774221 20.13 124.203638  65.768489 10.672 -100.00 -100.00 -100.00
  21    39.271 54866.46338747 18.52 124.164625  65.766798  8.900 -100.00 -100.00 -100.00
  21    38.605 54866.46338806 19.14 124.170915  65.767264  9.759 -100.00 -100.00 -100.00
  21    38.724 54866.46338866 17.36 124.177205  65.767729  6.437 -100.00 -100.00 -100.00
  21    37.287 54866.46339102 19.76 124.202367  65.769587 11.328 -100.00 -100.00 -100.00
  21    37.194 54866.46339161 18.01 124.208658  65.770051  7.731 -100.00 -100.00 -100.00
  22    37.275 54876.37903604 20.50 124.166741  65.767151 12.847 -100.00 -100.00 -100.00
  22    38.512 54876.37903663 17.63 124.173032  65.767616  8.241 -100.00 -100.00 -100.00
  22    37.064 54876.37903958 17.97 124.204485  65.769938  8.525 -100.00 -100.00 -100.00
  23    40.244 54886.29468100 17.15 124.162255  65.765772  7.488 -100.00 -100.00 -100.00
  23    37.402 54886.29468159 18.03 124.168545  65.766238  9.045 -100.00 -100.00 -100.00
  23    37.283 54886.29468218 19.27 124.174835  65.766703 10.958 -100.00 -100.00 -100.00
  23    37.109 54886.29468454 17.73 124.199997  65.768562  8.521 -100.00 -100.00 -100.00
  23    36.794 54886.29468513 18.40 124.206288  65.769026  8.802 -100.00 -100.00 -100.00
  24    40.729 54896.21032290 14.59 124.162137  65.763764  5.016 -100.00 -100.00 -100.00
  24    40.164 54896.21032349 16.09 124.168427  65.764229  6.990 -100.00 -100.00 -100.00
  24    39.698 54896.21032408 15.66 124.174716  65.764695  5.862 -100.00 -100.00 -100.00
  25    40.967 54906.12596256 14.33 124.166398  65.762548  3.661 -100.00 -100.00 -100.00
  25    40.318 54906.12596315 14.51 124.172687  65.763014  4.612 -100.00 -100.00 -100.00
  25    40.513 54906.12596374 14.77 124.178976  65.763479  5.656 -100.00 -100.00 -100.00
  26    41.843 54916.04160078 14.19 124.167440  65.762409  3.697 -100.00 -100.00 -100.00
  26    41.048 54916.04160137 15.00 124.173729  65.762875  4.752 -100.00 -100.00 -100.00
  26    40.836 54916.04160196 14.62 124.180018  65.763340  4.578 -100.00 -100.00 -100.00
  27    41.878 54925.95723827 13.37 124.162680  65.762801  3.197 -100.00 -100.00 -100.00
  27    41.498 54925.95723886 13.47 124.168969  65.763267  3.279 -100.00 -100.00 -100.00
  27    41.407 54925.95723945 13.73 124.175258  65.763732  3.829 -100.00 -100.00 -100.00
  28    41.672 54935.87287561 12.61 124.163665  65.763447  3.470 -100.00 -100.00 -100.00
  28    40.704 54935.87287620 13.30 124.169954  65.763913  5.108 -100.00 -100.00 -100.00
  28    41.135 54935.87287679 13.16 124.176243  65.764378  4.092 -100.00 -100.00 -100.00
  29    39.924 54945.78851100 23.25 124.164540  65.763141  8.526 -100.00 -100.00 -100.00
  29    39.684 54945.78851159 26.22 124.170828  65.763607 15.234 -100.00 -100.00 -100.00
  29    39.492 54945.78851218 30.48 124.177117  65.764072 27.304 -100.00 -100.00 -100.00
  30    36.640 54955.70414361 36.81 124.163629  65.761555   -100 -100.00 -100.00 -100.00
  30    37.754 54955.70414420 37.03 124.169917  65.762021   -100 -100.00 -100.00 -100.00
  30    38.268 54955.70414479 34.88 124.176205  65.762487 26.504 -100.00 -100.00 -100.00
  31    39.582 54965.61979132 38.47 124.163150  65.760573   -100 -100.00 -100.00 -100.00
  31    40.036 54965.61979191 31.41 124.169437  65.761039 18.350 -100.00 -100.00 -100.00
  31    39.483 54965.61979250 38.32 124.175724  65.761504   -100 -100.00 -100.00 -100.00
  32    45.076 54975.53543915 36.10 124.162273  65.760821 27.129 -100.00 -100.00 -100.00
  32    45.023 54975.53543974 29.87 124.168560  65.761286 10.583 -100.00 -100.00 -100.00
  32    44.689 54975.53544033 29.96 124.174848  65.761752  9.846 -100.00 -100.00 -100.00
  33    43.376 54985.45108743 49.20 124.167380  65.762704 29.028 -100.00 -100.00 -100.00
  33    43.234 54985.45108802 53.35 124.173668  65.763170   -100 -100.00 -100.00 -100.00
  33    43.220 54985.45108861 53.44 124.179957  65.763635   -100 -100.00 -100.00 -100.00
  34    45.073 54995.36673495 25.52 124.164321  65.763954  7.717 -100.00 -100.00 -100.00
  34    44.370 54995.36673554 24.71 124.170610  65.764419  7.436 -100.00 -100.00 -100.00
  34    44.104 54995.36673613 24.84 124.176898  65.764885  7.749 -100.00 -100.00 -100.00
  34    45.000 54995.36673908 27.56 124.208346  65.767208 11.880 -100.00 -100.00 -100.00
  35    43.696 55005.28238120 29.16 124.163964  65.764736 19.313 -100.00 -100.00 -100.00
  35    43.825 55005.28238179 22.92 124.170253  65.765202  7.131 -100.00 -100.00 -100.00
  35    43.138 55005.28238238 23.16 124.176542  65.765667  9.201 -100.00 -100.00 -100.00
  35    43.401 55005.28238474 24.48 124.201700  65.767526 11.454 -100.00 -100.00 -100.00
  35    43.429 55005.28238533 27.54 124.207991  65.767990 17.027 -100.00 -100.00 -100.00
  36    42.059 55015.19802531 45.23 124.164414  65.764981 29.946 -100.00 -100.00 -100.00
  36    41.796 55015.19802590 45.99 124.170703  65.765446   -100 -100.00 -100.00 -100.00
  36    41.697 55015.19802649 49.37 124.176992  65.765912   -100 -100.00 -100.00 -100.00
  36    41.750 55015.19802885 54.42 124.202152  65.767771 23.353 -100.00 -100.00 -100.00
  36    41.718 55015.19802944 51.41 124.208442  65.768235  8.265 -100.00 -100.00 -100.00
  37    40.878 55025.11366806 42.84 124.165472  65.765209 25.397 -100.00 -100.00 -100.00
  37    40.354 55025.11366865 47.23 124.171762  65.765675   -100 -100.00 -100.00 -100.00
  37    40.361 55025.11366924 50.40 124.178051  65.766140 16.013 -100.00 -100.00 -100.00
  37    40.222 55025.11367160 31.01 124.203212  65.767999  7.927  249.87  251.29  251.31
  38    42.804 55035.02930991 28.08 124.162237  65.765761 16.597 -100.00 -100.00 -100.00
  38    40.798 55035.02931050 27.77 124.168526  65.766226 19.461 -100.00 -100.00 -100.00
  38    40.719 55035.02931109 30.62 124.174816  65.766692 29.112 -100.00 -100.00 -100.00
  38    40.759 55035.02931345 29.51 124.199976  65.768551 25.460 -100.00 -100.00 -100.00
  38    40.540 55035.02931404 29.57 124.206267  65.769015 26.023 -100.00 -100.00 -100.00
  39    39.533 55044.94495170 45.22 124.166681  65.766514   -100 -100.00 -100.00 -100.00
  39    39.557 55044.94495229 46.76 124.172971  65.766980   -100 -100.00 -100.00 -100.00
  39    39.128 55044.94495524 46.94 124.204421  65.769304 11.043 -100.00 -100.00 -100.00
  40    39.499 55054.86059093 43.89 124.162797  65.765529   -100 -100.00 -100.00 -100.00
  40    39.617 55054.86059152 46.29 124.169086  65.765995   -100 -100.00 -100.00 -100.00
  40    39.397 55054.86059211 49.26 124.175375  65.766461  5.733 -100.00 -100.00 -100.00
  40    39.584 55054.86059448 34.19 124.200533  65.768320 15.673 -100.00 -100.00 -100.00
  40    39.461 55054.86059507 33.53 124.206823  65.768785 14.700 -100.00 -100.00 -100.00
  41    39.629 55064.77622828 31.87 124.163496  65.763660 22.551 -100.00 -100.00 -100.00
  41    39.855 55064.77622887 31.58 124.169784  65.764126 18.057 -100.00 -100.00 -100.00
  41    39.991 55064.77622946 31.57 124.176072  65.764591 17.202 -100.00 -100.00 -100.00
  42    42.763 55074.69187544 25.23 124.163273  65.762252 11.594 -100.00 -100.00 -100.00
  42    42.126 55074.69187603 25.63 124.169560  65.762718 13.538 -100.00 -100.00 -100.00
  42    39.841 55074.69187662 31.13 124.175848  65.763183 30.050 -100.00 -100.00 -100.00
  43    40.395 55084.60752342 42.07 124.164039  65.761887 19.488 -100.00 -100.00 -100.00
  43    39.501 55084.60752401 44.98 124.170327  65.762352   -100 -100.00 -100.00 -100.00
  43    39.414 55084.60752460 51.39 124.176615  65.762818 24.150 -100.00 -100.00 -100.00
  44    40.447 55094.52316960 42.03 124.162011  65.762392 17.288 -100.00 -100.00 -100.00
  44    39.609 55094.52317019 44.08 124.168300  65.762858   -100 -100.00 -100.00 -100.00
  44    39.392 55094.52317078 50.38 124.174588  65.763323 10.763 -100.00 -100.00 -100.00
  45    40.625 55104.43881595 42.81 124.163149  65.763099 21.497 -100.00 -100.00 -100.00
  45    40.349 55104.43881654 45.21 124.169437  65.763564 28.561 -100.00 -100.00 -100.00
  45    40.260 55104.43881713 50.36 124.175726  65.764030   -100 -100.00 -100.00 -100.00
  46    40.593 55114.35446230 41.92 124.166738  65.763495 19.515 -100.00 -100.00 -100.00
  46    40.337 55114.35446289 47.07 124.173026  65.763961 28.314 -100.00 -100.00 -100.00
  46    39.469 55114.35446348 51.69 124.179316  65.764426 27.937 -100.00 -100.00 -100.00
  47    39.101 55124.27010546 40.61 124.162840  65.762497   -100 -100.00 -100.00 -100.00
  47    39.188 55124.27010605 43.17 124.169129  65.762963   -100 -100.00 -100.00 -100.00
  47    39.295 55124.27010664 46.04 124.175418  65.763428   -100 -100.00 -100.00 -100.00
  48    38.062 55134.18574636 41.80 124.164682  65.761803   -100 -100.00 -100.00 -100.00
  48    38.139 55134.18574695 43.16 124.170970  65.762268   -100 -100.00 -100.00 -100.00
  48    37.855 55134.18574754 42.87 124.177260  65.762734   -100 -100.00 -100.00 -100.00
  49    37.331 55144.10138490 35.85 124.164035  65.761295 29.868 -100.00 -100.00 -100.00
  49    37.376 55144.10138549 36.00 124.170324  65.761761 30.863 -100.00 -100.00 -100.00
  49    40.419 55144.10138608 29.96 124.176613  65.762226 12.352 -100.00 -100.00 -100.00
  50    41.048 55154.01702316 27.54 124.166999  65.762118  9.030 -100.00 -100.00 -100.00
  50    40.369 55154.01702375 26.61 124.173288  65.762584  7.294 -100.00 -100.00 -100.00
  50    38.280 55154.01702434 28.98 124.179577  65.763049 11.846 -100.00 -100.00 -100.00
  51    41.637 55163.93266131 24.97 124.165024  65.762908  6.151 -100.00 -100.00 -100.00
  51    40.590 55163.93266190 25.93 124.171313  65.763374  8.127 -100.00 -100.00 -100.00
  51    40.615 55163.93266249 25.80 124.177602  65.763840  7.080 -100.00 -100.00 -100.00
  52    41.826 55173.84829921 22.83 124.163152  65.763686  4.926 -100.00 -100.00 -100.00
  52    41.090 55173.84829980 23.34 124.169441  65.764152  5.351 -100.00 -100.00 -100.00
  52    40.364 55173.84830039 24.30 124.175730  65.764618  6.885 -100.00 -100.00 -100.00
  53    16.464 55183.76393800 16.30 124.167791  65.764243  2.429 -100.00 -100.00 -100.00
  53    19.906 55183.76393859 16.41 124.174079  65.764708  2.042 -100.00 -100.00 -100.00
  54    41.751 55193.67958876 20.76 124.163135  65.764400  3.684 -100.00 -100.00 -100.00
  54    41.283 55193.67958935 21.12 124.169423  65.764866  4.490 -100.00 -100.00 -100.00
  54    40.269 55193.67958995 22.28 124.175712  65.765331  6.189 -100.00 -100.00 -100.00
  54    38.510 55193.67959231 22.60 124.200871  65.767191  6.586 -100.00 -100.00 -100.00
  54    37.917 55193.67959290 22.35 124.207161  65.767655  5.817 -100.00 -100.00 -100.00
  55    41.543 55203.59523868 20.08 124.162664  65.765252  3.570 -100.00 -100.00 -100.00
  55    41.087 55203.59523927 20.62 124.168953  65.765718  4.369 -100.00 -100.00 -100.00
  55    40.151 55203.59523986 21.89 124.175243  65.766183  6.441 -100.00 -100.00 -100.00
  55    38.958 55203.59524222 21.87 124.200402  65.768042  6.713 -100.00 -100.00 -100.00
  55    37.692 55203.59524281 23.12 124.206692  65.768506  8.537 -100.00 -100.00 -100.00
  56    41.879 55213.51088804 19.43 124.163193  65.766347  3.520 -100.00 -100.00 -100.00
  56    41.178 55213.51088863 20.32 124.169483  65.766813  5.081 -100.00 -100.00 -100.00
  56    40.953 55213.51088922 20.46 124.175772  65.767278  5.366 -100.00 -100.00 -100.00
  56    39.123 55213.51089158 20.67 124.200934  65.769136  6.027 -100.00 -100.00 -100.00
  56    38.600 55213.51089217 20.67 124.207224  65.769600  6.144 -100.00 -100.00 -100.00
  57    41.554 55223.42653676 18.39 124.162036  65.766474  4.703 -100.00 -100.00 -100.00
  57    41.070 55223.42653736 19.63 124.168325  65.766939  6.173 -100.00 -100.00 -100.00
  57    40.885 55223.42653795 18.90 124.174615  65.767404  4.772 -100.00 -100.00 -100.00
  57    39.230 55223.42654031 20.19 124.199777  65.769263  6.984 -100.00 -100.00 -100.00
  57    38.423 55223.42654090 19.53 124.206068  65.769727  5.646 -100.00 -100.00 -100.00
  58    41.376 55233.34218412 17.76 124.163185  65.765328  3.713 -100.00 -100.00 -100.00
  58    40.959 55233.34218471 18.02 124.169475  65.765794  4.022 -100.00 -100.00 -100.00
  58    40.935 55233.34218531 18.65 124.175764  65.766259  5.046 -100.00 -100.00 -100.00
  58    38.770 55233.34218767 19.37 124.200926  65.768117  6.104 -100.00 -100.00 -100.00
  58    38.478 55233.34218826 18.55 124.207217  65.768581  5.323 -100.00 -100.00 -100.00
  59    41.027 55243.25782858 17.20 124.167898  65.763531  3.639 -100.00 -100.00 -100.00
  59    40.701 55243.25782917 17.24 124.174187  65.763997  3.889 -100.00 -100.00 -100.00
  60    42.252 55253.17346881 16.36 124.161598  65.761562  3.005 -100.00 -100.00 -100.00
  60    41.718 55253.17346940 16.77 124.167887  65.762027  4.059 -100.00 -100.00 -100.00
  60    40.567 55253.17346999 16.62 124.174176  65.762493  3.474 -100.00 -100.00 -100.00
  60    40.423 55253.17347058 16.64 124.180465  65.762958  4.080 -100.00 -100.00 -100.00
  61    41.009 55263.08910808 15.82 124.167121  65.762049  3.601 -100.00 -100.00 -100.00
  61    41.398 55263.08910867 15.64 124.173410  65.762515  3.053 -100.00 -100.00 -100.00
  61    40.581 55263.08910926 16.25 124.179700  65.762980  4.195 -100.00 -100.00 -100.00
  62    41.566 55273.00474569 15.71 124.164697  65.763156  3.293 -100.00 -100.00 -100.00
  62    41.262 55273.00474628 15.75 124.170986  65.763622  3.661 -100.00 -100.00 -100.00
  62    40.804 55273.00474687 15.68 124.177275  65.764087  3.621 -100.00 -100.00 -100.00
  63    41.599 55282.92038347 15.40 124.167824  65.763958  3.368 -100.00 -100.00 -100.00
  63    41.297 55282.92038406 14.98 124.174113  65.764423  3.198 -100.00 -100.00 -100.00
  64    41.646 55292.83601936 14.49 124.164809  65.762835  2.902 -100.00 -100.00 -100.00
  64    41.631 55292.83601995 14.59 124.171097  65.763300  3.426 -100.00 -100.00 -100.00
  64    40.849 55292.83602054 14.93 124.177386  65.763766  3.864 -100.00 -100.00 -100.00
  66    40.098 55312.66730298 19.66 124.167422  65.760600  6.316 -100.00 -100.00 -100.00
  66    40.122 55312.66730357 20.98 124.173709  65.761066  7.252 -100.00 -100.00 -100.00
  66    40.328 55312.66730416 21.08 124.179997  65.761531  8.145 -100.00 -100.00 -100.00
  67    36.512 55322.58294826 40.05 124.165902  65.761212   -100 -100.00 -100.00 -100.00
  67    36.371 55322.58294885 43.22 124.172189  65.761677   -100 -100.00 -100.00 -100.00
  67    37.735 55322.58294944 40.49 124.178477  65.762143   -100 -100.00 -100.00 -100.00
  68    37.599 55332.49859268 43.40 124.167834  65.762957  9.056 -100.00 -100.00 -100.00
  68    37.624 55332.49859327 43.36 124.174122  65.763423  4.302 -100.00 -100.00 -100.00
  69    45.921 55342.41423686 54.22 124.167727  65.764312   -100 -100.00 -100.00 -100.00
  69    45.886 55342.41423745 54.09 124.174016  65.764777   -100 -100.00 -100.00 -100.00
  69    45.636 55342.41424041 53.68 124.205462  65.767101 10.355 -100.00 -100.00 -100.00
  70    43.841 55352.32988031 32.92 124.163076  65.764176 30.248 -100.00 -100.00 -100.00
  70    44.128 55352.32988090 25.43 124.169365  65.764642  9.873 -100.00 -100.00 -100.00
  70    43.768 55352.32988149 25.10 124.175654  65.765107  9.956 -100.00 -100.00 -100.00
  70    44.243 55352.32988444 27.81 124.207101  65.767431 14.653 -100.00 -100.00 -100.00
  71    43.977 55362.24552210 27.22 124.164147  65.764029 15.792 -100.00 -100.00 -100.00
  71    43.790 55362.24552269 24.20 124.170436  65.764495 12.318 -100.00 -100.00 -100.00
  71    43.414 55362.24552328 24.10 124.176725  65.764961 11.831 -100.00 -100.00 -100.00
  71    44.282 55362.24552624 28.24 124.208173  65.767284 21.570 -100.00 -100.00 -100.00
  72    43.607 55372.16116165 33.02 124.162474  65.764084 15.915 -100.00 -100.00 -100.00
  72    41.005 55372.16116224 31.27 124.168763  65.764550 11.849 -100.00 -100.00 -100.00
  72    41.100 55372.16116283 39.05 124.175052  65.765015   -100 -100.00 -100.00 -100.00
  72    40.868 55372.16116578 38.47 124.206500  65.767339 29.470 -100.00 -100.00 -100.00
  74    41.784 55391.99243774 45.60 124.164550  65.766090   -100 -100.00 -100.00 -100.00
  74    42.042 55391.99243833 48.40 124.170839  65.766556   -100 -100.00 -100.00 -100.00
  74    41.765 55391.99243892 51.32 124.177129  65.767021   -100 -100.00 -100.00 -100.00
  74    41.781 55391.99244128 48.29 124.202288  65.768881   -100 -100.00 -100.00 -100.00
  74    41.655 55391.99244188 49.25 124.208579  65.769345  2.660 -100.00 -100.00 -100.00
  75    43.879 55401.90807363 25.03 124.162080  65.765698 12.567 -100.00 -100.00 -100.00
  75    42.520 55401.90807422 26.13 124.168368  65.766165 13.714 -100.00 -100.00 -100.00
  75    41.132 55401.90807481 27.42 124.174657  65.766630 16.538 -100.00 -100.00 -100.00
  75    40.649 55401.90807717 29.06 124.199816  65.768491 20.872 -100.00 -100.00 -100.00
  75    42.949 55401.90807776 28.86 124.206106  65.768955 21.580 -100.00 -100.00 -100.00
  76    38.932 55411.82372406 36.35 124.162933  65.764134 22.539 -100.00 -100.00 -100.00
  76    39.287 55411.82372465 40.07 124.169221  65.764600 24.722 -100.00 -100.00 -100.00
  76    39.240 55411.82372524 39.74 124.175510  65.765065 30.447 -100.00 -100.00 -100.00
  76    38.951 55411.82372820 45.28 124.206956  65.767390   -100  237.45  239.19  240.03
  77    40.797 55421.73937389 26.19 124.166633  65.762072 15.632 -100.00 -100.00 -100.00
  77    40.695 55421.73937448 25.01 124.172921  65.762538 13.256 -100.00 -100.00 -100.00
  77    40.781 55421.73937507 25.60 124.179209  65.763003 11.636 -100.00 -100.00 -100.00
  78    43.407 55431.65502043 23.60 124.164795  65.760596  8.138 -100.00 -100.00 -100.00
  78    42.505 55431.65502102 23.48 124.171082  65.761061  8.828 -100.00 -100.00 -100.00
  78    41.697 55431.65502162 24.06 124.177369  65.761527  9.980 -100.00 -100.00 -100.00
  79    42.926 55441.57066505 25.28 124.164170  65.761483  8.351 -100.00 -100.00 -100.00
  79    42.294 55441.57066564 26.33 124.170457  65.761949 11.908 -100.00 -100.00 -100.00
  79    42.048 55441.57066623 24.76 124.176745  65.762414  9.084 -100.00 -100.00 -100.00
  80    40.732 55451.48630856 42.32 124.167479  65.763471 19.472 -100.00 -100.00 -100.00
  80    39.711 55451.48630915 46.49 124.173767  65.763937 18.702 -100.00 -100.00 -100.00
  81    43.414 55461.40195064 26.59 124.163217  65.764114  8.258 -100.00 -100.00 -100.00
  81    39.884 55461.40195123 29.91 124.169506  65.764580 13.828 -100.00 -100.00 -100.00
  81    39.396 55461.40195182 33.27 124.175795  65.765045 23.566 -100.00 -100.00 -100.00
  81    39.036 55461.40195477 33.42 124.207243  65.767368 24.622  231.34  230.31  236.42
  82    42.969 55471.31759177 26.73 124.164617  65.763115 12.992 -100.00 -100.00 -100.00
  82    42.177 55471.31759236 27.35 124.170906  65.763581 15.121 -100.00 -100.00 -100.00
  82    42.128 55471.31759295 24.25 124.177195  65.764046  8.368 -100.00 -100.00 -100.00
  83    40.783 55481.23323004 28.71 124.166957  65.761375 11.864 -100.00 -100.00 -100.00
  83    41.297 55481.23323063 27.94 124.173245  65.761840 11.487 -100.00 -100.00 -100.00
  83    37.431 55481.23323122 31.03 124.179534  65.762306 17.341 -100.00 -100.00 -100.00
  84    37.315 55491.14886517 39.90 124.161078  65.759683   -100 -100.00 -100.00 -100.00
  84    37.437 55491.14886576 41.98 124.167366  65.760149   -100 -100.00 -100.00 -100.00
  84    37.343 55491.14886635 45.57 124.173654  65.760615   -100 -100.00 -100.00 -100.00
  84    37.401 55491.14886694 41.53 124.179943  65.761080   -100 -100.00 -100.00 -100.00
  85    37.258 55501.06449932 33.58 124.165094  65.760707 29.484 -100.00 -100.00 -100.00
  85    37.300 55501.06449991 32.31 124.171383  65.761173 24.169 -100.00 -100.00 -100.00
  85    37.286 55501.06450050 32.11 124.177672  65.761638 25.003 -100.00 -100.00 -100.00
  86    37.499 55510.98014270 30.83 124.166042  65.762904 24.054 -100.00 -100.00 -100.00
  86    37.251 55510.98014329 28.66 124.172331  65.763369 19.256 -100.00 -100.00 -100.00
  86    37.030 55510.98014388 27.59 124.178620  65.763835 15.183 -100.00 -100.00 -100.00
  87    37.571 55520.89579235 23.40 124.165188  65.764622 12.349 -100.00 -100.00 -100.00
  87    37.598 55520.89579295 23.02 124.171478  65.765088 11.866 -100.00 -100.00 -100.00
  87    37.550 55520.89579354 22.16 124.177767  65.765553  9.190 -100.00 -100.00 -100.00
  87    36.750 55520.89579590 22.70 124.202927  65.767412 10.819 -100.00 -100.00 -100.00
  87    36.484 55520.89579649 22.15 124.209218  65.767877  9.671 -100.00 -100.00 -100.00
  88    38.026 55530.81144110 20.00 124.166865  65.765196  7.446 -100.00 -100.00 -100.00
  88    37.668 55530.81144169 22.03 124.173154  65.765662 10.979 -100.00 -100.00 -100.00
  88    36.894 55530.81144464 22.27 124.204604  65.767986 10.206 -100.00 -100.00 -100.00
  89    37.977 55540.72708808 20.52 124.167758  65.764696  8.736 -100.00 -100.00 -100.00
  89    37.693 55540.72708867 22.76 124.174047  65.765162 12.559 -100.00 -100.00 -100.00
  89    36.912 55540.72709162 22.18 124.205496  65.767485 10.723 -100.00 -100.00 -100.00
  90    40.228 55550.64273250 16.37 124.164056  65.764150  4.385 -100.00 -100.00 -100.00
  90    38.632 55550.64273309 17.60 124.170345  65.764616  6.552 -100.00 -100.00 -100.00
  90    39.852 55550.64273368 17.64 124.176634  65.765081  6.079 -100.00 -100.00 -100.00
  90    36.611 55550.64273663 19.15 124.208082  65.767404  7.901 -100.00 -100.00 -100.00
  91    41.386 55560.55837589 15.07 124.165568  65.765110  4.078 -100.00 -100.00 -100.00
  91    40.991 55560.55837648 15.21 124.171857  65.765576  4.362 -100.00 -100.00 -100.00
  91    39.927 55560.55837707 16.70 124.178146  65.766041  6.282 -100.00 -100.00 -100.00
  91    37.067 55560.55837943 17.20 124.203306  65.767899  6.042 -100.00 -100.00 -100.00
  92    41.859 55570.47401842 14.35 124.166279  65.766431  4.598 -100.00 -100.00 -100.00
  92    41.404 55570.47401901 14.08 124.172569  65.766896  3.327 -100.00 -100.00 -100.00
  92    37.870 55570.47402197 15.02 124.204020  65.769220  4.877 -100.00 -100.00 -100.00
  93    41.711 55580.38965994 13.34 124.167684  65.766586  3.387 -100.00 -100.00 -100.00
  93    41.392 55580.38966053 13.67 124.173974  65.767052  3.501 -100.00 -100.00 -100.00
  93    39.350 55580.38966349 14.15 124.205426  65.769375  4.036 -100.00 -100.00 -100.00
  94    42.130 55590.30529831 12.79 124.166803  65.764473  2.662 -100.00 -100.00 -100.00
  94    41.257 55590.30529890 12.85 124.173092  65.764939  3.136 -100.00 -100.00 -100.00
  94    41.044 55590.30529949 13.34 124.179382  65.765404  3.272 -100.00 -100.00 -100.00
  94    38.391 55590.30530185 13.38 124.204543  65.767263  3.676 -100.00 -100.00 -100.00
  95    42.073 55600.22093346 12.34 124.165553  65.761358  2.819 -100.00 -100.00 -100.00
  95    41.404 55600.22093405 12.70 124.171842  65.761824  3.297 -100.00 -100.00 -100.00
  95    41.105 55600.22093464 12.57 124.178131  65.762289  3.103 -100.00 -100.00 -100.00
  96    41.969 55610.13656660 12.65 124.166684  65.759661  3.301 -100.00 -100.00 -100.00
  96    41.741 55610.13656719 12.55 124.172973  65.760126  3.409 -100.00 -100.00 -100.00
  96    41.049 55610.13656778 12.54 124.179261  65.760592  3.169 -100.00 -100.00 -100.00
  97    42.484 55620.05219794 12.07 124.161995  65.760041  2.686 -100.00 -100.00 -100.00
  97    42.111 55620.05219853 11.93 124.168283  65.760507  2.918 -100.00 -100.00 -100.00
  97    41.284 55620.05219912 12.17 124.174571  65.760973  2.907 -100.00 -100.00 -100.00
  97    41.211 55620.05219971 12.07 124.180860  65.761438  2.869 -100.00 -100.00 -100.00
  98    41.874 55629.96784909 11.69 124.164213  65.762804  2.399 -100.00 -100.00 -100.00
  98    41.503 55629.96784968 11.97 124.170502  65.763270  3.619 -100.00 -100.00 -100.00
  98    41.055 55629.96785027 12.10 124.176791  65.763736  3.248 -100.00 -100.00 -100.00
  99    42.009 55639.88349994 11.10 124.163128  65.764069  2.605 -100.00 -100.00 -100.00
  99    42.367 55639.88350053 10.88 124.169417  65.764535  2.644 -100.00 -100.00 -100.00
  99    41.475 55639.88350112 10.97 124.175706  65.765000  2.600 -100.00 -100.00 -100.00
  99    39.022 55639.88350407 11.32 124.207154  65.767324  3.862 -100.00 -100.00 -100.00
 100    42.131 55649.79914842 10.68 124.163647  65.763075  2.647 -100.00 -100.00 -100.00
 100    41.485 55649.79914901 10.85 124.169935  65.763541  2.611 -100.00 -100.00 -100.00
 100    41.376 55649.79914960 10.79 124.176224  65.764006  2.861 -100.00 -100.00 -100.00
 101    42.517 55659.71479337 10.19 124.162904  65.760705  2.486 -100.00 -100.00 -100.00
 101    42.055 55659.71479396 10.65 124.169191  65.761170  3.297 -100.00 -100.00 -100.00
 101    41.859 55659.71479455 10.36 124.175479  65.761636  2.949 -100.00 -100.00 -100.00
 102    43.339 55669.63043483 10.51 124.162722  65.759615  2.650 -100.00 -100.00 -100.00
 102    43.338 55669.63043542 10.37 124.169009  65.760081  2.541 -100.00 -100.00 -100.00
 102    42.855 55669.63043601 10.46 124.175297  65.760546  2.665 -100.00 -100.00 -100.00
 103    36.574 55679.54607477 33.47 124.167288  65.761191   -100 -100.00 -100.00 -100.00
 103    36.659 55679.54607536 33.13 124.173576  65.761657 31.803 -100.00 -100.00 -100.00
 103    38.717 55679.54607595 30.26 124.179864  65.762122 17.563 -100.00 -100.00 -100.00
 104    44.103 55689.46171205 28.90 124.163485  65.763326 17.163 -100.00 -100.00 -100.00
 104    43.702 55689.46171264 28.86 124.169773  65.763792 19.111 -100.00 -100.00 -100.00
 104    37.369 55689.46171324 29.87 124.176061  65.764258 21.377 -100.00 -100.00 -100.00
 105    43.675 55699.37734814 39.48 124.162975  65.764911 31.279 -100.00 -100.00 -100.00
 105    42.181 55699.37734873 45.09 124.169263  65.765377   -100 -100.00 -100.00 -100.00
 105    42.282 55699.37734932 44.54 124.175552  65.765842   -100 -100.00 -100.00 -100.00
 105    42.059 55699.37735168 43.41 124.200710  65.767702   -100 -100.00 -100.00 -100.00
 105    42.029 55699.37735227 40.86 124.207000  65.768167   -100  244.56  244.98  249.74
 106    44.014 55709.29298623 31.42 124.163398  65.764856 22.534 -100.00 -100.00 -100.00
 106    44.379 55709.29298682 26.42 124.169687  65.765322  9.787 -100.00 -100.00 -100.00
 106    43.047 55709.29298741 28.81 124.175976  65.765787 17.485 -100.00 -100.00 -100.00
 106    41.798 55709.29298977 31.01 124.201135  65.767648 25.039 -100.00 -100.00 -100.00
 106    44.423 55709.29299036 27.74 124.207425  65.768112 13.124 -100.00 -100.00 -100.00
 107    43.889 55719.20863678 28.73 124.163854  65.764144 13.526 -100.00 -100.00 -100.00
 107    40.887 55719.20863737 32.01 124.170143  65.764610 26.658 -100.00 -100.00 -100.00
 107    41.183 55719.20863797 35.52 124.176432  65.765076   -100 -100.00 -100.00 -100.00
 107    43.432 55719.20864092 31.05 124.207880  65.767400 21.298 -100.00 -100.00 -100.00
 108    42.726 55729.12428492 43.34 124.163766  65.763972 21.888 -100.00 -100.00 -100.00
 108    42.683 55729.12428551 44.34 124.170054  65.764438 24.965 -100.00 -100.00 -100.00
 108    42.369 55729.12428610 48.45 124.176344  65.764903   -100 -100.00 -100.00 -100.00
 108    42.237 55729.12428905 49.76 124.207793  65.767227   -100  239.79  237.97  243.03
 109    41.871 55739.03993188 42.28 124.165975  65.764802 17.072 -100.00 -100.00 -100.00
 109    41.018 55739.03993247 47.60 124.172264  65.765267   -100 -100.00 -100.00 -100.00
 109    41.191 55739.03993306 50.70 124.178554  65.765733   -100 -100.00 -100.00 -100.00
 109    41.042 55739.03993542 50.93 124.203713  65.767591   -100 -100.00 -100.00 -100.00
 110    43.567 55748.95557748 26.19 124.166890  65.765779 13.987 -100.00 -100.00 -100.00
 110    43.015 55748.95557807 24.12 124.173180  65.766245 10.175 -100.00 -100.00 -100.00
 110    39.544 55748.95558102 28.33 124.204629  65.768569 17.147 -100.00 -100.00 -100.00
 111    39.808 55758.87122050 42.71 124.165682  65.765585   -100 -100.00 -100.00 -100.00
 111    39.990 55758.87122109 41.37 124.171971  65.766051   -100 -100.00 -100.00 -100.00
 111    40.062 55758.87122168 42.29 124.178260  65.766516   -100 -100.00 -100.00 -100.00
 111    39.596 55758.87122404 37.37 124.203419  65.768375 26.866  250.57  256.17  251.95
 112    39.517 55768.78686074 41.33 124.165178  65.764007 14.812 -100.00 -100.00 -100.00
 112    38.226 55768.78686133 47.44 124.171467  65.764473   -100 -100.00 -100.00 -100.00
 112    38.013 55768.78686192 52.89 124.177755  65.764938   -100 -100.00 -100.00 -100.00
 112    38.261 55768.78686487 46.47 124.209201  65.767261   -100 -100.00 -100.00 -100.00
 113    38.878 55778.70249766 43.39 124.163597  65.761483 30.978 -100.00 -100.00 -100.00
 113    38.945 55778.70249825 43.42 124.169884  65.761949 28.329 -100.00 -100.00 -100.00
 113    38.596 55778.70249884 48.46 124.176172  65.762415   -100 -100.00 -100.00 -100.00
 114    40.425 55788.61813236 48.90 124.165040  65.760004   -100 -100.00 -100.00 -100.00
 114    40.558 55788.61813295 35.81 124.171328  65.760470   -100 -100.00 -100.00 -100.00
 114    40.283 55788.61813354 33.42 124.177615  65.760935   -100 -100.00 -100.00 -100.00
 115    39.921 55798.53376539 44.36 124.161368  65.760203 28.259 -100.00 -100.00 -100.00
 115    40.131 55798.53376598 46.51 124.167656  65.760669 25.649 -100.00 -100.00 -100.00
 115    39.566 55798.53376657 51.40 124.173943  65.761135  1.467 -100.00 -100.00 -100.00
 115    39.364 55798.53376716 54.09 124.180230  65.761600 24.244 -100.00 -100.00 -100.00
 116    38.545 55808.44941107 41.58 124.166989  65.762469   -100 -100.00 -100.00 -100.00
 116    38.599 55808.44941166 38.00 124.173277  65.762935   -100 -100.00 -100.00 -100.00
 116    38.830 55808.44941225 33.97 124.179565  65.763400 27.307 -100.00 -100.00 -100.00
 117    39.706 55818.36506011 43.42 124.166882  65.763969 32.534 -100.00 -100.00 -100.00
 117    39.740 55818.36506070 48.63 124.173170  65.764435   -100 -100.00 -100.00 -100.00
 117    39.410 55818.36506129 53.47 124.179459  65.764900   -100 -100.00 -100.00 -100.00
 118    42.577 55828.28070499 21.94 124.166402  65.763313  7.889 -100.00 -100.00 -100.00
 118    42.434 55828.28070558 22.13 124.172691  65.763779  7.860 -100.00 -100.00 -100.00
 118    41.525 55828.28070617 23.05 124.178980  65.764245 11.064 -100.00 -100.00 -100.00
 119    42.745 55838.19634540 24.92 124.165474  65.761393  9.314 -100.00 -100.00 -100.00
 119    41.953 55838.19634599 23.50 124.171762  65.761859  6.975 -100.00 -100.00 -100.00
 119    41.644 55838.19634658 24.63 124.178051  65.762325  8.175 -100.00 -100.00 -100.00
 120    38.238 55848.11198296 35.09 124.166898  65.760084   -100 -100.00 -100.00 -100.00
 120    38.041 55848.11198355 33.26 124.173187  65.760550 28.161 -100.00 -100.00 -100.00
 120    38.360 55848.11198414 30.99 124.179475  65.761016 18.098 -100.00 -100.00 -100.00
 121    37.683 55858.02761819 39.60 124.165917  65.760871   -100 -100.00 -100.00 -100.00
 121    37.436 55858.02761878 43.69 124.172206  65.761337  3.459 -100.00 -100.00 -100.00
 121    37.698 55858.02761937 44.03 124.178495  65.761802   -100 -100.00 -100.00 -100.00
 122    37.834 55867.94326428 36.87 124.162104  65.763093 32.626 -100.00 -100.00 -100.00
 122    37.826 55867.94326487 36.35 124.168393  65.763559   -100 -100.00 -100.00 -100.00
 122    37.542 55867.94326546 38.98 124.174682  65.764025   -100 -100.00 -100.00 -100.00
 123    42.603 55877.85891650 16.31 124.165564  65.765540  4.744 -100.00 -100.00 -100.00
 123    41.560 55877.85891709 17.45 124.171854  65.766006  7.670 -100.00 -100.00 -100.00
 123    41.303 55877.85891768 15.44 124.178143  65.766471  4.119 -100.00 -100.00 -100.00
 123    39.259 55877.85892005 16.31 124.203304  65.768331  5.962 -100.00 -100.00 -100.00
 133    42.125 55977.01534577 13.51 124.162397  65.761253  4.321 -100.00 -100.00 -100.00
 133    42.005 55977.01534636 12.85 124.168686  65.761719  3.719 -100.00 -100.00 -100.00
 133    41.660 55977.01534695 13.17 124.174975  65.762184  4.272 -100.00 -100.00 -100.00
 134    42.194 55986.93098211 12.90 124.163363  65.762565  3.639 -100.00 -100.00 -100.00
 134    41.983 55986.93098270 12.37 124.169652  65.763031  2.847 -100.00 -100.00 -100.00
 134    41.580 55986.93098329 13.10 124.175940  65.763496  4.175 -100.00 -100.00 -100.00
 135    42.160 55996.84661992 12.06 124.162196  65.762971  3.286 -100.00 -100.00 -100.00
 135    42.369 55996.84662051 11.73 124.168485  65.763438  3.034 -100.00 -100.00 -100.00
 135    41.703 55996.84662111 11.94 124.174773  65.763903  3.585 -100.00 -100.00 -100.00
 136    42.241 56006.76227157 11.96 124.164271  65.762608  3.157 -100.00 -100.00 -100.00
 136    42.001 56006.76227216 11.79 124.170559  65.763074  3.294 -100.00 -100.00 -100.00
 136    41.923 56006.76227275 11.67 124.176848  65.763540  3.200 -100.00 -100.00 -100.00
 137    42.197 56016.67791898 11.98 124.165385  65.761485  3.242 -100.00 -100.00 -100.00
 137    42.058 56016.67791957 11.74 124.171673  65.761951  2.903 -100.00 -100.00 -100.00
 137    42.025 56016.67792016 11.72 124.177961  65.762417  3.138 -100.00 -100.00 -100.00
 139    42.342 56036.50920610 11.43 124.163621  65.762387  4.268 -100.00 -100.00 -100.00
 139    42.081 56036.50920669 10.65 124.169909  65.762852  3.024 -100.00 -100.00 -100.00
 139    41.609 56036.50920728 11.16 124.176197  65.763318  4.399 -100.00 -100.00 -100.00
 141    36.672 56056.34048535 43.48 124.166898  65.765511   -100 -100.00 -100.00 -100.00
 141    36.823 56056.34048594 46.50 124.173187  65.765977   -100 -100.00 -100.00 -100.00
 141    36.474 56056.34048889 44.80 124.204636  65.768301   -100 -100.00 -100.00 -100.00
 142    44.578 56066.25611915 37.03 124.166752  65.765466 23.040 -100.00 -100.00 -100.00
 142    44.286 56066.25611974 36.60 124.173041  65.765932 24.068 -100.00 -100.00 -100.00
 142    44.741 56066.25612269 46.09 124.204490  65.768258   -100  240.84  240.31  244.86
 143    45.104 56076.17176623 54.04 124.166176  65.765036 20.393 -100.00 -100.00 -100.00
 143    45.113 56076.17176682 55.04 124.172465  65.765502 23.501 -100.00 -100.00 -100.00
 143    45.135 56076.17176741 57.12 124.178755  65.765968 31.847 -100.00 -100.00 -100.00
 143    45.268 56076.17176977 53.47 124.203914  65.767828   -100 -100.00 -100.00 -100.00
 144    44.119 56086.08741551 27.32 124.167541  65.765120 12.462 -100.00 -100.00 -100.00
 144    44.007 56086.08741610 24.44 124.173830  65.765585  8.903 -100.00 -100.00 -100.00
 144    44.082 56086.08741905 31.94 124.205279  65.767909 28.889 -100.00 -100.00 -100.00
 145    43.719 56096.00306206 28.97 124.165535  65.764996  5.465 -100.00 -100.00 -100.00
 145    42.159 56096.00306265 29.12 124.171824  65.765462  5.878 -100.00 -100.00 -100.00
 145    42.358 56096.00306324 30.20 124.178114  65.765927  6.758 -100.00 -100.00 -100.00
 145    42.647 56096.00306560 31.58 124.203273  65.767786  7.318 -100.00 -100.00 -100.00
 146    41.669 56105.91870633 44.29 124.162055  65.764527 30.343 -100.00 -100.00 -100.00
 146    42.256 56105.91870692 44.50 124.168343  65.764993 17.307 -100.00 -100.00 -100.00
 146    41.407 56105.91870751 51.95 124.174632  65.765459  5.480 -100.00 -100.00 -100.00
 146    41.436 56105.91870987 53.05 124.199790  65.767318   -100 -100.00 -100.00 -100.00
 146    41.318 56105.91871046 53.98 124.206080  65.767782  2.191 -100.00 -100.00 -100.00
 147    42.327 56115.83433688 46.74 124.166834  65.763903 29.234 -100.00 -100.00 -100.00
 147    41.836 56115.83433747 50.73 124.173122  65.764369   -100 -100.00 -100.00 -100.00
 147    41.666 56115.83433806 55.13 124.179410  65.764834   -100 -100.00 -100.00 -100.00
 148    42.976 56125.74997454 27.66 124.163878  65.762507 13.112 -100.00 -100.00 -100.00
 148    42.173 56125.74997513 25.20 124.170166  65.762973  9.301 -100.00 -100.00 -100.00
 148    41.069 56125.74997572 29.21 124.176454  65.763438 15.797 -100.00 -100.00 -100.00
 149    43.544 56135.66560864 24.83 124.165197  65.761395 13.524 -100.00 -100.00 -100.00
 149    42.866 56135.66560923 22.49 124.171484  65.761861  9.818 -100.00 -100.00 -100.00
 149    41.772 56135.66560982 23.88 124.177771  65.762327 12.699 -100.00 -100.00 -100.00
 150    42.464 56145.58125105 28.88 124.165892  65.761356 13.735 -100.00 -100.00 -100.00
 150    41.943 56145.58125164 29.00 124.172179  65.761822 13.790 -100.00 -100.00 -100.00
 150    42.107 56145.58125223 26.15 124.178467  65.762287  7.498 -100.00 -100.00 -100.00
 151    42.931 56155.49690054 27.94 124.162306  65.761838 10.260 -100.00 -100.00 -100.00
 151    40.834 56155.49690113 26.91 124.168594  65.762304  9.560 -100.00 -100.00 -100.00
 151    40.980 56155.49690172 29.28 124.174882  65.762770 12.247 -100.00 -100.00 -100.00
 152    43.712 56165.41254992 24.23 124.167879  65.763184 11.406 -100.00 -100.00 -100.00
 152    41.254 56165.41255051 25.39 124.174168  65.763650 13.144 -100.00 -100.00 -100.00
 153    43.670 56175.32819648 23.09 124.167248  65.763406 10.081 -100.00 -100.00 -100.00
 153    43.254 56175.32819707 23.30 124.173537  65.763871 10.482 -100.00 -100.00 -100.00
 153    41.232 56175.32819766 26.12 124.179826  65.764337 16.030 -100.00 -100.00 -100.00
 154    43.908 56185.24383771 24.46 124.164446  65.762718 10.097 -100.00 -100.00 -100.00
 154    43.427 56185.24383830 24.52 124.170735  65.763184 12.274 -100.00 -100.00 -100.00
 154    42.378 56185.24383889 24.48 124.177024  65.763650 10.794 -100.00 -100.00 -100.00
 155    43.713 56195.15947566 22.63 124.167148  65.762077  7.266 -100.00 -100.00 -100.00
 155    42.886 56195.15947625 22.85 124.173436  65.762543  8.087 -100.00 -100.00 -100.00
 155    41.060 56195.15947684 24.69 124.179725  65.763008 12.510 -100.00 -100.00 -100.00
 156    43.198 56205.07511015 26.55 124.164257  65.761870  9.404 -100.00 -100.00 -100.00
 156    42.835 56205.07511074 28.07 124.170545  65.762336 16.032 -100.00 -100.00 -100.00
 156    42.405 56205.07511133 25.52 124.176834  65.762802  9.121 -100.00 -100.00 -100.00
 157    39.227 56214.99074334 39.45 124.162967  65.762808 22.497 -100.00 -100.00 -100.00
 157    38.728 56214.99074393 44.87 124.169256  65.763274   -100 -100.00 -100.00 -100.00
 157    38.753 56214.99074452 48.20 124.175545  65.763739 14.514 -100.00 -100.00 -100.00
 158    38.953 56224.90638124 42.52 124.168101  65.764697 23.627 -100.00 -100.00 -100.00
 158    38.215 56224.90638183 50.21 124.174390  65.765163 17.581 -100.00 -100.00 -100.00
 158    38.140 56224.90638478 34.77 124.205839  65.767488 16.742 -100.00 -100.00 -100.00
 159    41.730 56234.82203639 23.74 124.162578  65.765240  6.056 -100.00 -100.00 -100.00
 159    40.997 56234.82203698 24.94 124.168867  65.765706  8.055 -100.00 -100.00 -100.00
 159    38.177 56234.82203757 30.45 124.175157  65.766172 17.686 -100.00 -100.00 -100.00
 159    38.035 56234.82203993 27.83 124.200316  65.768032 11.153 -100.00 -100.00 -100.00
 159    38.170 56234.82204052 27.99 124.206606  65.768496 10.141 -100.00 -100.00 -100.00
 160    41.810 56244.73768830 21.58 124.164670  65.765367  4.413 -100.00 -100.00 -100.00
 160    41.654 56244.73768889 21.36 124.170959  65.765833  4.456 -100.00 -100.00 -100.00
 160    41.541 56244.73768948 22.60 124.177248  65.766298  6.149 -100.00 -100.00 -100.00
 160    39.130 56244.73769184 23.36 124.202407  65.768158  6.863 -100.00 -100.00 -100.00
 160    38.528 56244.73769243 23.69 124.208697  65.768622  8.015 -100.00 -100.00 -100.00
 161    42.311 56254.65333487 21.00 124.163244  65.764884  4.167 -100.00 -100.00 -100.00
 161    41.521 56254.65333546 21.41 124.169533  65.765350  5.365 -100.00 -100.00 -100.00
 161    41.163 56254.65333605 22.69 124.175822  65.765815  6.957 -100.00 -100.00 -100.00
 161    39.166 56254.65333841 21.79 124.200980  65.767675  6.080 -100.00 -100.00 -100.00
 161    38.650 56254.65333900 23.44 124.207270  65.768139  7.495 -100.00 -100.00 -100.00
 162    41.719 56264.56897740 21.27 124.162423  65.764927  5.465 -100.00 -100.00 -100.00
 162    41.608 56264.56897800 20.37 124.168711  65.765393  4.318 -100.00 -100.00 -100.00
 162    41.401 56264.56897859 20.63 124.175000  65.765858  4.224 -100.00 -100.00 -100.00
 162    39.269 56264.56898095 21.30 124.200159  65.767718  4.770 -100.00 -100.00 -100.00
 162    38.680 56264.56898154 21.66 124.206449  65.768182  6.023 -100.00 -100.00 -100.00
 165    41.537 56294.31591444 17.39 124.167526  65.763705  3.120 -100.00 -100.00 -100.00
 165    40.693 56294.31591503 18.29 124.173815  65.764171  4.814 -100.00 -100.00 -100.00
 166    41.996 56304.23156072 16.50 124.162637  65.761689  3.509 -100.00 -100.00 -100.00
 166    41.944 56304.23156131 16.17 124.168926  65.762155  2.970 -100.00 -100.00 -100.00
 166    40.964 56304.23156190 16.16 124.175215  65.762620  3.184 -100.00 -100.00 -100.00
 167    41.921 56314.14720405 15.09 124.167398  65.761566  3.000 -100.00 -100.00 -100.00
 167    41.239 56314.14720464 15.33 124.173687  65.762032  3.166 -100.00 -100.00 -100.00
 167    40.912 56314.14720524 15.39 124.179976  65.762497  3.629 -100.00 -100.00 -100.00
 168    42.104 56324.06284450 14.88 124.162758  65.762174  2.966 -100.00 -100.00 -100.00
 168    41.640 56324.06284509 15.03 124.169047  65.762639  2.972 -100.00 -100.00 -100.00
 168    40.638 56324.06284568 15.16 124.175336  65.763105  3.616 -100.00 -100.00 -100.00
 169    41.774 56333.97848509 14.60 124.166900  65.763721  2.992 -100.00 -100.00 -100.00
 169    41.349 56333.97848568 14.49 124.173189  65.764187  2.927 -100.00 -100.00 -100.00
 169    41.392 56333.97848627 14.63 124.179478  65.764652  3.481 -100.00 -100.00 -100.00
 170    41.977 56343.89412410 13.27 124.161971  65.763408  2.759 -100.00 -100.00 -100.00
 170    41.617 56343.89412469 13.32 124.168260  65.763874  2.817 -100.00 -100.00 -100.00
 170    41.925 56343.89412528 13.28 124.174549  65.764339  2.753 -100.00 -100.00 -100.00
 171    42.377 56353.80976125 12.61 124.162185  65.762418  2.776 -100.00 -100.00 -100.00
 171    41.844 56353.80976184 12.59 124.168474  65.762884  2.612 -100.00 -100.00 -100.00
 171    41.274 56353.80976243 12.83 124.174762  65.763349  2.789 -100.00 -100.00 -100.00
 172    42.124 56363.72540483 12.80 124.165260  65.761677  2.737 -100.00 -100.00 -100.00
 172    41.683 56363.72540542 12.91 124.171548  65.762143  3.224 -100.00 -100.00 -100.00
 172    41.165 56363.72540601 12.66 124.177836  65.762608  2.791 -100.00 -100.00 -100.00
 173    42.080 56373.64105386 12.62 124.165744  65.761985  3.137 -100.00 -100.00 -100.00
 173    41.680 56373.64105445 12.40 124.172031  65.762450  2.563 -100.00 -100.00 -100.00
 173    41.268 56373.64105504 12.15 124.178319  65.762916  2.500 -100.00 -100.00 -100.00
 175    41.897 56393.47234394 11.68 124.162499  65.765013  2.717 -100.00 -100.00 -100.00
 175    41.792 56393.47234453 11.68 124.168788  65.765479  2.688 -100.00 -100.00 -100.00
 175    41.574 56393.47234512 11.43 124.175077  65.765944  2.699 -100.00 -100.00 -100.00
 175    39.786 56393.47234748 11.54 124.200235  65.767803  3.162 -100.00 -100.00 -100.00
 175    39.180 56393.47234807 11.45 124.206525  65.768267  2.794 -100.00 -100.00 -100.00
 176    39.744 56403.38798640 24.60 124.163472  65.765805 13.716 -100.00 -100.00 -100.00
 176    40.354 56403.38798699 24.94 124.169761  65.766271 13.587 -100.00 -100.00 -100.00
 176    40.448 56403.38798758 29.60 124.176051  65.766736 25.201 -100.00 -100.00 -100.00
 176    40.613 56403.38798994 28.58 124.201211  65.768595 13.612 -100.00 -100.00 -100.00
 176    43.860 56403.38799053 30.19 124.207501  65.769059 15.472 -100.00 -100.00 -100.00
 177    36.772 56413.30362625 42.65 124.167792  65.765917   -100 -100.00 -100.00 -100.00
 177    36.710 56413.30362684 45.98 124.174081  65.766382   -100 -100.00 -100.00 -100.00
 177    36.305 56413.30362979 39.86 124.205531  65.768706 26.303 -100.00 -100.00 -100.00
 178    37.034 56423.21926037 44.10 124.164299  65.764675  5.167 -100.00 -100.00 -100.00
 178    36.995 56423.21926096 44.11 124.170588  65.765141  9.829 -100.00 -100.00 -100.00
 178    37.221 56423.21926155 41.78 124.176877  65.765606   -100 -100.00 -100.00 -100.00
 178    39.082 56423.21926391 33.90 124.202036  65.767466 14.222 -100.00 -100.00 -100.00
 178    38.521 56423.21926450 36.55 124.208327  65.767931 22.970 -100.00 -100.00 -100.00
 179    46.047 56433.13490358 44.93 124.162369  65.764371   -100 -100.00 -100.00 -100.00
 179    46.049 56433.13490417 48.72 124.168658  65.764837  8.429 -100.00 -100.00 -100.00
 179    46.046 56433.13490476 49.03 124.174947  65.765303  8.832 -100.00 -100.00 -100.00
 179    45.975 56433.13490713 41.70 124.200106  65.767163   -100 -100.00 -100.00 -100.00
 179    45.966 56433.13490772 39.65 124.206397  65.767628 30.710 -100.00 -100.00 -100.00
 180    44.077 56443.05055646 28.94 124.167391  65.765351 16.390 -100.00 -100.00 -100.00
 180    44.166 56443.05055705 24.07 124.173680  65.765817  6.310 -100.00 -100.00 -100.00
 180    44.380 56443.05056001 26.92 124.205130  65.768141  9.907  232.66  230.39  236.71
 181    43.974 56452.96620639 25.95 124.168093  65.766111 12.376 -100.00 -100.00 -100.00
 181    41.668 56452.96620698 30.22 124.174382  65.766577 26.090 -100.00 -100.00 -100.00
 181    41.697 56452.96620934 33.37 124.199542  65.768436   -100 -100.00 -100.00 -100.00
 181    44.070 56452.96620993 28.70 124.205833  65.768900 20.039 -100.00 -100.00 -100.00
 182    43.845 56462.88185355 23.96 124.167764  65.765421  9.383 -100.00 -100.00 -100.00
 182    43.381 56462.88185414 22.01 124.174053  65.765887  7.591 -100.00 -100.00 -100.00
 182    44.161 56462.88185709 22.40 124.205501  65.768209  8.137 -100.00 -100.00 -100.00
 184    42.956 56482.71313735 26.99 124.163378  65.761407 11.177 -100.00 -100.00 -100.00
 184    40.627 56482.71313794 27.26 124.169665  65.761873 11.888 -100.00 -100.00 -100.00
 184    39.941 56482.71313853 29.66 124.175953  65.762338 16.987 -100.00 -100.00 -100.00
 185    43.480 56492.62877430 25.19 124.163807  65.761026 14.340 -100.00 -100.00 -100.00
 185    43.244 56492.62877489 22.78 124.170094  65.761492 10.632 -100.00 -100.00 -100.00
 185    41.589 56492.62877548 24.55 124.176382  65.761957 15.398 -100.00 -100.00 -100.00
 187    42.610 56512.46004179 25.81 124.163273  65.763403 19.378 -100.00 -100.00 -100.00
 187    42.543 56512.46004238 24.32 124.169561  65.763869 12.563 -100.00 -100.00 -100.00
 187    41.754 56512.46004297 29.06 124.175849  65.764335 28.793 -100.00 -100.00 -100.00
 188    43.235 56522.37568939 24.80 124.162982  65.763755 10.255 -100.00 -100.00 -100.00
 188    42.393 56522.37568998 26.19 124.169271  65.764222 14.580 -100.00 -100.00 -100.00
 188    42.193 56522.37569057 29.24 124.175560  65.764687 20.678 -100.00 -100.00 -100.00
 189    42.829 56532.29134212 24.52 124.165499  65.763065 14.677 -100.00 -100.00 -100.00
 189    42.106 56532.29134271 23.31 124.171788  65.763531 10.979 -100.00 -100.00 -100.00
 189    41.155 56532.29134330 24.29 124.178077  65.763997 13.628 -100.00 -100.00 -100.00
 191    42.933 56552.12263577 24.40 124.165586  65.762043  9.908 -100.00 -100.00 -100.00
 191    42.318 56552.12263636 24.84 124.171875  65.762509 10.519 -100.00 -100.00 -100.00
 191    40.683 56552.12263695 27.08 124.178163  65.762974 15.561 -100.00 -100.00 -100.00
 192    39.632 56562.03827826 40.37 124.162446  65.763655 27.280 -100.00 -100.00 -100.00
 192    39.363 56562.03827885 44.70 124.168735  65.764121   -100 -100.00 -100.00 -100.00
 192    39.605 56562.03827944 47.97 124.175025  65.764586   -100 -100.00 -100.00 -100.00
 193    42.737 56571.95392013 26.62 124.165267  65.765995  8.533 -100.00 -100.00 -100.00
 193    42.297 56571.95392072 27.19 124.171557  65.766461  9.880 -100.00 -100.00 -100.00
 193    41.949 56571.95392131 25.47 124.177847  65.766926  7.000 -100.00 -100.00 -100.00
 193    39.545 56571.95392367 25.94 124.203009  65.768785  9.835 -100.00 -100.00 -100.00
 193    39.206 56571.95392426 29.42 124.209300  65.769249 17.613 -100.00 -100.00 -100.00
 194    37.958 56581.86955960 37.70 124.162046  65.766701 29.558 -100.00 -100.00 -100.00
 194    37.938 56581.86956019 38.68 124.168336  65.767167   -100 -100.00 -100.00 -100.00
 194    37.953 56581.86956078 42.08 124.174625  65.767633   -100 -100.00 -100.00 -100.00
 194    37.944 56581.86956314 40.43 124.199787  65.769493   -100 -100.00 -100.00 -100.00
 194    37.868 56581.86956373 41.90 124.206078  65.769957   -100 -100.00 -100.00 -100.00
 195    37.811 56591.78519531 39.56 124.165497  65.765839   -100 -100.00 -100.00 -100.00
 195    37.664 56591.78519590 43.22 124.171786  65.766305   -100 -100.00 -100.00 -100.00
 195    37.447 56591.78519649 45.19 124.178075  65.766771  4.949 -100.00 -100.00 -100.00
 195    37.530 56591.78519885 35.56 124.203235  65.768630 22.392 -100.00 -100.00 -100.00
 196    36.868 56601.70084486 18.61 124.166464  65.764540  5.317 -100.00 -100.00 -100.00
 196    37.034 56601.70084545 20.12 124.172753  65.765006  6.762 -100.00 -100.00 -100.00
 196    36.686 56601.70084604 19.79 124.179042  65.765472  5.492 -100.00 -100.00 -100.00
 196    36.204 56601.70084840 22.17 124.204200  65.767331  7.479 -100.00 -100.00 -100.00
 197    37.276 56611.61649445 17.45 124.165500  65.763994  3.921 -100.00 -100.00 -100.00
 197    37.028 56611.61649504 18.77 124.171789  65.764459  5.196 -100.00 -100.00 -100.00
 197    37.165 56611.61649563 19.20 124.178078  65.764925  5.128 -100.00 -100.00 -100.00
 198    40.025 56621.53213943 16.34 124.162829  65.764739  3.957 -100.00 -100.00 -100.00
 198    37.424 56621.53214002 16.71 124.169118  65.765205  4.090 -100.00 -100.00 -100.00
 198    37.145 56621.53214061 17.91 124.175407  65.765671  4.979 -100.00 -100.00 -100.00
 198    36.648 56621.53214297 19.41 124.200566  65.767530  6.059 -100.00 -100.00 -100.00
 198    36.438 56621.53214356 19.67 124.206856  65.767994  6.478 -100.00 -100.00 -100.00
 199    38.922 56631.44778181 15.99 124.164191  65.765736  4.568 -100.00 -100.00 -100.00
 199    37.177 56631.44778240 16.72 124.170480  65.766202  4.919 -100.00 -100.00 -100.00
 199    37.364 56631.44778299 16.78 124.176770  65.766668  4.705 -100.00 -100.00 -100.00
 199    36.295 56631.44778535 19.19 124.201931  65.768527  6.519  246.42  242.89  236.00
 199    36.129 56631.44778595 19.38 124.208221  65.768991  7.844  246.42  242.89  236.00
 200    40.172 56641.36342023 15.65 124.166594  65.765305  4.045 -100.00 -100.00 -100.00
 200    39.952 56641.36342082 16.12 124.172884  65.765771  4.575 -100.00 -100.00 -100.00
 200    36.187 56641.36342378 17.98 124.204335  65.768095  5.335 -100.00 -100.00 -100.00
 201    40.912 56651.27906816 15.59 124.165130  65.763073  3.868 -100.00 -100.00 -100.00
 201    39.986 56651.27906875 15.74 124.171419  65.763538  3.718 -100.00 -100.00 -100.00
 201    39.594 56651.27906934 15.98 124.177708  65.764004  4.283 -100.00 -100.00 -100.00
 202    40.921 56661.19471819 14.36 124.164087  65.760997  3.929 -100.00 -100.00 -100.00
 202    40.699 56661.19471878 14.71 124.170376  65.761463  3.894 -100.00 -100.00 -100.00
 202    40.566 56661.19471937 14.85 124.176665  65.761928  4.186 -100.00 -100.00 -100.00
 203    41.632 56671.11036491 14.12 124.161304  65.760547  3.846 -100.00 -100.00 -100.00
 203    41.833 56671.11036550 14.24 124.167593  65.761013  3.542 -100.00 -100.00 -100.00
 203    40.204 56671.11036609 15.25 124.173882  65.761478  5.047 -100.00 -100.00 -100.00
 203    40.399 56671.11036668 14.99 124.180171  65.761943  3.768 -100.00 -100.00 -100.00
 205    41.339 56690.94165340 13.87 124.163574  65.764607  3.675 -100.00 -100.00 -100.00
 205    41.173 56690.94165399 14.14 124.169863  65.765073  3.937 -100.00 -100.00 -100.00
 205    39.768 56690.94165458 14.37 124.176153  65.765538  4.399 -100.00 -100.00 -100.00
 205    38.368 56690.94165694 15.47 124.201313  65.767397  4.791 -100.00 -100.00 -100.00
 205    36.932 56690.94165753 15.65 124.207604  65.767861  5.863 -100.00 -100.00 -100.00
 206    41.789 56700.85729310 12.73 124.164932  65.764913  3.456 -100.00 -100.00 -100.00
 206    41.365 56700.85729369 12.98 124.171222  65.765379  3.538 -100.00 -100.00 -100.00
 206    40.875 56700.85729428 12.85 124.177511  65.765844  3.087 -100.00 -100.00 -100.00
 206    38.644 56700.85729665 14.14 124.202671  65.767703  4.477 -100.00 -100.00 -100.00
 206    37.968 56700.85729724 14.14 124.208961  65.768167  4.012 -100.00 -100.00 -100.00
 207    41.641 56710.77292805 12.12 124.167422  65.763307  3.077 -100.00 -100.00 -100.00
 207    40.927 56710.77292864 12.26 124.173711  65.763773  3.321 -100.00 -100.00 -100.00
 207    40.713 56710.77292923 12.62 124.180000  65.764238  3.658 -100.00 -100.00 -100.00
 208    42.449 56720.68857065 11.66 124.162177  65.761642  2.971 -100.00 -100.00 -100.00
 208    41.870 56720.68857124 12.01 124.168465  65.762108  2.842 -100.00 -100.00 -100.00
 208    41.455 56720.68857183 12.05 124.174753  65.762573  3.259 -100.00 -100.00 -100.00
 209    42.213 56730.60422264 11.89 124.162884  65.762158  3.865 -100.00 -100.00 -100.00
 209    41.985 56730.60422323 11.83 124.169172  65.762624  4.299 -100.00 -100.00 -100.00
 209    41.691 56730.60422382 11.71 124.175460  65.763089  4.948 -100.00 -100.00 -100.00
 211    41.937 56750.43551507 10.68 124.165092  65.766933  2.988 -100.00 -100.00 -100.00
 211    41.721 56750.43551566 10.43 124.171382  65.767399  2.676 -100.00 -100.00 -100.00
 211    41.664 56750.43551625 10.56 124.177672  65.767864  2.766 -100.00 -100.00 -100.00
 211    39.783 56750.43551861 10.85 124.202833  65.769722  3.089  246.10  238.18  221.58
 211    39.580 56750.43551920 10.97 124.209124  65.770186  2.998  246.10  238.18  221.58
 212    40.493 56760.35115407 13.35 124.164730  65.767480  6.706 -100.00 -100.00 -100.00
 212    40.624 56760.35115466 12.55 124.171019  65.767945  5.247 -100.00 -100.00 -100.00
 212    40.659 56760.35115525 11.46 124.177309  65.768411  4.354 -100.00 -100.00 -100.00
 212    40.349 56760.35115761 13.73 124.202471  65.770270  5.612 -100.00 -100.00 -100.00
 212    39.889 56760.35115820 13.83 124.208762  65.770734  5.752 -100.00 -100.00 -100.00
 213    40.948 56770.26678678 25.15 124.167490  65.766302 11.333 -100.00 -100.00 -100.00
 213    39.064 56770.26678737 28.11 124.173779  65.766768 14.832 -100.00 -100.00 -100.00
 213    36.626 56770.26679032 35.06 124.205230  65.769093 21.704 -100.00 -100.00 -100.00
 214    39.849 56780.18243887 22.67 124.167710  65.764843  9.952 -100.00 -100.00 -100.00
 214    40.438 56780.18243946 23.37 124.173999  65.765308 10.345 -100.00 -100.00 -100.00
 214    38.661 56780.18244241 28.59 124.205449  65.767633 22.492 -100.00 -100.00 -100.00
 215    41.464 56790.09809406 35.32 124.167748  65.764343 23.196 -100.00 -100.00 -100.00
 215    41.303 56790.09809465 39.87 124.174037  65.764808   -100 -100.00 -100.00 -100.00
 215    41.572 56790.09809760 43.74 124.205487  65.767131   -100 -100.00 -100.00 -100.00
 216    44.652 56800.01374596 51.13 124.166863  65.765020   -100 -100.00 -100.00 -100.00
 216    44.606 56800.01374655 53.43 124.173153  65.765486  9.370 -100.00 -100.00 -100.00
 216    44.150 56800.01374951 40.62 124.204603  65.767808 19.627 -100.00 -100.00 -100.00
 217    41.926 56809.92939123 46.58 124.165327  65.765977 18.808 -100.00 -100.00 -100.00
 217    42.090 56809.92939182 36.76 124.171616  65.766442 24.609 -100.00 -100.00 -100.00
 217    41.978 56809.92939241 36.35 124.177906  65.766907 26.084 -100.00 -100.00 -100.00
 217    42.092 56809.92939478 33.85 124.203066  65.768765 16.491 -100.00 -100.00 -100.00
 217    42.040 56809.92939537 32.13 124.209357  65.769228 11.924 -100.00 -100.00 -100.00
 219    43.965 56829.76066747 28.76 124.162037  65.763592 16.340 -100.00 -100.00 -100.00
 219    41.378 56829.76066806 29.06 124.168325  65.764058 20.257 -100.00 -100.00 -100.00
 219    41.435 56829.76066865 32.27 124.174613  65.764523   -100 -100.00 -100.00 -100.00
 220    42.156 56839.67630067 46.47 124.163437  65.761229 17.134 -100.00 -100.00 -100.00
 220    42.084 56839.67630126 47.79 124.169724  65.761695 26.161 -100.00 -100.00 -100.00
 220    41.706 56839.67630185 49.30 124.176012  65.762160 29.000 -100.00 -100.00 -100.00
 221    40.643 56849.59193397 46.33 124.161824  65.760288 23.378 -100.00 -100.00 -100.00
 221    40.430 56849.59193456 48.20 124.168111  65.760754   -100 -100.00 -100.00 -100.00
 221    40.153 56849.59193515 52.70 124.174399  65.761220   -100 -100.00 -100.00 -100.00
 221    39.788 56849.59193574 56.52 124.180686  65.761685   -100 -100.00 -100.00 -100.00
 222    42.768 56859.50758892 25.10 124.165569  65.762350 15.622 -100.00 -100.00 -100.00
 222    42.442 56859.50758951 24.10 124.171857  65.762816 14.671 -100.00 -100.00 -100.00
 222    40.739 56859.50759010 27.95 124.178145  65.763281 25.080 -100.00 -100.00 -100.00
 223    39.582 56869.42324253 42.35 124.164208  65.764597 28.638 -100.00 -100.00 -100.00
 223    39.224 56869.42324312 47.17 124.170497  65.765063   -100 -100.00 -100.00 -100.00
 223    39.291 56869.42324371 47.33 124.176786  65.765528   -100 -100.00 -100.00 -100.00
 223    39.014 56869.42324607 50.68 124.201944  65.767387 32.744  249.74  249.58  251.13
 223    39.187 56869.42324666 48.23 124.208233  65.767851   -100  249.74  249.58  251.13
 224    40.054 56879.33889404 25.28 124.166641  65.765644 12.745 -100.00 -100.00 -100.00
 224    40.228 56879.33889463 24.94 124.172930  65.766110 11.760 -100.00 -100.00 -100.00
 224    39.792 56879.33889759 30.11 124.204379  65.768433 22.649 -100.00 -100.00 -100.00
 225    42.720 56889.25454142 26.17 124.162733  65.764417 11.901 -100.00 -100.00 -100.00
 225    42.388 56889.25454201 26.62 124.169022  65.764883 16.566 -100.00 -100.00 -100.00
 225    39.627 56889.25454260 27.51 124.175311  65.765348 18.214 -100.00 -100.00 -100.00
 225    39.680 56889.25454496 34.07 124.200470  65.767207   -100 -100.00 -100.00 -100.00
 225    39.807 56889.25454555 31.37 124.206761  65.767671 28.188 -100.00 -100.00 -100.00
 226    42.917 56899.17018629 23.80 124.161718  65.762896  8.436 -100.00 -100.00 -100.00
 226    42.553 56899.17018688 24.09 124.168006  65.763361  9.774 -100.00 -100.00 -100.00
 226    42.220 56899.17018747 23.60 124.174295  65.763827  8.874 -100.00 -100.00 -100.00
 227    42.256 56909.08582953 23.89 124.167333  65.763520 11.539 -100.00 -100.00 -100.00
 227    40.519 56909.08583012 23.09 124.173622  65.763985  9.740 -100.00 -100.00 -100.00
 227    39.817 56909.08583071 25.67 124.179912  65.764450 14.960 -100.00 -100.00 -100.00
 228    43.306 56919.00147036 25.48 124.166200  65.765262 11.040 -100.00 -100.00 -100.00
 228    42.559 56919.00147095 23.79 124.172489  65.765728  7.446 -100.00 -100.00 -100.00
 228    39.564 56919.00147154 24.41 124.178779  65.766193  8.336 -100.00 -100.00 -100.00
 228    39.437 56919.00147390 36.05 124.203940  65.768050   -100  235.38  234.85  239.99
 229    43.030 56928.91710908 26.46 124.164676  65.767158 11.378 -100.00 -100.00 -100.00
 229    42.810 56928.91710967 25.69 124.170966  65.767623 11.414 -100.00 -100.00 -100.00
 229    39.454 56928.91711026 30.93 124.177256  65.768089 29.478 -100.00 -100.00 -100.00
 229    40.015 56928.91711262 34.29 124.202418  65.769947   -100 -100.00 -100.00 -100.00
 229    40.321 56928.91711321 34.56 124.208709  65.770411 29.107 -100.00 -100.00 -100.00
 230    42.282 56938.83274358 27.03 124.165815  65.767623  9.534 -100.00 -100.00 -100.00
 230    42.465 56938.83274417 27.32 124.172105  65.768089 10.257 -100.00 -100.00 -100.00
 230    39.316 56938.83274712 26.12 124.203556  65.770413  8.105  237.07  235.31  240.17
 231    37.755 56948.74837823 41.16 124.165780  65.766222 32.606 -100.00 -100.00 -100.00
 231    37.628 56948.74837882 48.33 124.172069  65.766688  4.980 -100.00 -100.00 -100.00
 231    37.711 56948.74837941 50.37 124.178358  65.767154  8.104 -100.00 -100.00 -100.00
 231    37.628 56948.74838177 42.51 124.203517  65.769014   -100 -100.00 -100.00 -100.00
 232    36.829 56958.66403076 38.25 124.162565  65.764372 24.006 -100.00 -100.00 -100.00
 232    37.501 56958.66403135 40.16 124.168853  65.764838 20.888 -100.00 -100.00 -100.00
 232    36.446 56958.66403194 43.31 124.175142  65.765303 14.061 -100.00 -100.00 -100.00
 232    35.924 56958.66403430 31.07 124.200299  65.767163 18.368 -100.00 -100.00 -100.00
 232    36.100 56958.66403489 29.28 124.206589  65.767627 11.353 -100.00 -100.00 -100.00
 233    41.640 56968.57967846 18.58 124.163068  65.763626  3.355 -100.00 -100.00 -100.00
 233    40.672 56968.57967905 19.27 124.169357  65.764092  4.774 -100.00 -100.00 -100.00
 233    40.562 56968.57967964 19.66 124.175645  65.764557  4.764 -100.00 -100.00 -100.00
 234    40.429 56978.49532244 17.60 124.165037  65.764173  3.097 -100.00 -100.00 -100.00
 234    40.418 56978.49532303 18.38 124.171325  65.764638  3.675 -100.00 -100.00 -100.00
 234    40.287 56978.49532362 18.74 124.177614  65.765104  3.708 -100.00 -100.00 -100.00
 234    36.507 56978.49532658 22.05 124.209062  65.767426  7.944 -100.00 -100.00 -100.00
 235    41.384 56988.41096169 17.02 124.163894  65.764766  3.936 -100.00 -100.00 -100.00
 235    41.384 56988.41096228 16.99 124.170183  65.765231  3.945 -100.00 -100.00 -100.00
 235    40.345 56988.41096287 17.65 124.176473  65.765697  3.660 -100.00 -100.00 -100.00
 235    37.499 56988.41096523 19.25 124.201632  65.767556  5.404 -100.00 -100.00 -100.00
 235    36.685 56988.41096582 20.58 124.207922  65.768020  6.796 -100.00 -100.00 -100.00
 236    41.146 56998.32659513 16.77 124.167084  65.764546  3.921 -100.00 -100.00 -100.00
 236    40.888 56998.32659572 16.81 124.173373  65.765012  3.686 -100.00 -100.00 -100.00
 236    37.023 56998.32659867 18.95 124.204822  65.767337  6.083 -100.00 -100.00 -100.00
 237    41.479 57008.24224457 16.02 124.167267  65.763353  3.079 -100.00 -100.00 -100.00
 237    40.727 57008.24224516 16.62 124.173557  65.763819  3.894 -100.00 -100.00 -100.00
 237    40.227 57008.24224575 17.61 124.179846  65.764285  5.654 -100.00 -100.00 -100.00
 238    40.684 57018.15789727 15.45 124.163298  65.761659  3.717 -100.00 -100.00 -100.00
 238    40.637 57018.15789786 15.19 124.169587  65.762125  3.577 -100.00 -100.00 -100.00
 238    40.333 57018.15789845 16.31 124.175876  65.762591  5.333 -100.00 -100.00 -100.00
 239    41.567 57028.07354747 14.56 124.167160  65.761685  3.157 -100.00 -100.00 -100.00
 239    40.628 57028.07354806 14.96 124.173449  65.762151  3.974 -100.00 -100.00 -100.00
 239    40.548 57028.07354865 15.29 124.179738  65.762616  3.620 -100.00 -100.00 -100.00
 240    41.779 57037.98919521 13.46 124.162507  65.762661  2.957 -100.00 -100.00 -100.00
 240    40.748 57037.98919580 13.74 124.168796  65.763126  3.254 -100.00 -100.00 -100.00
 240    40.816 57037.98919639 13.56 124.175085  65.763592  3.130 -100.00 -100.00 -100.00
 241    41.139 57047.90484086 13.36 124.162282  65.764181  2.999 -100.00 -100.00 -100.00
 241    41.203 57047.90484146 13.80 124.168571  65.764647  3.137 -100.00 -100.00 -100.00
 241    41.095 57047.90484205 13.56 124.174860  65.765112  2.992 -100.00 -100.00 -100.00
 241    38.597 57047.90484500 14.42 124.206310  65.767435  4.110 -100.00 -100.00 -100.00
 242    40.589 57057.82048312 12.78 124.166618  65.765108  3.025 -100.00 -100.00 -100.00
 242    41.005 57057.82048371 12.87 124.172907  65.765574  3.137 -100.00 -100.00 -100.00
 242    38.591 57057.82048666 13.86 124.204355  65.767898  4.170 -100.00 -100.00 -100.00
 243    41.582 57067.73611899 12.24 124.162804  65.763992  2.668 -100.00 -100.00 -100.00
 243    41.361 57067.73611958 12.46 124.169092  65.764458  3.038 -100.00 -100.00 -100.00
 243    40.929 57067.73612017 12.42 124.175381  65.764924  2.940 -100.00 -100.00 -100.00
 243    38.778 57067.73612312 13.51 124.206827  65.767248  4.257 -100.00 -100.00 -100.00
 244    41.030 57077.65175083 12.20 124.161983  65.763109  2.973 -100.00 -100.00 -100.00
 244    41.511 57077.65175142 12.12 124.168271  65.763575  3.120 -100.00 -100.00 -100.00
 244    41.155 57077.65175201 12.11 124.174559  65.764040  3.110 -100.00 -100.00 -100.00
 245    41.755 57087.56738364 12.02 124.164616  65.763326  2.545 -100.00 -100.00 -100.00
 245    41.186 57087.56738423 12.31 124.170904  65.763792  3.249 -100.00 -100.00 -100.00
 245    40.869 57087.56738482 11.83 124.177192  65.764258  2.929 -100.00 -100.00 -100.00
 246    41.710 57097.48304236 11.62 124.164267  65.765152  2.555 -100.00 -100.00 -100.00
 246    41.509 57097.48304295 11.64 124.170556  65.765618  2.650 -100.00 -100.00 -100.00
 246    41.293 57097.48304354 11.60 124.176845  65.766084  2.744 -100.00 -100.00 -100.00
 246    39.957 57097.48304590 12.40 124.202004  65.767943  3.321 -100.00 -100.00 -100.00
 246    39.109 57097.48304649 12.35 124.208294  65.768407  3.351 -100.00 -100.00 -100.00
 247    41.858 57107.39869847 10.74 124.166976  65.767074  2.480 -100.00 -100.00 -100.00
 247    41.971 57107.39869906 10.60 124.173266  65.767540  2.604 -100.00 -100.00 -100.00
 247    40.027 57107.39870201 10.98 124.204717  65.769864  3.045 -100.00 -100.00 -100.00
 248    41.795 57117.31434926 10.78 124.166264  65.767376  2.382 -100.00 -100.00 -100.00
 248    41.569 57117.31434985 10.77 124.172553  65.767841  2.517 -100.00 -100.00 -100.00
 248    39.687 57117.31435280 11.21 124.204006  65.770165  2.974  238.12  230.17  214.92
 249    41.601 57127.22999369 11.28 124.164571  65.766194  3.157 -100.00 -100.00 -100.00
 249    41.532 57127.22999428 11.37 124.170861  65.766659  3.066 -100.00 -100.00 -100.00
 249    41.033 57127.22999487 11.66 124.177150  65.767125  3.569 -100.00 -100.00 -100.00
 249    40.936 57127.22999724 11.69 124.202312  65.768984  3.622  243.86  236.64  223.29
 249    40.632 57127.22999783 11.83 124.208603  65.769448  3.332  243.86  236.64  223.29
 250    41.374 57137.14563297 13.81 124.166094  65.764890  5.925 -100.00 -100.00 -100.00
 250    41.709 57137.14563356 13.39 124.172383  65.765356  4.642 -100.00 -100.00 -100.00
 250    41.555 57137.14563415 14.14 124.178673  65.765821  5.106 -100.00 -100.00 -100.00
 250    41.660 57137.14563651 15.07 124.203833  65.767680  5.866 -100.00 -100.00 -100.00
