# NaN NaN NaN ;Mean Elev.(m), Avg Gradient(m/km), RMS Gradient(m/km) - SRTM1     
#   17.157  -2.504  10.128 ;Mean Elev.(m), Avg Gradient(m/km), RMS Gradient(m/km) - ASTER GDEM
#   21.449  -3.061  10.785 ;Mean Elev.(m), Avg Gradient(m/km), RMS Gradient(m/km) - GMTED2010 
   3 123.983027  66.132770   -12.718   -14.554 10 54679.08189808 26.361
   4 123.979317  66.134094    39.447    39.485  9 54688.99754074 27.227
   5 123.979270  66.134807    -4.940    -3.713  9 54698.91318166 20.243
   7 123.985412  66.132032     9.450     9.401 10 54718.74447734 11.917
   8 123.988240  66.130143    39.727    39.918 10 54728.66012654 28.083
   9 123.989995  66.129679    37.487    37.475 10 54738.57577409 54.434
  11 123.983790  66.131451    83.165    82.821 10 54758.40706782 23.081
  12 123.985860  66.131582    34.648    34.634  9 54768.32271279 46.827
  13 123.989324  66.130438    35.383    35.386 10 54778.23835452 27.155
  17 123.984501  66.131623    36.080    35.238 10 54817.90090627 16.563
  18 123.984759  66.132569    35.386    35.413 10 54827.81655675 15.924
  19 123.985732  66.132578    35.397    35.408  9 54837.73219581 15.417
  20 123.984246  66.132762    35.218    35.298 10 54847.64784500 14.834
  21 123.983889  66.133342    34.995    34.948  9 54857.56349373 14.460
  22 123.981608  66.134180    34.804    34.810  9 54867.47914237 14.469
  23 123.978611  66.134047    34.717    34.718  9 54877.39479026 14.075
  24 123.983928  66.132941    34.765    34.709 10 54887.31043588 13.916
  25 123.987359  66.131146    35.069    35.102 10 54897.22607793 13.573
  26 123.986940  66.130007    34.999    34.793 10 54907.14171702 13.190
  27 123.989689  66.130146    35.114    35.030 10 54917.05735519 12.502
  28 123.986704  66.130791    35.041    35.006  9 54926.97299270 12.887
  29 123.986678  66.131049    35.268    35.280  9 54936.88862985 12.333
  30 124.003603  66.130858    35.660    35.678  5 54946.80426671 33.532
  31 123.989513  66.129604    35.867    34.707 10 54956.71989890 33.851
  32 123.989324  66.129096    37.208    36.965 11 54966.63554749 37.285
  33 123.991084  66.129597    43.495    43.492 10 54976.55119530 41.530
  34 123.987607  66.130718    92.502    92.569 10 54986.46684265 23.239
  35 123.986202  66.131696    89.578    87.308  9 54996.38249028 23.275
  36 123.984279  66.132229    40.214    40.037  9 55006.29813622 23.995
  38 123.984355  66.133026    39.900    39.546  9 55026.12942266 22.507
  39 123.981181  66.133902    39.250    39.097  9 55036.04506442 24.635
  40 123.982409  66.134242    38.115    38.205  9 55045.96070573 27.912
  41 123.984257  66.133373    37.848    37.488  9 55055.87634527 26.453
  42 123.984420  66.131386    38.361    38.472 10 55065.79198234 24.915
  43 123.985820  66.129982    37.020    37.023 10 55075.70763123 53.070
  44 123.986807  66.129762    81.725    81.421 10 55085.62327914 18.752
  45 123.988913  66.130594    38.343    38.412  9 55095.53892555 24.272
  46 123.986619  66.131142    39.726    39.255 10 55105.45457133 22.763
  47 123.984695  66.130867    38.946    38.946 10 55115.37021687 22.471
  48 123.985535  66.129873    83.223    82.990 10 55125.28586026 26.547
  49 123.987114  66.129121    96.433    96.674 10 55135.20150108 13.179
  50 123.987872  66.129100   100.164   106.038 10 55145.11713971  5.622
  51 123.987936  66.130147    34.821    34.641 11 55155.03277759 26.689
  52 123.985293  66.131159    35.071    34.871 10 55164.94841549 24.534
  53 123.984890  66.131957    35.135    35.137  9 55174.86405337 22.989
  54 123.985860  66.131967    35.247    35.139  9 55184.77969347 21.557
  55 123.985366  66.132214    35.122    35.056  9 55194.69534456 21.564
  56 123.983800  66.133017    34.919    34.795 10 55204.61099427 20.619
  57 123.979333  66.134126    34.533    34.550  9 55214.52664307 20.377
  58 123.978177  66.134334    34.637    34.489  9 55224.44229166 19.156
  59 123.984557  66.132980    34.297    34.219  9 55234.35793914 18.491
  60 123.984948  66.130553    34.348    34.672 10 55244.27358281 17.683
  61 123.991196  66.128949    35.154    35.291 10 55254.18922402 16.684
  62 123.989114  66.129236    34.982    35.248 10 55264.10486261 16.067
  63 123.987083  66.130937    34.839    34.836  9 55274.02050028 15.656
  64 123.984335  66.131814    35.066    35.140 10 55283.93613737 15.117
  65 123.989190  66.130943    35.244    35.308 10 55293.85177368 15.002
  66 123.989769  66.129066    35.325    35.202 10 55303.76741093 14.416
  67 123.989337  66.128029    35.066    35.024 10 55313.68305837 25.612
  68 123.991317  66.128967    81.486    81.217 10 55323.59870399 19.389
  69 124.011739  66.131187    35.080    34.604  3 55333.51435000 49.983
  70 123.983263  66.132209    89.988    90.082  9 55343.42999143 27.406
  71 123.985485  66.132291    40.392    40.355  9 55353.34563520 24.201
  72 123.985139  66.131875    39.017    38.764  9 55363.26127660 36.511
  74 124.005620  66.133220    37.625    37.625  2 55383.09255635 46.318
  75 123.981401  66.133929    38.899    38.753  9 55393.00819166 35.572
  77 123.984414  66.132436    83.702    80.903  9 55412.83947984 22.203
  78 123.994049  66.130081    38.738    38.028  8 55422.75512986 24.067
  79 123.996637  66.128435    37.147    36.721  8 55432.67077658 24.963
  80 124.017005  66.129419    35.988    35.988  2 55442.58642306 53.107
  81 123.989233  66.130771    38.462    38.142 10 55452.50206367 26.397
  83 123.986783  66.131222    36.845    37.048  9 55472.33334634 29.318
  84 123.991626  66.129337    83.453    81.500 10 55482.24898448 14.952
  85 123.987041  66.127782    80.717    80.492 10 55492.16461954 22.727
  86 123.986742  66.128568    33.940    33.933 10 55502.08025329 36.765
  87 123.984021  66.130821    33.912    33.892 10 55511.99589812 28.008
  88 123.983569  66.132757    34.124    34.105  9 55521.91154768 21.917
  89 123.983550  66.133173    33.927    34.324  9 55531.82719599 22.369
  90 123.983639  66.132353    34.358    34.342  9 55541.74284265 18.717
  91 123.984841  66.131828    34.077    34.083  9 55551.65848733 18.113
  92 123.984124  66.132510    33.910    33.902  9 55561.57413042 16.867
  93 123.979681  66.133696    34.102    34.105  9 55571.48977243 14.877
  94 123.978859  66.133863    34.049    34.037  9 55581.40541362 14.310
  95 123.984389  66.132131    34.310    34.267 10 55591.32105226 13.771
  96 123.988733  66.129468    34.439    34.259 10 55601.23668756 13.072
  97 123.990306  66.127852    34.570    34.534 10 55611.15232044 12.772
  98 123.986650  66.128538    34.400    34.250 10 55621.06795220 12.662
  99 123.984040  66.130745    34.219    33.945 10 55630.98360484 12.178
 100 123.983928  66.131985    34.232    34.220  9 55640.89925565 11.629
 101 123.986377  66.131171    34.665    34.447  9 55650.81490403 11.843
 102 123.988708  66.128984    35.009    35.039 10 55660.73054872 11.599
 103 123.992446  66.127929    35.839    35.903 10 55670.64619020 19.652
 104 123.991654  66.128940    35.064    35.143 10 55680.56182952 29.807
 105 123.988086  66.131280    36.836    35.990  9 55690.47746676 25.913
 106 123.983257  66.133005    39.871    39.895  9 55700.39310229 39.223
 107 123.984295  66.133279    40.220    40.203  9 55710.30874204 25.431
 108 123.985095  66.132534    40.713    40.802  9 55720.22439224 22.214
 109 123.985542  66.132170    39.569    39.563  9 55730.14004020 28.944
 110 123.987578  66.132508    40.414    40.282  9 55740.05568699 21.579
 111 123.982125  66.133027    36.349    36.363  9 55749.97133186 42.497
 112 123.982387  66.132903    38.382    38.587 10 55759.88697488 30.936
 114 124.010909  66.130077    88.527    88.467  3 55779.71825442 27.630
 115 123.988727  66.128418    39.564    39.041 10 55789.63388665 21.814
 116 123.988281  66.128777    38.085    37.704 10 55799.54951970 34.264
 118 123.985038  66.131605    37.883    38.090  9 55819.38081525 23.974
 119 123.986843  66.131279    37.848    38.115  9 55829.29645993 23.265
 121 123.989807  66.128441    82.547    82.425 11 55849.12773725 22.148
 122 124.008337  66.129516    34.497    34.466  4 55859.04337391 34.069
 123 123.986884  66.131434    83.296    81.283 10 55868.95902052 16.741
 133 123.990632  66.129047    36.491    36.123 10 55968.11546382 11.371
 134 123.990729  66.129835    36.744    36.047 10 55978.03110055 11.704
 135 123.989462  66.130722    36.074    36.093 10 55987.94673650 11.042
 136 123.984552  66.130905    36.034    36.018 10 55997.86237597 10.656
 137 123.987361  66.130395    36.012    35.963 10 56007.77802745 10.260
 138 123.987595  66.129549    36.110    35.971 10 56017.69367450 10.627
 139 123.990930  66.129650    36.296    36.336 10 56027.60931893 10.138
 141 123.983803  66.132010    36.087    36.029 10 56047.44060131  9.784
 142 123.985166  66.133076    80.325    79.946  9 56057.35623919 20.878
 143 123.987624  66.133274    95.693    88.399  8 56067.27187283  7.502
 144 123.984730  66.133016   104.919   111.977  8 56077.18752168  8.285
 145 123.982667  66.132935    40.352    40.356 10 56087.10317036 29.060
 146 123.984081  66.132975    40.252    40.235  9 56097.01881691 22.414
 147 123.984235  66.132532    40.251    40.222  9 56106.93446118 21.771
 148 123.986534  66.131390    39.865    39.333  9 56116.85009122 20.596
 151 123.988153  66.129636    39.896    39.533 11 56146.59700711 23.901
 152 123.990394  66.130540    36.716    36.716 10 56156.51265678 46.506
 153 123.988414  66.131157    37.613    37.597 10 56166.42830513 51.446
 154 123.988248  66.130913    39.625    39.378 10 56176.34395128 22.937
 155 123.989504  66.130246    39.415    39.304 10 56186.25959262 24.213
 156 123.992229  66.129732    38.526    37.815  8 56196.17523034 24.945
 157 123.989056  66.130263    38.368    38.152 10 56206.09086454 24.567
 158 123.985277  66.131650    84.478    82.321  9 56216.00649721 13.957
 159 123.982025  66.133019    35.455    35.403  9 56225.92213680 42.981
 160 123.982482  66.133359    35.540    35.562  9 56235.83779209 27.997
 161 123.985349  66.132971    34.665    34.678  9 56245.75344372 24.721
 162 123.982879  66.132580    35.022    35.038 10 56255.66908976 25.487
 163 123.982764  66.132982    35.138    35.142 10 56265.58473214 24.490
 164 123.981746  66.133401    35.229    35.255  9 56275.50037274 23.719
 165 123.983769  66.132855    35.153    35.098  9 56285.41601876 19.258
 166 123.987186  66.131122    34.914    34.885 10 56295.33166956 19.275
 167 123.988256  66.129198    34.648    34.569 10 56305.24731599 18.748
 168 123.990596  66.128830    34.462    34.329 10 56315.16295901 17.310
 169 123.987459  66.130143    34.273    34.194 10 56325.07859962 16.314
 170 123.985773  66.131675    34.023    33.833  9 56334.99423954 16.141
 171 123.984602  66.131796    34.625    34.393  9 56344.90987856 13.523
 172 123.988054  66.130672    34.900    34.792 10 56354.82551565 13.064
 173 123.990995  66.129501    34.942    34.844 10 56364.74116090 12.486
 174 123.988579  66.129598    35.525    35.275 11 56374.65680955 12.265
 176 123.983585  66.133101    35.989    36.031 10 56394.48809893 11.455
 177 123.981972  66.133890    36.123    36.033  9 56404.40374075 29.094
 178 123.981352  66.133619    98.733    99.878  8 56414.31937961 18.473
 179 123.984296  66.132589    85.326    85.310  9 56424.23501391 14.189
 180 123.985630  66.132289    90.248    90.453  9 56434.15065972 26.849
 181 123.984294  66.132705    87.401    87.386 10 56444.06631178 27.205
 182 123.981393  66.133511    40.353    40.530  9 56453.98196118 25.029
 183 123.982384  66.133024    39.700    39.669 10 56463.89760813 45.219
 184 123.986539  66.131251    84.048    84.076 10 56473.81325192 24.695
 185 123.991349  66.129169    37.693    36.633 10 56483.72889236 27.625
 187 123.986692  66.129984    39.724    39.674 10 56503.56016313 24.513
 188 123.983838  66.131897    39.499    39.311 10 56513.47579576 24.222
 189 123.984342  66.132467    39.684    39.584  9 56523.39144553 22.032
 190 123.986048  66.131273    39.924    39.892 10 56533.30709761 20.351
 193 123.986094  66.131505    39.692    39.647  9 56563.05403330 22.746
 195 123.979671  66.134908    82.243    82.230  9 56582.88531356 19.632
 196 123.984623  66.134035    34.347    34.360  9 56592.80094886 44.052
 197 123.983610  66.132443    34.164    34.187  9 56602.71660017 24.280
 198 123.986438  66.131699    34.639    34.641 10 56612.63224963 20.089
 199 123.984672  66.132433    34.618    34.613 10 56622.54789439 17.282
 200 123.981778  66.133254    34.605    34.596  9 56632.46353615 19.063
 201 123.984401  66.133040    34.713    34.727  9 56642.37917402 17.188
 202 123.985621  66.131124    34.868    34.908  9 56652.29482385 14.813
 203 123.990423  66.129136    34.996    34.931 10 56662.21047392 14.832
 204 123.990962  66.128561    34.919    34.703 10 56672.12612069 14.348
 205 123.989541  66.130322    34.888    34.887 10 56682.04176562 14.107
 206 123.985565  66.132166    34.484    34.322  9 56691.95740829 13.217
 207 123.982859  66.132787    34.297    34.038  9 56701.87304715 12.773
 208 123.985105  66.131438    34.869    34.995  9 56711.78868150 12.186
 210 123.988138  66.130102    35.249    35.293 11 56731.61997856 11.055
 211 123.984934  66.132070    35.222    35.171  9 56741.53562611 11.563
 212 123.980800  66.134296    35.022    35.182  9 56751.45126929 10.883
 213 123.979447  66.135185    35.534    35.568  8 56761.36690761 17.539
 214 123.983844  66.134267    36.458    36.480  9 56771.28253972 28.577
 215 123.981947  66.132622    37.297    36.522  9 56781.19819444 25.458
 216 124.008927  66.132106    38.831    38.749  3 56791.11385164 38.314
 217 123.985094  66.132108    89.092    89.084  9 56801.02950117 28.231
 219 123.986895  66.133010    89.751    86.011  9 56820.86078607 14.146
 221 123.989962  66.129557    41.023    41.232 10 56840.69205501 20.762
 222 123.991825  66.128952    39.013    38.627 10 56850.60769090 24.287
 223 123.990056  66.130263    39.664    39.010 10 56860.52334520 21.140
 224 124.009404  66.132521    36.443    36.443  2 56870.43900068 53.471
 225 123.983083  66.132922    85.513    83.935  9 56880.35464929 25.569
 226 123.995805  66.132351    38.118    37.904  6 56890.27029781 22.814
 228 123.987385  66.131132    37.956    37.779 10 56910.10158399 26.732
 232 123.982549  66.134121    87.320    80.592  9 56949.76413406 22.505
 233 123.983067  66.132615    33.348    33.314 10 56959.67978634 38.782
 234 123.992365  66.131914    33.392    33.409  8 56969.59543433 25.493
 235 123.985033  66.131903    34.368    34.382  9 56979.51107692 24.085
 236 123.985178  66.132317    34.573    34.551 10 56989.42671576 20.542
 237 123.986192  66.132035    34.524    34.494 10 56999.34234840 20.009
 238 123.985898  66.131101    34.475    34.446  9 57009.25800064 18.751
 239 123.990617  66.129971    34.671    34.462 10 57019.17365362 16.915
 240 123.989110  66.129713    34.636    34.412 10 57029.08930296 15.675
 241 123.987928  66.130621    34.653    34.642 10 57039.00495065 14.704
 242 123.983787  66.131831    34.252    34.056  9 57048.92059573 14.403
 243 123.983095  66.132396    34.062    34.000 10 57058.83623720 14.812
 244 123.984448  66.132016    34.431    34.335 10 57068.75187316 13.821
 245 123.984875  66.131584    34.390    34.167  9 57078.66750474 12.393
 246 123.983881  66.131929    34.030    33.658  9 57088.58314005 13.497
 247 123.983102  66.133289    34.591    34.291  9 57098.49879837 11.957
 248 123.979278  66.134484    34.826    34.784  9 57108.41445345 12.842
 249 123.980733  66.134541    34.517    34.368  8 57118.33010384 12.546
 250 123.980426  66.133525    35.557    35.597  9 57128.24574797 12.343
