# NaN NaN NaN ;Mean Elev.(m), Avg Gradient(m/km), RMS Gradient(m/km) - SRTM1     
#  182.411  -4.905  34.299 ;Mean Elev.(m), Avg Gradient(m/km), RMS Gradient(m/km) - ASTER GDEM
#  131.197  -5.264  36.439 ;Mean Elev.(m), Avg Gradient(m/km), RMS Gradient(m/km) - GMTED2010 
   2 116.940131  60.367226   148.960   148.957  3 54669.08442724 41.496
   8 116.943500  60.366926   234.695   234.695  2 54728.57829927  4.899
  11 116.938158  60.368648   146.548   146.548  2 54758.32524107 20.230
  12 116.938454  60.368517   146.624   146.604  3 54768.24088603 46.206
  13 116.939222  60.366768   146.066   146.066  2 54778.15652745 34.436
  14 116.940710  60.365206   146.296   146.296  2 54788.07216648 22.387
  15 116.942403  60.365220   149.953   146.979  3 54797.98780460 18.728
  17 116.940430  60.366070   155.914   155.903  3 54817.81907960 15.629
  18 116.938763  60.366908   155.991   155.991  2 54827.73472976 14.825
  19 116.938712  60.367985   154.996   155.025  3 54837.65036881 14.512
  20 116.937141  60.369070   152.156   154.760  3 54847.56601811 14.247
  21 116.937440  60.370781   155.008   154.883  3 54857.48166717 12.422
  22 116.937908  60.372268   154.884   154.951  3 54867.39731634 11.413
  23 116.935550  60.371155   154.943   155.073  3 54877.31296428 12.124
  24 116.937089  60.369881   155.295   154.910  3 54887.22860951 12.211
  25 116.938017  60.368167   155.474   155.474  2 54897.14425123 12.217
  26 116.939588  60.367817   155.800   155.807  3 54907.05989046 10.847
  27 116.938650  60.367531   155.928   155.928  2 54916.97552818 10.663
  28 116.937519  60.367242   155.785   155.785  2 54926.89116569 11.005
  30 116.941430  60.365782   146.328   146.328  2 54946.72243803 30.597
  31 116.943201  60.363779   152.330   152.354  3 54956.63807115 30.602
  33 116.941113  60.364694   150.497   150.508  3 54976.46936735 40.180
  35 116.938068  60.366784   153.878   153.878  2 54996.30066294 34.786
  36 116.939461  60.368027   152.962   152.928  3 55006.21630945 49.882
  37 116.937945  60.368172   151.861   150.428  3 55016.13195332 13.349
  38 116.936747  60.368723   149.487   149.493  3 55026.04759580 40.138
  39 116.938207  60.370580   149.353   149.207  3 55035.96323816 46.650
  40 116.937179  60.369995   148.241   148.241  2 55045.87887910 42.431
  41 116.938492  60.368088   147.853   147.853  2 55055.79451827 24.567
  42 116.940005  60.365168   150.558   150.224  3 55065.71015503 46.877
  43 116.941965  60.365178   149.956   149.798  3 55075.62580380 35.903
  44 116.940419  60.365853   148.778   148.778  2 55085.54145160 47.719
  45 116.937535  60.366812   148.282   148.219  3 55095.45709777 20.906
  46 116.937543  60.367727   156.682   156.849  3 55105.37274403 14.475
  47 116.937841  60.367320   150.683   148.132  3 55115.28838990 15.216
  48 116.940637  60.366758   147.289   147.281  3 55125.20403358 37.337
  49 116.941066  60.365699   146.906   146.923  3 55135.11967429 35.978
  50 116.940485  60.365246   146.781   146.781  2 55145.03531279 34.523
  51 116.941046  60.366412   156.111   156.111  2 55154.95095080 16.774
  52 116.940023  60.366720   152.948   155.225  3 55164.86658880 15.031
  53 116.938502  60.366182   151.041   148.318  3 55174.78222642 15.610
  54 116.940640  60.366160   156.667   156.882  3 55184.69786639 12.064
  55 116.939280  60.367061   156.233   156.215  3 55194.61351747 12.163
  56 116.937136  60.368685   155.317   155.317  2 55204.52916735 11.771
  57 116.936442  60.370760   154.880   154.789  3 55214.44481682 10.342
  58 116.936969  60.371563   154.745   154.831  3 55224.36046577  9.746
  59 116.936936  60.369764   155.310   154.890  3 55234.27611259 10.041
  60 116.938347  60.367024   156.550   156.550  2 55244.19175615 10.052
  61 116.939856  60.365746   156.727   156.738  3 55254.10739684  9.628
  62 116.940112  60.366677   156.569   156.569  2 55264.02303571  8.025
  63 116.937870  60.367794   156.073   156.073  2 55273.93867336  8.304
  64 116.938636  60.368171   152.681   155.887  3 55283.85431068  9.679
  65 116.939423  60.365845   156.407   156.407  2 55293.76994619  7.786
  66 116.943069  60.363933   146.431   146.342  3 55303.68558323 17.959
  67 116.944263  60.363901   146.680   146.682  3 55313.60123074 31.138
  68 116.942056  60.364828   408.130   408.186  3 55323.51687607  5.566
  69 116.939963  60.366688   154.271   154.253  3 55333.43252032 39.936
  70 116.938610  60.368015   150.582   150.582  2 55343.34816447 44.259
  71 116.937535  60.367524   151.801   151.733  3 55353.26380800 43.287
  72 116.938918  60.367270   145.707   148.374  3 55363.17944962 19.829
  73 116.937710  60.366704   148.670   148.540  3 55373.09508907 32.611
  74 116.938468  60.367829   152.240   152.240  2 55383.01072754 39.727
  75 116.937156  60.368125   148.249   148.249  2 55392.92636489 35.527
  76 116.938983  60.367810   147.721   147.619  3 55402.84200084 40.375
  77 116.939819  60.366768   149.489   149.526  3 55412.75765256 39.383
  78 116.941636  60.365200   147.825   147.825  2 55422.67330163 42.733
  79 116.941605  60.364027   147.918   147.918  2 55432.58894796 37.646
  80 116.940979  60.365589   148.701   148.679  3 55442.50459278 41.104
  81 116.938727  60.367304   148.415   148.268  3 55452.42023604 41.115
  82 116.937615  60.368122   147.204   147.233  3 55462.33587855 17.880
  83 116.938178  60.366462   153.648   156.179  3 55472.25151913 11.335
  84 116.943174  60.365192   147.089   147.089  2 55482.16715731 33.061
  85 116.943564  60.363111   146.208   146.229  3 55492.08279268 41.913
  86 116.944621  60.363858   146.566   146.566  2 55501.99842666 35.665
  87 116.940249  60.365386   145.979   145.972  3 55511.91407130 39.440
  88 116.938117  60.367505   146.011   146.011  2 55521.82972088 33.050
  89 116.939126  60.368824   146.054   146.077  3 55531.74536936 23.897
  90 116.937166  60.367562   146.391   146.411  3 55541.66101563 22.842
  91 116.937576  60.367470   147.373   147.263  3 55551.57666023 21.674
  92 116.936544  60.368326   146.730   146.850  3 55561.49230345 19.073
  93 116.937958  60.370167   154.070   154.040  3 55571.40794631 16.111
  94 116.938481  60.370027   152.198   154.780  3 55581.32358774 14.637
  95 116.938785  60.367224   155.632   155.632  2 55591.23922570 14.071
  96 116.941557  60.364127   156.099   156.339  3 55601.15486060 14.254
  97 116.944213  60.362469   156.134   156.134  2 55611.07049342 13.972
  98 116.944104  60.362606   156.953   156.926  3 55620.98612528 14.085
  99 116.941525  60.365635   155.557   155.315  3 55630.90177814 12.480
 100 116.938488  60.366482   155.815   155.752  3 55640.81742864 11.731
 101 116.939265  60.365854   155.935   155.929  3 55650.73307666  7.375
 102 116.942490  60.364651   146.406   146.419  3 55660.64872123 17.029
 103 116.943233  60.364034   146.628   146.637  3 55670.56436232 40.804
 105 116.940550  60.366451   149.425   149.388  3 55690.39563943 42.803
 106 116.939202  60.366980   149.062   149.062  2 55700.31127544 43.622
 107 116.939526  60.366799   147.367   147.230  3 55710.22691506 26.555
 108 116.939323  60.366877   151.662   151.662  2 55720.14256527 46.991
 109 116.937394  60.366776   150.278   150.216  3 55730.05821303 39.579
 110 116.937921  60.367851   148.160   148.160  2 55739.97385977 40.461
 111 116.939119  60.369102   147.615   147.537  3 55749.88950532 32.445
 112 116.937783  60.368116   147.206   147.177  3 55759.80514796 25.340
 113 116.939290  60.366766   148.932   148.932  2 55769.72078798 18.460
 114 116.941995  60.364934   150.694   150.694  2 55779.63642476 47.954
 115 116.943995  60.363569   149.717   149.563  3 55789.55205906 46.657
 116 116.944614  60.363418   148.298   148.298  2 55799.46769228 45.270
 117 116.942520  60.364944   148.758   148.866  3 55809.38333919 51.952
 118 116.940707  60.366101   148.117   148.117  2 55819.29898826 23.402
 119 116.940168  60.365258   147.675   147.653  3 55829.21463279 15.461
 120 116.943773  60.364493   147.008   147.008  2 55839.13027324 39.351
 121 116.944540  60.363367   158.247   158.726  3 55849.04591026  9.160
 122 116.944943  60.364148   147.346   147.346  2 55858.96154537 46.790
 123 116.939658  60.365473   147.057   146.958  3 55868.87719335 36.078
 133 116.941058  60.364978   156.091   155.996  3 55968.03363673 13.405
 134 116.940889  60.365294   156.281   156.123  3 55977.94927338 13.078
 135 116.940648  60.365112   155.649   155.649  2 55987.86490926 13.629
 136 116.941483  60.364783   150.912   150.912  2 55997.78054891 13.495
 137 116.941509  60.364832   155.940   155.584  3 56007.69620002 13.405
 138 116.942787  60.365125   155.716   155.718  3 56017.61184712 12.549
 139 116.942087  60.365905   152.266   154.884  3 56027.52749128 12.903
 143 116.939268  60.366480   154.036   154.039  3 56067.19004567 43.042
 144 116.937634  60.366595   152.982   152.880  3 56077.10569453 47.538
 145 116.938016  60.368002   155.343   155.343  2 56087.02134361 45.290
 146 116.937008  60.368233   152.760   152.785  3 56096.93698991 36.834
 147 116.938510  60.368028   151.779   151.779  2 56106.85263419 49.206
 148 116.940404  60.366693   150.476   150.318  3 56116.76826394 45.643
 149 116.940942  60.364628   152.713   152.644  3 56126.68390136 50.318
 150 116.943470  60.363905   152.900   152.844  3 56136.59953532 48.129
 151 116.942990  60.364751   149.407   149.407  2 56146.51517943 46.566
 152 116.941265  60.365982   148.399   148.399  2 56156.43082902 27.095
 153 116.940228  60.366649   147.992   148.156  3 56166.34647770 47.831
 154 116.940130  60.366214   148.290   148.178  3 56176.26212399 48.918
 155 116.941198  60.365407   151.173   147.933  3 56186.17776537 13.674
 156 116.941219  60.364544   152.123   152.123  2 56196.09340284 14.724
 157 116.941778  60.365184   148.037   148.037  2 56206.00903749 36.601
 158 116.940868  60.365857   147.044   147.044  2 56215.92467045 24.720
 159 116.938853  60.366179   146.713   146.713  2 56225.84030991 38.034
 160 116.937613  60.366773   145.841   145.837  3 56235.75596506 34.258
 161 116.938608  60.367276   146.917   146.917  2 56245.67161654 26.394
 162 116.938247  60.367396   147.044   147.044  2 56255.58726279 22.031
 163 116.937921  60.368188   147.708   147.768  3 56265.50290532 21.276
 164 116.938627  60.369034   147.645   147.604  3 56275.41854629 20.892
 165 116.936809  60.367721   147.491   147.535  3 56285.33419184 16.678
 166 116.939043  60.366677   147.521   147.521  2 56295.24984259 16.049
 167 116.941621  60.365647   151.227   151.227  2 56305.16548918 15.418
 168 116.940551  60.365184   146.817   146.736  3 56315.08113188 13.405
 169 116.940142  60.366797   151.254   151.254  2 56324.99677288 14.883
 170 116.938974  60.367707   149.458   146.428  3 56334.91241284 15.962
 171 116.939700  60.367087   146.390   146.416  3 56344.82805183 18.808
 172 116.941255  60.365054   149.064   146.415  3 56354.74368838 15.972
 173 116.942243  60.364246   146.035   146.035  2 56364.65933311 25.719
 174 116.940455  60.364921   146.242   146.242  2 56374.57498185 26.587
 176 116.937457  60.369386   145.830   145.940  3 56394.40627209 22.512
 178 116.937499  60.368536   146.052   146.052  3 56414.23755311 36.854
 179 116.939650  60.366620   152.969   153.007  3 56424.15318720 48.281
 180 116.938983  60.366426   149.953   149.797  3 56434.06883264 49.499
 181 116.938781  60.368478   150.673   150.509  3 56443.98448501 41.084
 182 116.936706  60.369648   152.357   152.357  2 56453.90013454 12.771
 183 116.937933  60.369633   149.072   149.072  2 56463.81578142 44.703
 184 116.937852  60.367068   148.269   148.277  3 56473.73142442 47.097
 185 116.941990  60.365437   150.671   150.671  2 56483.64706456 47.152
 187 116.941373  60.365012   150.321   150.226  3 56503.47833569 47.766
 188 116.941051  60.365726   148.301   148.368  3 56513.39396874 25.861
 189 116.940429  60.366377   150.969   150.969  2 56523.30961847 46.863
 190 116.941387  60.366037   147.806   147.806  2 56533.22527064 21.857
 192 116.940324  60.365275   146.609   146.609  2 56553.05656362 36.839
 193 116.939719  60.367701   147.299   147.173  3 56562.97220658 33.879
 194 116.937739  60.369575   145.071   145.071  2 56572.88784805 20.637
 195 116.938014  60.370117   146.382   146.241  3 56582.80348742 28.541
 196 116.939181  60.367814   145.839   145.914  3 56592.71912204 38.019
 197 116.938938  60.366683   145.769   145.769  2 56602.63477309 33.926
 198 116.938575  60.366677   149.346   146.160  3 56612.55042231 21.245
 199 116.938846  60.368160   155.391   155.661  3 56622.46606754 18.345
 200 116.936248  60.368230   155.712   155.751  3 56632.38170946 14.280
 201 116.939193  60.368072   155.759   155.915  3 56642.29734752 16.011
 202 116.939671  60.366276   156.199   156.199  2 56652.21299707 14.465
 203 116.942183  60.365486   156.176   156.097  3 56662.12864699 15.893
 204 116.940535  60.364845   156.801   156.908  3 56672.04429351 14.947
 205 116.938570  60.366516   156.015   156.025  3 56681.95993851 14.451
 206 116.937972  60.368093   155.642   155.638  3 56691.87558155 14.132
 207 116.937972  60.367712   155.544   155.532  3 56701.79122049 14.809
 208 116.940165  60.365589   155.959   155.959  2 56711.70685448 13.250
 210 116.941099  60.366612   155.998   156.242  3 56731.53815124 12.601
 211 116.938162  60.368728   154.827   154.827  2 56741.45379915  7.971
 212 116.936696  60.370643   163.010   163.010  2 56751.36944291  6.973
 213 116.936787  60.370519   146.264   146.200  3 56761.28508147 30.576
 214 116.936799  60.367641   230.445   231.880  3 56771.20071296  7.814
 215 116.938157  60.367695   149.994   149.994  2 56781.11636782 48.865
 216 116.938175  60.368243   150.247   150.247  2 56791.03202264 47.923
 217 116.937544  60.369688   133.920   133.920  2 56800.94767440  7.996
 218 116.936445  60.370319   149.454   149.443  3 56810.86331898 45.422
 219 116.938722  60.370359   150.988   150.920  3 56820.77895912 43.384
 221 116.941515  60.364700   148.697   148.697  2 56840.61022719 38.597
 222 116.943968  60.364047   147.962   147.962  2 56850.52586289 26.519
 223 116.941422  60.365997   146.586   146.544  3 56860.44151745 17.968
 224 116.936939  60.367419   146.801   146.727  3 56870.35717104 44.002
 225 116.936461  60.368524   147.791   147.885  3 56880.27282229 18.622
 226 116.938218  60.368651   148.720   148.720  2 56890.18846998 45.774
 227 116.938015  60.367725   149.507   149.507  2 56900.10411449 31.848
 228 116.938387  60.368753   148.365   147.435  3 56910.01975711 14.355
 229 116.937451  60.370019   148.874   148.874  2 56919.93539789 40.165
 230 116.937467  60.371041   147.769   147.769  2 56929.85103658 14.350
 231 116.936760  60.369595   146.980   146.873  3 56939.76667014 35.640
 232 116.937888  60.367779   146.275   146.085  3 56949.68230696 43.120
 233 116.939365  60.367861   145.726   145.755  3 56959.59795937 36.876
 234 116.938025  60.367432   145.548   145.548  2 56969.51360643 35.685
 235 116.938611  60.367852   146.728   146.728  2 56979.42924993 24.321
 236 116.937694  60.367180   150.996   150.996  2 56989.34488876 20.465
 237 116.940514  60.366121   146.386   146.386  2 56999.26052162 21.153
 238 116.940143  60.365652   151.342   151.342  2 57009.17617371 18.906
 239 116.939848  60.365279   155.656   155.605  3 57019.09182630 16.588
 240 116.939438  60.365708   155.527   155.527  2 57029.00747581 17.650
 241 116.939298  60.367085   155.412   155.644  3 57038.92312370 14.937
 242 116.938234  60.367878   155.134   155.134  2 57048.83876903 14.290
 243 116.936691  60.367105   155.635   155.639  3 57058.75441020 11.909
 244 116.938199  60.366235   155.554   155.635  3 57068.67004599 11.997
 245 116.940052  60.365684   155.893   155.868  3 57078.58567760 11.933
 246 116.940106  60.365793   156.180   156.276  3 57088.50131281 11.987
 247 116.937703  60.368283   155.126   155.126  2 57098.41697139 11.822
 248 116.936152  60.370000   145.875   145.893  3 57108.33262702 18.493
 249 116.937142  60.370285   150.324   150.324  2 57118.24827755 10.423
 250 116.938282  60.369403   146.369   146.423  3 57128.16392180 16.570
