# NaN NaN NaN ;Mean Elev.(m), Avg Gradient(m/km), RMS Gradient(m/km) - SRTM1     
#   18.704  -2.617  11.652 ;Mean Elev.(m), Avg Gradient(m/km), RMS Gradient(m/km) - ASTER GDEM
#   27.030  -1.484  10.372 ;Mean Elev.(m), Avg Gradient(m/km), RMS Gradient(m/km) - GMTED2010 
   1    48.359 54664.16810862 29.70 124.428103  65.251356 12.844  249.81  255.57  254.88
   1    48.238 54664.16810921 24.34 124.434141  65.252057  3.160  249.81  255.57  254.88
   1    45.547 54664.16810980 24.38 124.440181  65.252757  3.699  249.81  255.57  254.88
   2    48.296 54674.08375366 24.24 124.429746  65.252811 10.066  251.47  257.82  255.18
   2    47.501 54674.08375425 22.09 124.435785  65.253512  7.360  251.47  257.82  255.18
   3    -6.216 54683.99939691 14.00 124.427518  65.254121  2.530  238.36  239.77  241.34
   3    -5.955 54683.99939750 14.93 124.433558  65.254822  2.744  238.36  239.77  241.34
   3    -5.716 54683.99939809 14.12 124.439597  65.255523  2.430  238.36  239.77  241.34
   3     2.374 54683.99939928 17.85 124.451678  65.256923  4.519  238.36  239.77  241.34
   5     2.287 54703.83067856 14.60 124.429857  65.253784  3.385  235.07  236.43  237.60
   5     6.865 54703.83067915 14.80 124.435896  65.254485  3.245  235.07  236.43  237.60
   6    48.292 54713.74632860 25.54 124.429600  65.251592 14.679  231.60  232.27  235.45
   6    47.816 54713.74632919 23.19 124.435638  65.252292 10.263  231.60  232.27  235.45
   6    45.182 54713.74632978 26.47 124.441677  65.252993 18.050  231.60  232.27  235.45
   7    12.083 54723.66197914 12.99 124.429891  65.249875  2.957  222.31  219.99  226.22
   7    12.026 54723.66197974 13.07 124.435929  65.250575  2.456  222.31  219.99  226.22
   7    12.020 54723.66198033 12.95 124.441968  65.251276  2.717  222.31  219.99  226.22
   8    46.474 54733.57762755 26.01 124.430577  65.249841 11.144  224.04  221.35  228.49
   8    46.002 54733.57762814 27.08 124.436615  65.250542 13.793  224.04  221.35  228.49
   8    45.395 54733.57762873 28.73 124.442653  65.251242 17.050  224.04  221.35  228.49
   9    48.299 54743.49327436 26.51 124.428173  65.251225 15.664  231.44  229.98  235.88
   9    48.021 54743.49327495 22.37 124.434212  65.251925  8.000  231.44  229.98  235.88
   9    45.837 54743.49327554 23.41 124.440251  65.252625  9.955  231.44  229.98  235.88
  10    43.570 54753.40892133 39.90 124.430751  65.252821   -100  240.37  239.72  243.91
  10    44.230 54753.40892193 46.95 124.436790  65.253521 30.687  240.37  239.72  243.91
  11    43.247 54763.32456737 38.99 124.430296  65.252368 27.879  243.07  240.97  244.43
  11    43.064 54763.32456796 39.83 124.436336  65.253069   -100  243.07  240.97  244.43
  12    42.652 54773.24021086 37.99 124.431345  65.250421 28.860  245.72  243.31  244.22
  12    42.520 54773.24021145 36.93 124.437384  65.251122   -100  245.72  243.31  244.22
  12    42.423 54773.24021205 33.27 124.443424  65.251822 21.983  245.72  243.31  244.22
  13    45.045 54783.15585161 17.69 124.432408  65.248884  3.154 -100.00 -100.00 -100.00
  13    45.426 54783.15585220 17.62 124.438447  65.249585  2.847 -100.00 -100.00 -100.00
  13    45.572 54783.15585279 17.31 124.444486  65.250285  2.472 -100.00 -100.00 -100.00
  14    45.784 54793.07148997 16.31 124.431548  65.248832  2.629  243.17  240.42  236.14
  14    45.814 54793.07149056 16.19 124.437587  65.249533  2.545  243.17  240.42  236.14
  14    45.490 54793.07149115 16.40 124.443626  65.250233  2.830  243.17  240.42  236.14
  17    45.411 54822.81840749 14.71 124.429825  65.251949  2.850  236.19  230.03  218.03
  17    45.475 54822.81840808 14.44 124.435864  65.252650  2.539  236.19  230.03  218.03
  17    46.030 54822.81840867 14.56 124.441903  65.253351  2.732  236.19  230.03  218.03
  18    45.380 54832.73404751 13.79 124.427637  65.251196  2.570  243.36  238.53  226.80
  18    45.229 54832.73404810 13.72 124.433676  65.251897  2.636  243.36  238.53  226.80
  18    45.606 54832.73404869 13.79 124.439715  65.252597  2.416  243.36  238.53  226.80
  19    45.668 54842.64969788 13.50 124.430348  65.251791  2.544 -100.00 -100.00 -100.00
  19    45.327 54842.64969847 13.49 124.436387  65.252492  2.481 -100.00 -100.00 -100.00
  20    45.401 54852.56534670 12.98 124.427975  65.253083  2.434  237.85  230.66  214.94
  20    45.148 54852.56534729 13.03 124.434014  65.253783  2.741  237.85  230.66  214.94
  20    46.019 54852.56534788 13.04 124.440054  65.254484  2.542  237.85  230.66  214.94
  21    45.092 54862.48099554 12.87 124.428622  65.255211  2.702  236.23  228.57  211.54
  21    45.196 54862.48099613 12.72 124.434662  65.255911  2.558  236.23  228.57  211.54
  21    45.637 54862.48099672 12.65 124.440702  65.256612  2.333  236.23  228.57  211.54
  21    46.200 54862.48099731 12.69 124.446743  65.257312  2.592  236.23  228.57  211.54
  21    47.653 54862.48099791 12.67 124.452784  65.258012  2.603  236.23  228.57  211.54
  22    45.533 54872.39664454 12.50 124.431938  65.256465  2.470  233.68  225.78  207.55
  22    45.643 54872.39664513 12.52 124.437978  65.257165  2.479  233.68  225.78  207.55
  22    45.922 54872.39664572 12.58 124.444019  65.257865  2.917  233.68  225.78  207.55
  22    46.737 54872.39664631 12.50 124.450061  65.258565  2.283  233.68  225.78  207.55
  23    45.310 54882.31229121 12.24 124.432842  65.255206  2.692  234.10  225.70  206.58
  23    45.888 54882.31229180 12.11 124.438883  65.255906  2.278  234.10  225.70  206.58
  23    46.171 54882.31229239 12.27 124.444924  65.256606  2.823  234.10  225.70  206.58
  23    46.811 54882.31229298 12.35 124.450965  65.257306  2.618  234.10  225.70  206.58
  24    45.121 54892.22793441 12.32 124.433252  65.252358  2.716  237.25  229.13  211.27
  24    45.674 54892.22793500 12.20 124.439292  65.253058  2.640  237.25  229.13  211.27
  25    46.011 54902.14357480 11.67 124.433516  65.250139  2.336 -100.00 -100.00 -100.00
  25    45.774 54902.14357539 11.57 124.439556  65.250840  2.444 -100.00 -100.00 -100.00
  26    46.240 54912.05921367 11.75 124.432615  65.250202  2.122 -100.00 -100.00 -100.00
  26    45.556 54912.05921427 11.86 124.438654  65.250902  2.249 -100.00 -100.00 -100.00
  27    46.053 54921.97485158 11.66 124.431467  65.251764  2.072  244.19  236.27  218.24
  27    45.555 54921.97485217 11.81 124.437507  65.252465  2.139  244.19  236.27  218.24
  28    46.032 54931.89048885 10.60 124.431565  65.252830  2.382  245.91  238.57  221.50
  28    45.796 54931.89048944 10.61 124.437604  65.253531  2.301  245.91  238.57  221.50
  29    44.975 54941.80612456 19.83 124.433374  65.251885 12.827  244.32  236.60  217.90
  29    42.923 54941.80612515 24.76 124.439413  65.252585 25.743  244.32  236.60  217.90
  30    45.705 54951.72175777 35.51 124.428084  65.248759 19.934  247.04  242.18  234.43
  30    45.467 54951.72175836 31.58 124.434122  65.249460 13.218  247.04  242.18  234.43
  30    41.829 54951.72175895 34.99 124.440160  65.250161 21.745  247.04  242.18  234.43
  31   116.114 54961.63739933  4.07 124.426964  65.246946  3.610  252.30  251.16  251.55
  31   115.286 54961.63739992  2.43 124.433001  65.247647  4.198  252.30  251.16  251.55
  31   114.740 54961.63740051  5.49 124.439039  65.248347  6.756  252.30  251.16  251.55
  31    84.562 54961.63740110 11.56 124.445076  65.249048 12.394  252.30  251.16  251.55
  32    48.442 54971.55304838 37.11 124.430517  65.248229 29.005 -100.00 -100.00 -100.00
  32    48.129 54971.55304897 37.53 124.436555  65.248930   -100 -100.00 -100.00 -100.00
  32    48.207 54971.55304956 35.48 124.442593  65.249631 27.119 -100.00 -100.00 -100.00
  33    95.796 54981.46869618 26.76 124.431736  65.250498 15.749  225.26  224.68  230.21
  33    95.297 54981.46869677 24.23 124.437775  65.251198 17.282  225.26  224.68  230.21
  34    48.351 54991.38434349 29.13 124.431105  65.252374 17.348  225.04  222.71  229.67
  34    47.995 54991.38434408 25.43 124.437144  65.253075  9.952  225.04  222.71  229.67
  35    48.096 55001.29999053 22.62 124.433156  65.253061  6.504  232.17  233.79  235.60
  35    47.921 55001.29999112 21.39 124.439195  65.253762  5.833  232.17  233.79  235.60
  37    48.349 55021.13127854 25.00 124.428184  65.251872 10.378  236.91  235.60  239.73
  37    47.504 55021.13127913 26.88 124.434224  65.252572 18.122  236.91  235.60  239.73
  37    45.307 55021.13127972 26.66 124.440263  65.253273 17.787  236.91  235.60  239.73
  39    47.720 55040.96256318 24.38 124.431664  65.254497  8.563  237.70  239.24  240.76
  39    45.482 55040.96256377 24.17 124.437704  65.255197  8.612  237.70  239.24  240.76
  39    45.093 55040.96256495 26.32 124.449784  65.256598 11.610  237.70  239.24  240.76
  40    47.594 55050.87820352 23.78 124.432172  65.255049  5.087  248.39  252.71  250.62
  40    44.845 55050.87820411 27.14 124.438212  65.255750  9.720  248.39  252.71  250.62
  40    44.924 55050.87820470 27.15 124.444252  65.256450  9.449 -100.00 -100.00 -100.00
  40    43.734 55050.87820529 31.41 124.450292  65.257150 17.485 -100.00 -100.00 -100.00
  41    48.038 55060.79384119 23.01 124.428585  65.253112 10.031  232.58  230.93  235.04
  41    45.249 55060.79384178 26.12 124.434624  65.253813 17.088  232.58  230.93  235.04
  41    45.387 55060.79384237 25.31 124.440663  65.254514 14.795  232.58  230.93  235.04
  42    48.019 55070.70948271 23.85 124.429031  65.250504  8.940  230.98  229.31  233.88
  42    47.969 55070.70948330 23.02 124.435070  65.251204  7.236  230.98  229.31  233.88
  42    45.506 55070.70948389 24.36 124.441108  65.251905 11.237  230.98  229.31  233.88
  43    47.922 55080.62513162 26.58 124.428616  65.248519 15.484  233.53  232.21  235.58
  43    45.786 55080.62513221 26.11 124.434654  65.249220 13.714  233.53  232.21  235.58
  43    44.890 55080.62513280 27.61 124.440692  65.249921 17.970  233.53  232.21  235.58
  44    90.894 55090.54077906 18.51 124.429845  65.248869  8.423  232.42  231.51  235.76
  44    91.579 55090.54077965 27.02 124.435883  65.249570 14.061  232.42  231.51  235.76
  44    90.997 55090.54078024 30.02 124.441921  65.250270 22.453  232.42  231.51  235.76
  45    45.090 55100.45642575 48.40 124.430962  65.250945   -100  230.99  230.04  236.69
  45    44.969 55100.45642634 47.22 124.437000  65.251646   -100  230.99  230.04  236.69
  45    44.983 55100.45642693 37.53 124.443039  65.252346 28.603  230.99  230.04  236.69
  46    47.730 55110.37207194 25.99 124.431905  65.252877  8.352  228.82  226.41  234.24
  46    44.946 55110.37207253 28.84 124.437945  65.253577 16.604  228.82  226.41  234.24
  47    45.828 55120.28771618 29.60 124.431747  65.252494 12.098  234.11  230.98  236.80
  47    45.388 55120.28771677 29.29 124.437787  65.253195 11.613  234.11  230.98  236.80
  48   103.124 55130.20335760 12.21 124.431242  65.250211 11.864  239.67  236.73  240.67
  48   103.677 55130.20335819  9.38 124.437281  65.250912  9.216  239.67  236.73  240.67
  48   105.725 55130.20335878  7.72 124.443320  65.251612  7.623  239.67  236.73  240.67
  49   103.154 55140.11899698  7.67 124.430359  65.248094 11.544 -100.00 -100.00 -100.00
  49   104.736 55140.11899757  2.57 124.436398  65.248794  5.740 -100.00 -100.00 -100.00
  49   118.651 55140.11899816  0.69 124.442437  65.249495  3.257 -100.00 -100.00 -100.00
  50    45.451 55150.03463566 24.97 124.431248  65.248453  8.928  242.41  240.09  239.02
  50    45.310 55150.03463625 24.06 124.437287  65.249154  8.101  242.41  240.09  239.02
  50    46.187 55150.03463684 22.75 124.443326  65.249854  5.241  242.41  240.09  239.02
  51   109.269 55159.95027398  0.08 124.429407  65.250277  1.899  235.93  232.62  229.45
  51   109.138 55159.95027457  0.15 124.435446  65.250978  2.023  235.93  232.62  229.45
  51   109.040 55159.95027516  1.09 124.441485  65.251678  2.281  235.93  232.62  229.45
  53    45.614 55179.78154872 18.81 124.427919  65.252332  3.153  235.86  232.21  227.21
  53    45.607 55179.78154931 19.16 124.433958  65.253033  4.195  235.86  232.21  227.21
  53    46.265 55179.78154990 19.20 124.439997  65.253734  4.304  235.86  232.21  227.21
  54    45.531 55189.69719571 17.94 124.428033  65.251797  2.864  233.53  229.40  222.61
  54    45.353 55189.69719630 18.06 124.434072  65.252498  3.322  233.53  229.40  222.61
  54    45.995 55189.69719689 18.30 124.440111  65.253198  3.203  233.53  229.40  222.61
  55    45.445 55199.61284654 17.37 124.431761  65.252422  2.718  232.44  228.01  219.68
  55    45.743 55199.61284713 17.65 124.437800  65.253123  3.046  232.44  228.01  219.68
  56    45.451 55209.52849627 17.54 124.431418  65.253381  3.383  233.77  229.29  220.12
  56    45.813 55209.52849686 16.80 124.437458  65.254082  2.773  233.77  229.29  220.12
  57    45.180 55219.44414561 15.79 124.431623  65.254642  2.994  234.58  229.83  220.71
  57    45.629 55219.44414620 15.85 124.437663  65.255343  2.742  234.58  229.83  220.71
  57    46.285 55219.44414738 16.02 124.449744  65.256743  2.916  234.58  229.83  220.71
  58    45.219 55229.35979404 16.01 124.432207  65.254691  3.860  236.06  231.39  221.68
  58    45.545 55229.35979463 15.37 124.438247  65.255392  2.494  236.06  231.39  221.68
  58    46.873 55229.35979581 15.83 124.450329  65.256792  2.901 -100.00 -100.00 -100.00
  59    45.375 55239.27543898 14.47 124.430347  65.253156  2.520  235.05  228.89  217.49
  59    46.301 55239.27543957 14.64 124.436387  65.253856  2.311  235.05  228.89  217.49
  60    45.492 55249.19108065 14.29 124.432395  65.251205  2.691  234.61  228.27  216.90
  60    45.754 55249.19108124 14.37 124.438434  65.251905  2.640  234.61  228.27  216.90
  61    45.743 55259.10671937 14.81 124.428076  65.249286  2.967  233.94  227.88  215.37
  61    45.545 55259.10671997 14.49 124.434115  65.249987  2.656  233.94  227.88  215.37
  61    45.684 55259.10672056 14.67 124.440155  65.250687  3.209  233.94  227.88  215.37
  62    45.262 55269.02235820 14.59 124.431893  65.249790  3.763  236.14  229.62  217.33
  62    45.630 55269.02235879 14.31 124.437933  65.250491  2.754  236.14  229.62  217.33
  62    45.381 55269.02235938 14.65 124.443972  65.251191  3.585  236.14  229.62  217.33
  63    46.107 55278.93799644 13.88 124.431404  65.250892  2.890  238.21  231.46  217.41
  63    45.901 55278.93799703 13.71 124.437444  65.251592  2.552  238.21  231.46  217.41
  64    45.624 55288.85363305 14.00 124.427713  65.251076  3.481  241.97  235.42  222.37
  64    45.247 55288.85363364 13.94 124.433752  65.251777  2.961  241.97  235.42  222.37
  64    45.881 55288.85363423 14.08 124.439791  65.252477  3.375  241.97  235.42  222.37
  65    45.293 55298.76926800 13.46 124.432383  65.250968  3.049  244.22  237.60  224.58
  65    45.292 55298.76926859 13.37 124.438422  65.251668  2.717  244.22  237.60  224.58
  66    44.973 55308.68491101 26.56 124.429230  65.249072 18.923 -100.00 -100.00 -100.00
  66    45.143 55308.68491160 24.18 124.435267  65.249773 13.291 -100.00 -100.00 -100.00
  66    44.803 55308.68491219 27.76 124.441305  65.250473 23.659 -100.00 -100.00 -100.00
  67    45.406 55318.60055711 23.07 124.430215  65.248222  6.870  246.91  239.81  228.34
  67    45.358 55318.60055770 24.23 124.436252  65.248923  7.267  246.91  239.81  228.34
  67    45.453 55318.60055829 25.58 124.442290  65.249623  9.187 -100.00 -100.00 -100.00
  68    82.196 55328.51620229 17.57 124.431171  65.248845 23.769  255.50  256.15  257.17
  68    83.833 55328.51620288 21.05 124.437209  65.249546   -100  255.50  256.15  257.17
  68    85.620 55328.51620347 11.04 124.443247  65.250246 18.267  255.50  256.15  257.17
  69    45.739 55338.43184682 40.40 124.430095  65.250567 31.665  247.13  248.45  251.28
  69    45.736 55338.43184741 41.82 124.436133  65.251267   -100  247.13  248.45  251.28
  69    45.956 55338.43184800 45.32 124.442172  65.251968   -100  247.13  248.45  251.28
  70    93.874 55348.34749108 25.01 124.430330  65.252320 25.930  226.54  226.06  230.53
  70    95.733 55348.34749167 29.39 124.436369  65.253020   -100  226.54  226.06  230.53
  72    48.327 55368.17877360 25.83 124.429898  65.252856 11.031  237.83  241.86  247.88
  72    46.371 55368.17877419 25.99 124.435937  65.253557 17.754  237.83  241.86  247.88
  74    47.908 55388.01005058 25.29 124.433281  65.253127 14.895  238.35  236.04  240.62
  74    45.088 55388.01005117 27.20 124.439320  65.253827 18.594  238.35  236.04  240.62
  75    48.037 55397.92568742 25.15 124.431719  65.253070 13.350  244.36  248.81  246.34
  75    45.300 55397.92568801 25.68 124.437758  65.253771 17.901  244.36  248.81  246.34
  76    48.240 55407.84133147 28.64 124.430577  65.252440 15.828  233.48  233.38  236.18
  76    45.979 55407.84133206 26.67 124.436615  65.253141 10.348  233.48  233.38  236.18
  77    48.172 55417.75698224 24.46 124.429490  65.251174  7.270  238.97  240.44  242.54
  77    45.878 55417.75698283 24.17 124.435528  65.251875  7.485  238.97  240.44  242.54
  77    45.034 55417.75698342 26.51 124.441566  65.252575 11.293  238.97  240.44  242.54
  78    44.451 55427.67262982 48.50 124.431317  65.249900   -100  235.78  236.87  237.96
  78    44.079 55427.67263041 52.57 124.437355  65.250601 24.931  235.78  236.87  237.96
  78    44.204 55427.67263100 54.60 124.443393  65.251301   -100  235.78  236.87  237.96
  81    45.949 55457.41956159 24.21 124.432737  65.251110  5.736  234.84  234.77  240.20
  81    45.972 55457.41956218 24.02 124.438775  65.251810  6.327  234.84  234.77  240.20
  82    48.107 55467.33520386 25.42 124.429895  65.251214  7.242  229.89  228.37  235.40
  82    47.580 55467.33520446 26.68 124.435934  65.251914 10.303  229.89  228.37  235.40
  82    45.466 55467.33520505 26.75 124.441974  65.252615  9.809  229.89  228.37  235.40
  83    46.141 55477.25084316 26.30 124.430511  65.250464 11.820  241.02  239.02  243.35
  83    44.908 55477.25084375 29.10 124.436550  65.251164 17.195  241.02  239.02  243.35
  83    42.890 55477.25084435 33.40 124.442589  65.251865 30.483  241.02  239.02  243.35
  84    42.699 55487.16647900 40.26 124.428501  65.248911 29.043  245.17  243.35  244.85
  84    42.540 55487.16647960 41.04 124.434539  65.249612   -100  245.17  243.35  244.85
  84    42.380 55487.16648019 37.46 124.440578  65.250313 31.831  245.17  243.35  244.85
  85    42.588 55497.08211281 37.14 124.428374  65.248033 31.904  247.60  245.28  244.89
  85    42.438 55497.08211340 36.22 124.434412  65.248734   -100  247.60  245.28  244.89
  85    42.321 55497.08211399 34.58 124.440451  65.249435 30.556  247.60  245.28  244.89
  87    43.244 55516.91340041 17.53 124.432902  65.251075  3.670  249.33  247.20  243.91
  87    43.465 55516.91340100 17.28 124.438942  65.251776  3.423  249.33  247.20  243.91
  88    45.279 55526.82904975 16.29 124.430431  65.252232  3.209  244.25  240.74  234.72
  88    44.086 55526.82905034 16.64 124.436470  65.252933  3.516  244.25  240.74  234.72
  89    43.985 55536.74469749 16.32 124.432692  65.253099  2.957  242.38  237.60  227.80
  89    43.891 55536.74469809 16.48 124.438731  65.253800  3.081  242.38  237.60  227.80
  90    44.564 55546.66034244 14.97 124.429015  65.252847  2.597  241.26  235.28  223.14
  90    45.266 55546.66034303 15.08 124.435054  65.253548  2.537  241.26  235.28  223.14
  90    45.091 55546.66034362 15.27 124.441094  65.254248  2.714  241.26  235.28  223.14
  91    44.670 55556.57598594 13.90 124.428657  65.253235  2.224  243.51  239.06  224.96
  91    45.317 55556.57598653 14.05 124.434696  65.253936  2.300  243.51  239.06  224.96
  91    45.242 55556.57598712 14.12 124.440736  65.254636  2.248  243.51  239.06  224.96
  92    45.119 55566.49162858 13.38 124.428154  65.253747  2.533  244.23  238.71  224.12
  92    45.187 55566.49162917 13.52 124.434194  65.254447  2.485  244.23  238.71  224.12
  92    45.839 55566.49162976 13.41 124.440234  65.255148  2.548  244.23  238.71  224.12
  93    45.194 55576.40727067 12.78 124.429295  65.253551  2.249  238.57  231.24  213.60
  93    45.584 55576.40727126 12.71 124.435335  65.254251  2.256  238.57  231.24  213.60
  94    45.309 55586.32291108 12.78 124.432939  65.252364  2.669  239.24  231.93  213.87
  94    45.530 55586.32291167 12.69 124.438979  65.253065  2.533  239.24  231.93  213.87
  95    45.249 55596.23854764 11.80 124.430288  65.249922  2.516  237.95  228.70  209.33
  95    45.472 55596.23854823 11.72 124.436328  65.250623  2.285  237.95  228.70  209.33
  95    45.700 55596.23854882 11.91 124.442367  65.251324  2.623  237.95  228.70  209.33
  96    45.359 55606.15418138 11.51 124.429826  65.248592  2.247  234.73  225.27  205.15
  96    45.296 55606.15418197 11.83 124.435865  65.249293  2.691  234.73  225.27  205.15
  96    47.049 55606.15418256 11.64 124.441904  65.249994  2.188  234.73  225.27  205.15
  97    45.844 55616.06981305 11.47 124.429059  65.248411  2.178  235.56  226.01  205.15
  97    45.650 55616.06981364 11.53 124.435097  65.249112  2.295  235.56  226.01  205.15
  97    46.563 55616.06981423 11.74 124.441136  65.249813  2.508  235.56  226.01  205.15
  98    46.026 55625.98545552 11.32 124.433270  65.250023  2.120  237.28  227.06  205.83
  98    45.811 55625.98545611 11.30 124.439309  65.250724  2.096  237.28  227.06  205.83
  99    45.023 55635.90110719 11.06 124.429963  65.250377  1.966  240.82  231.89  211.00
  99    45.634 55635.90110778 11.12 124.436002  65.251078  2.109  240.82  231.89  211.00
  99    45.819 55635.90110837 11.25 124.442041  65.251779  2.253  240.82  231.89  211.00
 100    45.574 55645.81675719  9.93 124.431580  65.250366  2.163  243.24  234.50  215.51
 100    46.034 55645.81675779 10.27 124.437618  65.251066  2.156  243.24  234.50  215.51
 101    45.809 55655.73240399 10.23 124.429144  65.249202  2.229  241.30  231.88  212.57
 101    46.319 55655.73240458 10.29 124.435182  65.249903  2.264  241.30  231.88  212.57
 101    46.699 55655.73240517 10.46 124.441221  65.250603  2.432  241.30  231.88  212.57
 102    45.263 55665.64804668 10.64 124.430453  65.248827  2.164  242.31  233.14  215.50
 102    45.659 55665.64804727 10.54 124.436491  65.249527  2.220  242.31  233.14  215.50
 102    45.588 55665.64804786 10.68 124.442529  65.250228  2.440  242.31  233.14  215.50
 103    46.265 55675.56368650 29.04 124.431566  65.249368 11.109  259.23  256.64  251.01
 103    44.602 55675.56368709 33.31 124.437604  65.250069 18.314  259.23  256.64  251.01
 103    45.268 55675.56368768 33.64 124.443642  65.250769 16.257  259.23  256.64  251.01
 104    45.703 55685.47932467 29.67 124.432799  65.250727 14.957  256.25  252.39  245.08
 104    42.665 55685.47932526 35.28 124.438837  65.251427 30.585  256.25  252.39  245.08
 105    48.547 55695.39496127 33.29 124.429783  65.251430 21.956  248.26  248.61  251.10
 105    44.255 55695.39496186 35.39 124.435822  65.252131 32.564  248.26  248.61  251.10
 105    44.161 55695.39496246 36.16 124.441861  65.252831   -100  248.26  248.61  251.10
 106   110.465 55705.31059710 25.28 124.432299  65.251989 26.663  235.66  236.75  239.58
 106   113.352 55705.31059769 25.29 124.438338  65.252690   -100  235.66  236.75  239.58
 107    47.797 55715.22624515 28.08 124.432521  65.252051 18.770  234.98  233.01  238.82
 107    45.303 55715.22624574 31.15 124.438560  65.252752   -100  234.98  233.01  238.82
 108    46.574 55725.14189397 53.76 124.431269  65.252285 19.255  232.41  236.27  238.08
 108    46.517 55725.14189457 55.00 124.437308  65.252986 29.262  232.41  236.27  238.08
 109    47.997 55735.05754079 27.43 124.428740  65.252899 17.273  232.29  230.98  235.48
 109    45.599 55735.05754138 28.31 124.434780  65.253600 20.726  232.29  230.98  235.48
 109    45.766 55735.05754197 30.58 124.440819  65.254301 29.552  232.29  230.98  235.48
 110    47.972 55744.97318652 25.13 124.428349  65.253710 12.371  240.76  244.24  244.39
 110    47.850 55744.97318711 26.24 124.434389  65.254410 15.606  240.76  244.24  244.39
 110    44.147 55744.97318770 32.07 124.440428  65.255111   -100  240.76  244.24  244.39
 111    47.849 55754.88883072 26.49 124.430071  65.253583 14.137  243.81  248.40  245.75
 111    45.134 55754.88883131 28.88 124.436110  65.254283 19.700  243.81  248.40  245.75
 112    48.043 55764.80447226 28.11 124.429493  65.251525 17.391  237.32  234.52  240.15
 112    45.237 55764.80447285 26.87 124.435531  65.252226 15.718  237.32  234.52  240.15
 112    45.000 55764.80447344 25.67 124.441570  65.252926 13.391  237.32  234.52  240.15
 113    43.188 55774.72011113 46.68 124.430820  65.249263   -100  244.92  250.25  247.84
 113    43.294 55774.72011172 47.42 124.436858  65.249964   -100  244.92  250.25  247.84
 113    43.284 55774.72011231 48.80 124.442896  65.250665   -100  244.92  250.25  247.84
 114    45.326 55784.63574639 32.83 124.426867  65.247528 21.000 -100.00 -100.00 -100.00
 114    44.525 55784.63574698 37.83 124.432904  65.248229   -100 -100.00 -100.00 -100.00
 114    44.710 55784.63574757 39.83 124.438942  65.248930   -100 -100.00 -100.00 -100.00
 114    44.665 55784.63574816 41.64 124.444980  65.249630  0.253 -100.00 -100.00 -100.00
 115    96.590 55794.55138024 25.59 124.430012  65.248743  9.741  236.92  238.88  238.79
 115    96.226 55794.55138083 26.49 124.436050  65.249444 10.266  236.92  238.88  238.79
 115    93.070 55794.55138142 29.15 124.442088  65.250144   -100  236.92  238.88  238.79
 116   123.858 55804.46701793 19.09 124.429312  65.250225 15.549  236.47  235.47  239.20
 116   118.341 55804.46701852 21.69 124.435350  65.250925 16.753  236.47  235.47  239.20
 116    93.543 55804.46701911 24.38 124.441388  65.251626 19.622  236.47  235.47  239.20
 117    45.468 55814.38266783 24.64 124.432613  65.251427  9.652  234.55  231.85  238.56
 117    43.585 55814.38266842 31.97 124.438652  65.252128 29.849  234.55  231.85  238.56
 118    44.516 55824.29831468 50.72 124.428324  65.249859  0.744  232.10  229.45  236.50
 118    44.688 55824.29831527 53.83 124.434363  65.250560   -100  232.10  229.45  236.50
 118    44.511 55824.29831586 55.68 124.440402  65.251261 12.589  232.10  229.45  236.50
 119    44.182 55834.21395742 50.84 124.429973  65.248428   -100 -100.00 -100.00 -100.00
 119    43.837 55834.21395801 51.92 124.436012  65.249129 25.893 -100.00 -100.00 -100.00
 119    43.729 55834.21395860 41.26 124.442051  65.249830   -100 -100.00 -100.00 -100.00
 120    46.121 55844.12959592 25.31 124.427738  65.247491  9.737  238.43  237.93  240.00
 120    45.793 55844.12959651 25.15 124.433776  65.248192 10.330  238.43  237.93  240.00
 120    43.536 55844.12959710 29.85 124.439815  65.248893 19.909  238.43  237.93  240.00
 120    43.354 55844.12959769 32.19 124.445854  65.249594 32.044 -100.00 -100.00 -100.00
 121    42.947 55854.04523187 41.57 124.429109  65.248725 31.646  237.80  235.60  235.33
 121    42.646 55854.04523246 42.51 124.435147  65.249426   -100  237.80  235.60  235.33
 121    42.463 55854.04523305 38.63 124.441186  65.250127   -100  237.80  235.60  235.33
 122    43.076 55863.96087001 40.54 124.431378  65.251001   -100  237.97  234.67  232.40
 122    42.747 55863.96087060 40.87 124.437418  65.251702   -100  237.97  234.67  232.40
 123    42.818 55873.87652363 31.49 124.430564  65.252673 31.416  244.99  242.56  240.03
 123    42.635 55873.87652422 31.01 124.436603  65.253374   -100  244.99  242.56  240.03
 133    45.787 55973.03295963 12.35 124.431350  65.249283  2.654  232.35  223.00  202.74
 133    45.970 55973.03296022 12.40 124.437389  65.249983  2.645 -100.00 -100.00 -100.00
 133    46.454 55973.03296081 12.50 124.443429  65.250684  2.495 -100.00 -100.00 -100.00
 134    45.571 55982.94859564 12.05 124.429648  65.251067  2.760  231.28  220.63  199.11
 134    45.763 55982.94859623 11.99 124.435687  65.251768  2.452  231.28  220.63  199.11
 134    46.847 55982.94859682 12.13 124.441727  65.252469  2.379  231.28  220.63  199.11
 135    46.011 55992.86422997 11.92 124.430928  65.251522  2.842  230.96  218.75  196.63
 135    46.171 55992.86423056 11.66 124.436967  65.252223  2.174  230.96  218.75  196.63
 136    46.092 56002.77987854 11.36 124.430258  65.250320  2.232  231.68  219.71  196.90
 136    46.073 56002.77987913 11.26 124.436297  65.251021  2.242  231.68  219.71  196.90
 136    46.318 56002.77987972 11.35 124.442336  65.251721  2.405  231.68  219.71  196.90
 137    45.731 56012.69552796 11.33 124.431272  65.248574  2.131  235.02  224.18  201.95
 137    46.440 56012.69552855 11.36 124.437310  65.249275  2.012  235.02  224.18  201.95
 137    46.418 56012.69552914 11.53 124.443348  65.249976  2.287  235.02  224.18  201.95
 139    45.656 56032.52681718 10.77 124.429202  65.249730  2.259  242.71  234.05  214.76
 139    45.882 56032.52681777 10.79 124.435240  65.250431  2.064  242.71  234.05  214.76
 139    46.798 56032.52681836 11.01 124.441278  65.251131  2.297  242.71  234.05  214.76
 141    44.443 56052.35809742 19.86 124.428873  65.253608 11.069  266.10  265.75  266.12
 141    43.641 56052.35809802 20.29 124.434912  65.254308 11.255  266.10  265.75  266.12
 142   109.190 56062.27373329  9.10 124.429704  65.253181  8.940  239.84  243.70  247.83
 142   106.474 56062.27373388 14.84 124.435743  65.253882 14.788  239.84  243.70  247.83
 143   117.314 56072.18937335  1.64 124.431169  65.251880  3.729  214.32  212.77  217.75
 143   113.513 56072.18937394  1.45 124.437208  65.252581  3.701  214.32  212.77  217.75
 144    48.464 56082.10502359 28.79 124.430117  65.251562 17.504  223.53  220.53  227.71
 144    48.287 56082.10502418 23.82 124.436156  65.252263  8.247  223.53  220.53  227.71
 144    47.611 56082.10502477 23.00 124.442195  65.252963  6.695  223.53  220.53  227.71
 145    46.819 56092.02067121 52.78 124.427873  65.252184  0.937  233.61  235.70  237.62
 145    47.079 56092.02067180 54.01 124.433912  65.252885   -100  233.61  235.70  237.62
 145    46.969 56092.02067239 54.82 124.439951  65.253586  5.051  233.61  235.70  237.62
 146    47.814 56101.93631709 27.67 124.431447  65.253773 10.129  231.42  229.09  235.30
 146    46.288 56101.93631768 27.45 124.437486  65.254474  9.416  231.42  229.09  235.30
 147    47.899 56111.85194785 28.25 124.427887  65.253042 20.468  233.57  234.24  236.66
 147    48.011 56111.85194844 25.47 124.433926  65.253743 14.255  233.57  234.24  236.66
 147    45.278 56111.85194903 27.89 124.439965  65.254444 22.772  233.57  234.24  236.66
 148    46.384 56121.76758725 45.83 124.431251  65.251386   -100  263.08  268.18  266.15
 148    46.313 56121.76758784 42.05 124.437289  65.252086   -100  263.08  268.18  266.15
 149    44.627 56131.68322268 47.12 124.432942  65.248801 16.981 -100.00 -100.00 -100.00
 149    44.762 56131.68322327 43.01 124.438980  65.249501   -100 -100.00 -100.00 -100.00
 149    44.798 56131.68322386 40.54 124.445018  65.250202   -100 -100.00 -100.00 -100.00
 150    98.568 56141.59885778 30.74 124.428603  65.247080 25.409  239.70  246.21  242.55
 150    98.225 56141.59885837 33.00 124.434640  65.247781   -100  239.70  246.21  242.55
 150    98.169 56141.59885896 19.91 124.440678  65.248481 22.549  239.70  246.21  242.55
 151    44.992 56151.51450880 51.10 124.428425  65.248716 18.365 -100.00 -100.00 -100.00
 151    45.218 56151.51450939 51.71 124.434463  65.249417   -100 -100.00 -100.00 -100.00
 151    45.001 56151.51450998 54.10 124.440501  65.250118   -100 -100.00 -100.00 -100.00
 152    45.773 56161.43015859 26.56 124.433123  65.251647 13.128  238.15  237.89  240.62
 152    44.990 56161.43015918 31.74 124.439162  65.252348 29.608  238.15  237.89  240.62
 153    47.931 56171.34580582 27.07 124.430664  65.252391 16.375  231.76  229.19  236.16
 153    45.785 56171.34580641 28.07 124.436703  65.253092 21.246  231.76  229.19  236.16
 154    47.674 56181.26144862 29.09 124.428783  65.250979  7.504  233.40  230.46  237.54
 154    45.374 56181.26144921 31.44 124.434822  65.251680 11.787  233.40  230.46  237.54
 154    45.671 56181.26144980 28.95 124.440861  65.252380  7.744  233.40  230.46  237.54
 155    45.814 56191.17708793 27.30 124.431224  65.249323 15.238  229.40  226.47  234.03
 155    45.230 56191.17708852 28.72 124.437263  65.250024 19.281  229.40  226.47  234.03
 155    44.682 56191.17708911 31.96 124.443302  65.250725 30.598  229.40  226.47  234.03
 156    45.960 56201.09272412 27.56 124.429668  65.248294 15.423 -100.00 -100.00 -100.00
 156    45.783 56201.09272471 26.86 124.435706  65.248995 12.198 -100.00 -100.00 -100.00
 156    45.947 56201.09272530 26.49 124.441745  65.249696 11.095 -100.00 -100.00 -100.00
 157    46.150 56211.00835829 27.93 124.429014  65.249510 10.116  230.20  226.94  233.82
 157    45.670 56211.00835888 29.54 124.435052  65.250210 14.791  230.20  226.94  233.82
 157    43.536 56211.00835947 36.55 124.441091  65.250911   -100  230.20  226.94  233.82
 158    43.479 56220.92399106 40.35 124.433163  65.252082   -100  240.83  238.31  241.56
 158    43.284 56220.92399165 43.19 124.439203  65.252783   -100 -100.00 -100.00 -100.00
 159    42.640 56230.83964250 38.44 124.430112  65.253706 30.698  242.66  241.20  242.96
 159    42.456 56230.83964309 37.16 124.436151  65.254407 29.612  242.66  241.20  242.96
 160    45.711 56240.75529514 22.49 124.427425  65.253432  4.418  240.54  238.30  236.55
 160    45.678 56240.75529574 22.79 124.433464  65.254133  4.764  240.54  238.30  236.55
 160    45.895 56240.75529633 22.26 124.439504  65.254834  4.005  240.54  238.30  236.55
 161    45.565 56250.67094411 21.56 124.428793  65.252724  3.424  238.01  234.90  231.57
 161    45.767 56250.67094470 21.70 124.434832  65.253425  4.149  238.01  234.90  231.57
 161    46.320 56250.67094529 21.81 124.440871  65.254125  3.394  238.01  234.90  231.57
 162    45.414 56260.58658854 20.85 124.432299  65.252227  3.432  236.98  233.39  228.32
 162    45.926 56260.58658913 20.76 124.438338  65.252928  3.117  236.98  233.39  228.32
 163    45.199 56270.50223003 20.52 124.429457  65.252104  3.256  236.89  233.56  226.80
 163    45.956 56270.50223062 20.23 124.435496  65.252805  2.866  236.89  233.56  226.80
 163    46.997 56270.50223121 20.26 124.441535  65.253505  3.129  236.89  233.56  226.80
 164    45.163 56280.41787024 18.02 124.430780  65.252679  3.057  238.22  234.31  228.01
 164    45.633 56280.41787083 18.18 124.436820  65.253380  2.983  238.22  234.31  228.01
 165    45.296 56290.33352222 17.70 124.430173  65.252941  3.251  235.91  231.69  222.77
 165    45.948 56290.33352281 17.40 124.436213  65.253642  2.440  235.91  231.69  222.77
 166    44.915 56300.24917029 16.97 124.430700  65.251657  2.918  232.00  227.00  216.66
 166    45.693 56300.24917088 16.61 124.436740  65.252358  2.724  232.00  227.00  216.66
 167    45.015 56310.16481423 16.16 124.431137  65.249725  3.440  235.50  231.40  221.45
 167    45.463 56310.16481482 15.80 124.437177  65.250425  2.817  235.50  231.40  221.45
 167    45.981 56310.16481541 15.69 124.443216  65.251126  2.528  235.50  231.40  221.45
 168    45.332 56320.08045557 15.62 124.428271  65.248419  3.288  233.90  228.42  216.71
 168    45.956 56320.08045616 15.61 124.434310  65.249120  3.092  233.90  228.42  216.71
 168    45.668 56320.08045675 15.52 124.440350  65.249821  3.088  233.90  228.42  216.71
 169    45.470 56329.99609650 15.09 124.428335  65.249466  3.070  231.84  225.00  211.59
 169    45.563 56329.99609709 15.01 124.434374  65.250167  2.713  231.84  225.00  211.59
 169    45.842 56329.99609768 14.79 124.440414  65.250867  2.890  231.84  225.00  211.59
 170    45.128 56339.91173683 14.21 124.429417  65.251239  2.874  235.97  229.58  216.83
 170    46.426 56339.91173742 14.07 124.435456  65.251939  2.409  235.97  229.58  216.83
 170    46.927 56339.91173801 14.07 124.441495  65.252640  2.749  235.97  229.58  216.83
 171    45.636 56349.82737483 13.75 124.429466  65.251869  2.737  238.06  231.40  218.57
 171    45.170 56349.82737542 13.62 124.435505  65.252570  2.881  238.06  231.40  218.57
 171    46.943 56349.82737601 13.39 124.441544  65.253270  2.550  238.06  231.40  218.57
 172    45.505 56359.74301184 12.76 124.433387  65.251102  2.481  236.30  229.19  214.01
 172    45.761 56359.74301243 12.61 124.439425  65.251803  2.332  236.30  229.19  214.01
 173    46.124 56369.65866190 12.35 124.433134  65.249905  2.560  237.67  230.23  214.29
 173    46.755 56369.65866249 12.57 124.439172  65.250606  2.879  237.67  230.23  214.29
 175    45.615 56389.48995426 11.95 124.429381  65.251295  2.866  246.49  240.57  226.47
 175    46.302 56389.48995485 12.07 124.435420  65.251996  2.896  246.49  240.57  226.47
 175    46.686 56389.48995544 11.98 124.441459  65.252696  2.770  246.49  240.57  226.47
 176    45.411 56399.40559776 23.21 124.429565  65.253394 21.157  256.75  255.34  250.69
 176    45.173 56399.40559835 20.12 124.435604  65.254094 11.786  256.75  255.34  250.69
 177    46.132 56409.32123841 29.87 124.427442  65.254164  9.618  262.53  261.17  262.98
 177    45.317 56409.32123900 33.30 124.433482  65.254864 18.291  262.53  261.17  262.98
 177    44.373 56409.32123959 34.59 124.439522  65.255565 17.067  262.53  261.17  262.98
 177    44.192 56409.32124018 36.28 124.445562  65.256265 22.492  262.53  261.17  262.98
 177    44.579 56409.32124077 36.13 124.451602  65.256965 17.414  262.53  261.17  262.98
 178    84.460 56419.23687492 22.02 124.430383  65.253847 24.941  257.41  257.54  260.77
 178    86.537 56419.23687551 13.83 124.436423  65.254548 20.976  257.41  257.54  260.77
 179   108.466 56429.15250933 15.19 124.430585  65.252477 13.420  251.52  250.18  253.95
 179   108.135 56429.15250992 18.09 124.436624  65.253178 18.397  251.52  250.18  253.95
 180    48.314 56439.06816284 26.35 124.430409  65.252363  5.641  221.97  218.12  227.07
 180    47.825 56439.06816343 25.08 124.436448  65.253064  3.981  221.97  218.12  227.07
 181    48.009 56448.98381409 26.10 124.432639  65.252958 14.336  230.49  233.59  240.04
 181    47.330 56448.98381468 25.08 124.438679  65.253658 10.962  230.49  233.59  240.04
 183    45.958 56468.81510797 31.58 124.428597  65.252095  8.050  231.05  230.33  235.15
 183    45.603 56468.81510856 30.89 124.434636  65.252796  7.168  231.05  230.33  235.15
 183    45.596 56468.81510915 34.87 124.440675  65.253496 15.349  231.05  230.33  235.15
 184    48.070 56478.73074933 23.77 124.427677  65.250837  7.166  242.75  250.08  254.00
 184    47.770 56478.73074992 23.71 124.433715  65.251537  8.026  242.75  250.08  254.00
 184    46.103 56478.73075051 24.21 124.439754  65.252238  8.832  242.75  250.08  254.00
 185    47.614 56488.64638696 25.41 124.428582  65.249578 13.948  241.42  243.50  243.71
 185    47.638 56488.64638755 25.21 124.434620  65.250279 13.024  241.42  243.50  243.71
 185    44.934 56488.64638814 29.24 124.440658  65.250979 27.299  241.42  243.50  243.71
 187    46.510 56508.47765653 22.46 124.433606  65.249981 10.071 -100.00 -100.00 -100.00
 187    46.081 56508.47765712 23.26 124.439645  65.250682 11.636 -100.00 -100.00 -100.00
 188    47.800 56518.39329555 21.41 124.430278  65.250402  8.644  234.49  236.12  239.07
 188    46.535 56518.39329614 21.57 124.436316  65.251103 10.583  234.49  236.12  239.07
 188    46.533 56518.39329673 21.68 124.442355  65.251804 11.004  234.49  236.12  239.07
 189    45.650 56528.30895002 54.01 124.433466  65.251472   -100  236.29  235.82  240.27
 189    45.357 56528.30895061 54.60 124.439505  65.252173 14.334  236.29  235.82  240.27
 190    46.114 56538.22459968 24.29 124.431103  65.251098 10.714  237.33  238.20  241.28
 190    45.747 56538.22460027 24.33 124.437142  65.251799 10.343  237.33  238.20  241.28
 191    44.146 56548.14024573 51.99 124.433517  65.250904   -100  235.82  235.24  240.43
 191    44.091 56548.14024632 48.91 124.439556  65.251605   -100  235.82  235.24  240.43
 192    47.603 56558.05588860 24.29 124.429205  65.250841  9.032  229.89  227.64  234.92
 192    45.447 56558.05588919 26.44 124.435244  65.251542 13.840  229.89  227.64  234.92
 192    45.382 56558.05588978 28.21 124.441284  65.252242 18.478  229.89  227.64  234.92
 194    43.537 56577.88717229 44.82 124.431040  65.253667   -100  243.10  240.53  244.35
 194    43.325 56577.88717288 44.22 124.437080  65.254367   -100  243.10  240.53  244.35
 195    90.794 56587.80280938 17.21 124.427815  65.253611  8.897  248.00  246.11  246.38
 195    90.019 56587.80280997  8.61 124.433855  65.254312 10.507  248.00  246.11  246.38
 197    42.523 56607.63410256 24.05 124.428359  65.252619 10.168  244.79  242.23  239.84
 197    42.322 56607.63410315 23.33 124.434398  65.253320 10.838  244.79  242.23  239.84
 197    42.280 56607.63410374 22.22 124.440437  65.254020  8.640  244.79  242.23  239.84
 198    42.946 56617.54974928 20.11 124.430059  65.252701  8.403  249.79  247.72  244.28
 198    42.977 56617.54974987 19.64 124.436098  65.253402  7.248  249.79  247.72  244.28
 199    43.063 56627.46539240 18.63 124.429017  65.252571  5.446  247.22  244.33  238.98
 199    43.022 56627.46539299 17.22 124.435056  65.253272  4.720  247.22  244.33  238.98
 199    42.976 56627.46539358 16.95 124.441096  65.253973  3.957  247.22  244.33  238.98
 200    42.941 56637.38103271 15.65 124.427850  65.252024  4.240  245.34  241.35  233.62
 200    43.061 56637.38103330 16.78 124.433889  65.252725  5.806  245.34  241.35  233.62
 200    42.721 56637.38103389 16.37 124.439928  65.253426  6.578  245.34  241.35  233.62
 201    43.093 56647.29667479 16.12 124.429037  65.250997  5.465  247.43  243.34  233.79
 201    43.174 56647.29667538 14.93 124.435076  65.251698  3.543  247.43  243.34  233.79
 201    43.067 56647.29667597 15.07 124.441116  65.252398  4.210  247.43  243.34  233.79
 202    43.161 56657.21232693 14.65 124.430661  65.250303  4.189  240.47  235.07  221.02
 202    44.613 56657.21232752 13.96 124.436701  65.251004  3.023  240.47  235.07  221.02
 202    43.203 56657.21232811 13.66 124.442741  65.251705  3.144  240.47  235.07  221.02
 203    44.637 56667.12797431 12.98 124.427727  65.249438  2.713  237.28  230.73  214.44
 203    44.580 56667.12797490 12.77 124.433766  65.250139  2.738  237.28  230.73  214.44
 203    45.361 56667.12797549 12.60 124.439806  65.250840  2.670  237.28  230.73  214.44
 205    44.648 56686.95926339 12.52 124.428346  65.251185  3.083  234.80  226.68  207.57
 205    45.215 56686.95926399 12.29 124.434386  65.251885  3.048  234.80  226.68  207.57
 205    45.698 56686.95926458 12.55 124.440425  65.252586  3.069  234.80  226.68  207.57
 206    44.262 56696.87490567 13.31 124.432934  65.252117  3.131  236.49  228.12  208.92
 206    45.128 56696.87490626 13.37 124.438973  65.252818  4.121  236.49  228.12  208.92
 207    45.679 56706.79054250 11.74 124.429393  65.251016  2.872  237.97  228.97  209.60
 207    45.521 56706.79054310 11.50 124.435432  65.251717  2.744  237.97  228.97  209.60
 207    45.744 56706.79054369 11.72 124.441471  65.252418  3.264  237.97  228.97  209.60
 208    44.802 56716.70617735 12.35 124.433573  65.250483  4.316  237.40  227.05  206.39
 208    45.407 56716.70617794 12.00 124.439612  65.251184  3.129  237.40  227.05  206.39
 209    44.515 56726.62182993 13.13 124.428051  65.250420  7.822  239.92  230.74  210.80
 209    44.845 56726.62183052 13.41 124.434089  65.251121 10.543  239.92  230.74  210.80
 209    45.570 56726.62183111 12.99 124.440128  65.251821  7.940  239.92  230.74  210.80
 211    45.580 56746.45312517 11.40 124.429585  65.254005  3.093  245.35  235.99  217.11
 211    45.365 56746.45312576 10.91 124.435624  65.254705  2.359  245.35  235.99  217.11
 212    46.176 56756.36876684 10.35 124.431823  65.254796  2.381  249.56  242.80  227.62
 212    46.523 56756.36876743 10.39 124.437863  65.255496  2.286  249.56  242.80  227.62
 212    47.431 56756.36876802 10.23 124.443903  65.256196  2.258  249.56  242.80  227.62
 212    47.695 56756.36876861 10.37 124.449944  65.256896  2.507  249.56  242.80  227.62
 213    46.030 56766.28440206 24.91 124.427686  65.253429 14.142  256.46  251.71  243.92
 213    45.576 56766.28440265 24.37 124.433725  65.254130 11.027  256.46  251.71  243.92
 213    45.336 56766.28440324 28.36 124.439765  65.254830 22.307  256.46  251.71  243.92
 214    45.637 56776.20004321 31.49 124.427511  65.252310 18.154  263.83  262.33  262.63
 214    44.758 56776.20004380 34.35 124.433551  65.253011 24.005  263.83  262.33  262.63
 214    45.246 56776.20004439 31.80 124.439590  65.253711 13.643  263.83  262.33  262.63
 215    87.747 56786.11570019 16.93 124.432089  65.253132 20.221  250.38  250.67  252.96
 215    88.857 56786.11570078 17.61 124.438128  65.253832 10.107  250.38  250.67  252.96
 216   111.509 56796.03135308  8.44 124.431935  65.253950  9.767  219.88  218.88  224.61
 216   110.611 56796.03135367  6.36 124.437975  65.254650  6.989  219.88  218.88  224.61
 217    46.398 56805.94700125 35.95 124.429603  65.254155 18.583  224.37  221.99  229.18
 217    46.376 56805.94700184 36.13 124.435643  65.254855 16.699  224.37  221.99  229.18
 217    46.701 56805.94700362 44.31 124.453764  65.256955   -100  224.37  221.99  229.18
 219    93.824 56825.77828122 29.04 124.429947  65.251248 22.857  227.74  229.78  231.56
 219    93.292 56825.77828181 23.86 124.435985  65.251948   -100  227.74  229.78  231.56
 219    93.282 56825.77828240 22.55 124.442024  65.252649  2.878  227.74  229.78  231.56
 220    47.683 56835.69391564 25.63 124.427720  65.249264 17.655  229.60  228.35  232.51
 220    46.603 56835.69391623 25.84 124.433758  65.249965 21.531  229.60  228.35  232.51
 220    46.359 56835.69391682 23.23 124.439796  65.250666 16.314  229.60  228.35  232.51
 222    45.832 56855.52519443 51.19 124.427730  65.250269   -100  243.53  245.97  244.66
 222    45.671 56855.52519502 53.56 124.433768  65.250970   -100  243.53  245.97  244.66
 222    45.650 56855.52519561 56.45 124.439806  65.251670 27.704  243.53  245.97  244.66
 223    46.224 56865.44084840 24.46 124.431049  65.252145  9.098  243.49  241.09  245.17
 223    44.900 56865.44084899 27.20 124.437088  65.252845 14.813  243.49  241.09  245.17
 224    44.492 56875.35650089 47.35 124.429365  65.252194   -100  243.41  244.68  245.56
 224    44.322 56875.35650148 50.38 124.435404  65.252895   -100  243.41  244.68  245.56
 224    44.080 56875.35650207 53.01 124.441443  65.253595 32.341  243.41  244.68  245.56
 225    45.651 56885.27215039 27.50 124.429502  65.251739  8.439  243.76  243.83  246.39
 225    44.463 56885.27215098 27.48 124.435541  65.252439  8.339  243.76  243.83  246.39
 225    44.427 56885.27215157 29.20 124.441580  65.253140 11.127  243.76  243.83  246.39
 226    45.597 56895.18779673 26.66 124.427753  65.250952 12.346  240.94  243.55  247.03
 226    43.704 56895.18779733 27.45 124.433792  65.251652 16.812  240.94  243.55  247.03
 226    44.913 56895.18779792 25.42 124.439831  65.252353 12.272  240.94  243.55  247.03
 227    45.617 56905.10344025 24.12 124.428421  65.251642  7.632  238.60  236.03  242.04
 227    45.092 56905.10344084 25.88 124.434460  65.252343 11.829  238.60  236.03  242.04
 227    43.314 56905.10344143 29.01 124.440500  65.253043 15.947  238.60  236.03  242.04
 228   106.254 56915.01908195 19.78 124.432062  65.253760 22.653  229.71  229.60  235.52
 228   105.417 56915.01908254 21.68 124.438102  65.254460   -100  229.71  229.60  235.52
 229    44.071 56924.93472153 34.26 124.432929  65.255368 25.514  228.51  227.27  234.22
 229    44.233 56924.93472212 32.73 124.438969  65.256068 22.094  228.51  227.27  234.22
 229    44.715 56924.93472271 40.27 124.445010  65.256768   -100 -100.00 -100.00 -100.00
 229    44.493 56924.93472330 38.33 124.451050  65.257468   -100 -100.00 -100.00 -100.00
 230    45.467 56934.85035767 26.78 124.429078  65.255039 10.173  231.54  228.78  234.95
 230    46.260 56934.85035826 27.36 124.435118  65.255740 13.111  231.54  228.78  234.95
 230    45.936 56934.85035885 27.63 124.441158  65.256440 10.911  231.54  228.78  234.95
 230    46.103 56934.85035944 31.13 124.447198  65.257140 22.157  231.54  228.78  234.95
 230    44.098 56934.85036003 35.49 124.453239  65.257840   -100  231.54  228.78  234.95
 232    42.213 56954.68163808 38.00 124.427610  65.251839 30.764  247.19  244.79  245.08
 232    42.014 56954.68163867 36.78 124.433648  65.252540 29.806 -100.00 -100.00 -100.00
 232    42.116 56954.68163926 33.54 124.439687  65.253240 17.354 -100.00 -100.00 -100.00
 233    37.265 56964.59728809 24.89 124.430577  65.251830  9.692  243.57  240.96  240.46
 233    40.333 56964.59728868 24.41 124.436615  65.252531  9.143  243.57  240.96  240.46
 234    42.042 56974.51293335 21.25 124.431078  65.252829  7.042  241.44  238.36  236.09
 234    42.114 56974.51293394 20.73 124.437118  65.253530  6.067  241.44  238.36  236.09
 235    42.095 56984.42857413 22.33 124.430925  65.253676  8.237  246.44  243.31  239.61
 235    42.405 56984.42857472 23.08 124.436964  65.254376 10.237  246.44  243.31  239.61
 236    41.992 56994.34420968 18.94 124.429895  65.252642  5.259  241.77  237.49  230.28
 236    41.879 56994.34421027 18.39 124.435934  65.253343  4.469  241.77  237.49  230.28
 237    42.142 57004.25984905 18.18 124.433053  65.250581  4.998  241.11  235.22  225.16
 237    42.137 57004.25984964 18.66 124.439093  65.251282  6.698  241.11  235.22  225.16
 238    39.509 57014.17550456 20.52 124.429349  65.248621  8.278 -100.00 -100.00 -100.00
 238    42.420 57014.17550515 18.07 124.435388  65.249322  4.821 -100.00 -100.00 -100.00
 238    42.278 57014.17550574 18.05 124.441427  65.250023  4.780 -100.00 -100.00 -100.00
 239    42.209 57024.09115591 18.54 124.432705  65.249285  6.057  239.33  232.65  219.11
 239    42.140 57024.09115650 17.82 124.438745  65.249986  5.583  239.33  232.65  219.11
 240    42.983 57034.00680454 16.23 124.432405  65.251489  4.138  239.00  233.23  219.32
 240    42.528 57034.00680513 16.58 124.438445  65.252190  4.701  239.00  233.23  219.32
 241    42.388 57043.92245036 15.93 124.428489  65.252879  4.148  241.50  235.14  220.82
 241    42.829 57043.92245095 15.92 124.434529  65.253579  4.631  241.50  235.14  220.82
 241    44.266 57043.92245154 15.04 124.440569  65.254280  3.418  241.50  235.14  220.82
 242    42.564 57053.83809393 15.09 124.429517  65.253013  3.841  241.83  234.64  219.92
 242    43.157 57053.83809452 14.50 124.435556  65.253713  4.153  241.83  234.64  219.92
 243    42.011 57063.75373271 15.64 124.429920  65.251305  5.329  238.28  230.58  213.30
 243    43.781 57063.75373330 15.13 124.435959  65.252006  4.189  238.28  230.58  213.30
 243    42.846 57063.75373389 14.44 124.441998  65.252707  3.817  238.28  230.58  213.30
 244    43.472 57073.66936662 13.74 124.431364  65.250150  4.325  238.94  230.16  212.57
 244    43.764 57073.66936721 14.03 124.437403  65.250851  4.041  238.94  230.16  212.57
 244    42.961 57073.66936781 13.73 124.443441  65.251551  4.157  238.94  230.16  212.57
 245    42.453 57083.58499686 14.58 124.430943  65.250438  5.856  238.21  229.00  210.05
 245    44.829 57083.58499745 13.53 124.436981  65.251139  4.773  238.21  229.00  210.05
 245    42.907 57083.58499804 13.72 124.443020  65.251839  3.829  238.21  229.00  210.05
 246    42.687 57093.50064669 13.85 124.427811  65.252682  3.991  241.40  232.71  215.30
 246    42.468 57093.50064728 14.08 124.433849  65.253383  3.946  241.40  232.71  215.30
 246    44.340 57093.50064787 13.49 124.439888  65.254084  3.696  241.40  232.71  215.30
 247    45.046 57103.41630381 11.07 124.428378  65.255211  3.331  244.31  236.17  220.46
 247    45.164 57103.41630440 10.90 124.434418  65.255912  2.866  244.31  236.17  220.46
 247    45.353 57103.41630499 10.82 124.440458  65.256612  2.533  244.31  236.17  220.46
 247    46.281 57103.41630558 11.13 124.446498  65.257312  2.883  244.31  236.17  220.46
 247    46.695 57103.41630617 10.95 124.452539  65.258012  2.527  244.31  236.17  220.46
 248    45.662 57113.33195709 11.42 124.430821  65.255832  2.603  235.64  226.24  210.33
 248    45.516 57113.33195768 11.35 124.436861  65.256532  2.415  235.64  226.24  210.33
 248    45.992 57113.33195827 11.41 124.442902  65.257233  2.470  235.64  226.24  210.33
 248    45.901 57113.33195886 11.54 124.448943  65.257933  2.363  235.64  226.24  210.33
 248    46.534 57113.33195946 11.54 124.454984  65.258633  2.276  235.64  226.24  210.33
 249    44.839 57123.24760364 11.12 124.427676  65.253710  2.160  240.48  232.77  218.79
 249    45.243 57123.24760423 11.30 124.433716  65.254411  2.524  240.48  232.77  218.79
 249    45.444 57123.24760482 11.15 124.439756  65.255111  2.274  240.48  232.77  218.79
 250    46.119 57133.16324556 13.99 124.432734  65.252378  4.392  254.37  252.76  249.57
 250    46.652 57133.16324615 13.73 124.438773  65.253079  4.022  254.37  252.76  249.57
