# NaN NaN NaN ;Mean Elev.(m), Avg Gradient(m/km), RMS Gradient(m/km) - SRTM1     
#  210.279  -6.898  44.918 ;Mean Elev.(m), Avg Gradient(m/km), RMS Gradient(m/km) - ASTER GDEM
#  159.526  -5.966  46.085 ;Mean Elev.(m), Avg Gradient(m/km), RMS Gradient(m/km) - GMTED2010 
   6   170.294 54714.92303535 46.16 113.666070  60.001220  1.861 -100.00 -100.00 -100.00
   6   170.409 54714.92303594 45.88 113.670243  59.999625   -100 -100.00 -100.00 -100.00
   6   170.276 54714.92303653 48.05 113.674415  59.998029  0.011 -100.00 -100.00 -100.00
  10   231.450 54754.58562706 11.64 113.660687  59.999263 10.318 -100.00 -100.00 -100.00
  10   228.162 54754.58562765 17.70 113.664859  59.997667 17.085 -100.00 -100.00 -100.00
  10   224.908 54754.58562824 25.95 113.669031  59.996072   -100 -100.00 -100.00 -100.00
  12   163.623 54774.41691623 52.43 113.665780  59.995622   -100  250.46  247.03  244.40
  12   163.624 54774.41691682 49.38 113.669952  59.994027   -100  250.46  247.03  244.40
  13   162.801 54784.33255544 36.97 113.657180  59.997194   -100 -100.00 -100.00 -100.00
  13   163.193 54784.33255603 38.75 113.661353  59.995598   -100 -100.00 -100.00 -100.00
  13   163.191 54784.33255662 40.97 113.665526  59.994003   -100 -100.00 -100.00 -100.00
  14   165.206 54794.24819412 25.64 113.659638  59.996907 30.753 -100.00 -100.00 -100.00
  14   165.039 54794.24819471 28.62 113.663811  59.995312   -100 -100.00 -100.00 -100.00
  14   165.009 54794.24819530 29.45 113.667984  59.993716   -100  254.57  251.80  248.29
  22   167.449 54873.57335006 10.75 113.664580  60.001008 11.335 -100.00 -100.00 -100.00
  22   168.196 54873.57335065 10.98 113.668752  59.999413 12.545 -100.00 -100.00 -100.00
  22   164.713 54873.57335124 10.96 113.672924  59.997817 13.871 -100.00 -100.00 -100.00
  24   164.097 54893.40463904 10.53 113.662007  59.997962 12.361 -100.00 -100.00 -100.00
  24   163.908 54893.40463963 11.82 113.666180  59.996367 15.787 -100.00 -100.00 -100.00
  24   163.896 54893.40464022 10.51 113.670351  59.994771 12.225 -100.00 -100.00 -100.00
  29   164.300 54942.98282943 26.50 113.666372  59.999334   -100 -100.00 -100.00 -100.00
  29   164.248 54942.98283002 26.04 113.670544  59.997739   -100 -100.00 -100.00 -100.00
  30   212.505 54952.89846296 10.01 113.665095  59.999367  6.218 -100.00 -100.00 -100.00
  30   211.320 54952.89846355 10.14 113.669267  59.997772  7.331 -100.00 -100.00 -100.00
  30   210.434 54952.89846414  8.66 113.673439  59.996177  6.931 -100.00 -100.00 -100.00
  31   228.318 54962.81410625 18.66 113.660098  59.998877  9.550 -100.00 -100.00 -100.00
  31   216.620 54962.81410684 19.86 113.664270  59.997282 10.928 -100.00 -100.00 -100.00
  31   216.376 54962.81410743 27.11 113.668442  59.995687 16.764 -100.00 -100.00 -100.00
  35   172.810 55002.47669596 32.55 113.663634  60.001326 15.649 -100.00 -100.00 -100.00
  35   172.600 55002.47669655 33.34 113.667807  59.999731 17.224 -100.00 -100.00 -100.00
  35   172.571 55002.47669714 33.55 113.671979  59.998135 18.177 -100.00 -100.00 -100.00
  36   169.472 55012.39234073 22.25 113.664282  60.000200 10.217 -100.00 -100.00 -100.00
  36   169.313 55012.39234132 24.70 113.668454  59.998604 14.436 -100.00 -100.00 -100.00
  36   175.894 55012.39234191 24.11 113.672626  59.997009 10.829 -100.00 -100.00 -100.00
  37   176.330 55022.30798397 14.60 113.663760  59.999345 12.538 -100.00 -100.00 -100.00
  37   175.490 55022.30798456 14.72 113.667933  59.997750 11.619 -100.00 -100.00 -100.00
  37   175.932 55022.30798515 20.28 113.672105  59.996154 21.511 -100.00 -100.00 -100.00
  38   168.994 55032.22362614 38.06 113.662808  60.000321 16.987 -100.00 -100.00 -100.00
  38   169.247 55032.22362673 41.10 113.666981  59.998726 18.442 -100.00 -100.00 -100.00
  38   168.817 55032.22362732 47.15 113.671153  59.997130 32.090 -100.00 -100.00 -100.00
  39   166.948 55042.13926826 32.37 113.667171  60.000466 19.104 -100.00 -100.00 -100.00
  39   166.124 55042.13926885 33.11 113.671343  59.998870   -100 -100.00 -100.00 -100.00
  39   166.386 55042.13926944 28.22 113.675515  59.997275 23.784 -100.00 -100.00 -100.00
  40   166.397 55052.05490813 13.53 113.666242  60.002757  4.943 -100.00 -100.00 -100.00
  40   167.068 55052.05490873 14.01 113.670414  60.001161  5.883 -100.00 -100.00 -100.00
  40   167.901 55052.05490932 13.76 113.674587  59.999565  4.532 -100.00 -100.00 -100.00
  42   170.055 55071.88618981 39.87 113.665324  59.999820 17.913 -100.00 -100.00 -100.00
  42   169.805 55071.88619040 45.19 113.669496  59.998225 24.368 -100.00 -100.00 -100.00
  42   169.200 55071.88619099 55.27 113.673668  59.996630  4.975 -100.00 -100.00 -100.00
  43   166.473 55081.80183831 33.60 113.660817  59.997783 30.670 -100.00 -100.00 -100.00
  43   166.843 55081.80183890 31.52 113.664989  59.996188 19.746 -100.00 -100.00 -100.00
  43   166.466 55081.80183949 37.59 113.669161  59.994593   -100 -100.00 -100.00 -100.00
  44   167.680 55091.71748509 39.02 113.658556  59.997205 19.095 -100.00 -100.00 -100.00
  44   168.592 55091.71748568 41.96 113.662728  59.995610 18.347 -100.00 -100.00 -100.00
  44   168.194 55091.71748627 49.44 113.666900  59.994015   -100 -100.00 -100.00 -100.00
  45   167.803 55101.63313151 41.13 113.659896  59.997628 20.693 -100.00 -100.00 -100.00
  45   168.421 55101.63313210 43.21 113.664068  59.996033 18.020  269.15  268.37  268.55
  45   167.954 55101.63313269 49.11 113.668240  59.994437   -100  269.15  268.37  268.55
  46   166.744 55111.54877751 38.13 113.662003  59.998546 17.889 -100.00 -100.00 -100.00
  46   167.517 55111.54877810 43.17 113.666176  59.996951 17.713 -100.00 -100.00 -100.00
  46   167.225 55111.54877869 53.16 113.670347  59.995355   -100  266.22  265.48  265.66
  47   165.516 55121.46442118 15.32 113.661292  59.999200  4.337 -100.00 -100.00 -100.00
  47   167.300 55121.46442177 15.68 113.665465  59.997604  5.083 -100.00 -100.00 -100.00
  47   165.862 55121.46442236 15.89 113.669637  59.996008  5.801 -100.00 -100.00 -100.00
  48   165.069 55131.38006237 40.00 113.661389  59.997768 21.139 -100.00 -100.00 -100.00
  48   164.804 55131.38006296 44.20 113.665562  59.996173 27.137 -100.00 -100.00 -100.00
  48   164.363 55131.38006355 45.26 113.669734  59.994577   -100 -100.00 -100.00 -100.00
  49   163.198 55141.29570155 38.08 113.660437  59.996275 29.646 -100.00 -100.00 -100.00
  49   163.388 55141.29570214 40.02 113.664609  59.994680 28.164 -100.00 -100.00 -100.00
  49   163.187 55141.29570273 43.16 113.668782  59.993084   -100 -100.00 -100.00 -100.00
  50   164.071 55151.21133973 22.12 113.658758  59.997182 29.705 -100.00 -100.00 -100.00
  50   164.305 55151.21134033 20.92 113.662931  59.995587 22.264 -100.00 -100.00 -100.00
  50   164.397 55151.21134092 20.81 113.667103  59.993991 22.775 -100.00 -100.00 -100.00
  51   165.116 55161.12697857 20.74 113.662744  59.998492 26.381 -100.00 -100.00 -100.00
  51   165.245 55161.12697916 20.31 113.666916  59.996897 27.276 -100.00 -100.00 -100.00
  51   165.198 55161.12697975 20.86 113.671089  59.995301 31.150 -100.00 -100.00 -100.00
  52   165.747 55171.04261707 17.55 113.667543  60.000102 18.355 -100.00 -100.00 -100.00
  52   165.447 55171.04261766 19.19 113.671716  59.998506 22.846 -100.00 -100.00 -100.00
  52   165.542 55171.04261825 18.54 113.675888  59.996910 23.267 -100.00 -100.00 -100.00
  53   165.195 55180.95825363 17.99 113.667820  60.002148 19.207 -100.00 -100.00 -100.00
  53   165.156 55180.95825422 20.96 113.671993  60.000553   -100 -100.00 -100.00 -100.00
  53   165.038 55180.95825481 19.93 113.676165  59.998957 30.215 -100.00 -100.00 -100.00
  54   164.636 55190.87390266 16.07 113.667964  60.000572 17.497 -100.00 -100.00 -100.00
  54   164.806 55190.87390325 15.74 113.672136  59.998977 16.049 -100.00 -100.00 -100.00
  54   164.666 55190.87390384 17.54 113.676308  59.997381 23.902 -100.00 -100.00 -100.00
  55   163.994 55200.78955304 18.00 113.666604  59.999334 23.997 -100.00 -100.00 -100.00
  55   164.258 55200.78955363 15.81 113.670776  59.997739 16.807 -100.00 -100.00 -100.00
  56   163.715 55210.70520221 15.45 113.663235  60.000079 18.697 -100.00 -100.00 -100.00
  56   163.685 55210.70520280 16.24 113.667407  59.998484 20.909 -100.00 -100.00 -100.00
  56   163.652 55210.70520339 15.58 113.671579  59.996888 16.660 -100.00 -100.00 -100.00
  59   163.266 55240.45214426 12.52 113.663774  59.998784 17.538 -100.00 -100.00 -100.00
  59   163.326 55240.45214485 12.51 113.667946  59.997189 18.763 -100.00 -100.00 -100.00
  59   163.293 55240.45214544 11.66 113.672118  59.995593 14.271 -100.00 -100.00 -100.00
  60   163.277 55250.36778552 12.33 113.661907  59.997165 15.388 -100.00 -100.00 -100.00
  60   163.300 55250.36778612 11.30 113.666079  59.995569 12.086 -100.00 -100.00 -100.00
  60   163.240 55250.36778671 12.31 113.670251  59.993973 16.301 -100.00 -100.00 -100.00
  67   164.246 55319.77726399 28.41 113.662288  59.997263   -100 -100.00 -100.00 -100.00
  67   174.942 55319.77726458 24.85 113.666459  59.995668 23.916  263.56  258.84  249.45
  67   164.251 55319.77726517 25.23 113.670631  59.994072 23.338  263.56  258.84  249.45
  70   169.680 55349.52419676 28.85 113.663491  60.000081 25.106 -100.00 -100.00 -100.00
  70   176.547 55349.52419735 20.99 113.667663  59.998486  6.080 -100.00 -100.00 -100.00
  70   176.025 55349.52419794 25.98 113.671835  59.996890 17.074 -100.00 -100.00 -100.00
  71   167.860 55359.43983902 39.26 113.666463  60.000323 21.164 -100.00 -100.00 -100.00
  71   168.721 55359.43983961 43.40 113.670635  59.998728 19.695 -100.00 -100.00 -100.00
  71   168.053 55359.43984020 51.51 113.674807  59.997132   -100 -100.00 -100.00 -100.00
  73   177.787 55379.27111709 13.38 113.664523  60.001266  8.730 -100.00 -100.00 -100.00
  73   175.708 55379.27111768 16.19 113.668696  59.999671 15.465 -100.00 -100.00 -100.00
  73   176.585 55379.27111827 17.07 113.672868  59.998075 14.326 -100.00 -100.00 -100.00
  74   175.390 55389.18675516 16.72 113.667039  60.001149  7.657 -100.00 -100.00 -100.00
  74   175.035 55389.18675575 16.55 113.671211  59.999553  6.519 -100.00 -100.00 -100.00
  74   175.709 55389.18675634 18.19 113.675383  59.997958  8.076 -100.00 -100.00 -100.00
  75   165.680 55399.10239182 15.73 113.666778  60.002529 12.051 -100.00 -100.00 -100.00
  75   166.901 55399.10239241 14.26 113.670951  60.000934  8.773 -100.00 -100.00 -100.00
  75   167.886 55399.10239300 14.36 113.675123  59.999339  8.777 -100.00 -100.00 -100.00
  76   166.680 55409.01803827 24.97 113.667917  60.001585 14.880 -100.00 -100.00 -100.00
  76   166.112 55409.01803886 19.73 113.672090  59.999989  5.928 -100.00 -100.00 -100.00
  76   166.064 55409.01803946 20.23 113.676262  59.998394  6.715 -100.00 -100.00 -100.00
  77   166.366 55418.93368871 29.80 113.663001  60.000742 14.153 -100.00 -100.00 -100.00
  77   166.398 55418.93368930 29.92 113.667174  59.999147 15.338 -100.00 -100.00 -100.00
  77   166.441 55418.93368989 29.24 113.671346  59.997552 13.487 -100.00 -100.00 -100.00
  78   168.638 55428.84933602 36.50 113.659922  59.998936  9.487 -100.00 -100.00 -100.00
  78   167.062 55428.84933661 41.18 113.664095  59.997341 17.670 -100.00 -100.00 -100.00
  78   166.089 55428.84933720 51.47 113.668267  59.995746   -100 -100.00 -100.00 -100.00
  79   167.779 55438.76498068 34.43 113.658737  59.997902 18.412 -100.00 -100.00 -100.00
  79   168.264 55438.76498127 40.00 113.662909  59.996306 16.656 -100.00 -100.00 -100.00
  79   167.215 55438.76498186 45.58 113.667081  59.994711   -100 -100.00 -100.00 -100.00
  80   167.413 55448.68062411 11.47 113.661097  59.997370  8.177 -100.00 -100.00 -100.00
  80   168.205 55448.68062470 11.41 113.665269  59.995774  8.728 -100.00 -100.00 -100.00
  80   168.939 55448.68062530 11.23 113.669440  59.994179  7.091 -100.00 -100.00 -100.00
  81   165.843 55458.59626671 25.40 113.660661  59.998566 19.209 -100.00 -100.00 -100.00
  81   166.059 55458.59626730 24.63 113.664833  59.996971 18.233 -100.00 -100.00 -100.00
  81   166.006 55458.59626789 24.33 113.669005  59.995375 16.708 -100.00 -100.00 -100.00
  82   167.225 55468.51190862 11.33 113.660398  59.999325  4.596 -100.00 -100.00 -100.00
  82   167.699 55468.51190921 11.96 113.664571  59.997730  5.502 -100.00 -100.00 -100.00
  82   168.651 55468.51190980 11.52 113.668743  59.996134  4.988 -100.00 -100.00 -100.00
  83   165.548 55478.42754738 38.48 113.660202  59.999341 27.566 -100.00 -100.00 -100.00
  83   165.722 55478.42754797 41.05 113.664375  59.997746 31.281 -100.00 -100.00 -100.00
  83   165.838 55478.42754856 41.24 113.668547  59.996150   -100 -100.00 -100.00 -100.00
  84   164.549 55488.34318371 43.41 113.663846  59.997910 23.623 -100.00 -100.00 -100.00
  84   164.673 55488.34318430 47.47 113.668019  59.996314 30.534 -100.00 -100.00 -100.00
  84   164.177 55488.34318489 45.16 113.672191  59.994719   -100 -100.00 -100.00 -100.00
  85   164.332 55498.25881688 39.30 113.661146  59.999477 23.028 -100.00 -100.00 -100.00
  85   164.191 55498.25881747 42.36 113.665319  59.997881 23.015 -100.00 -100.00 -100.00
  85   164.167 55498.25881806 45.52 113.669492  59.996286 30.132 -100.00 -100.00 -100.00
  86   163.874 55508.17445582 40.22 113.665290  59.999151 21.348 -100.00 -100.00 -100.00
  86   164.074 55508.17445641 44.40 113.669463  59.997555 24.342 -100.00 -100.00 -100.00
  86   163.508 55508.17445700 48.63 113.673635  59.995960   -100 -100.00 -100.00 -100.00
  87   163.094 55518.09010592 38.38 113.663777  60.000084 25.165 -100.00 -100.00 -100.00
  87   162.974 55518.09010652 41.36 113.667950  59.998489 29.729 -100.00 -100.00 -100.00
  87   163.114 55518.09010711 44.44 113.672122  59.996893   -100 -100.00 -100.00 -100.00
  88   162.645 55528.00575571 35.60 113.666611  59.999697 28.607 -100.00 -100.00 -100.00
  88   162.971 55528.00575630 37.28 113.670783  59.998101 25.498 -100.00 -100.00 -100.00
  88   162.744 55528.00575689 39.70 113.674956  59.996506   -100 -100.00 -100.00 -100.00
  89   164.508 55537.92140326 23.28 113.666713  59.999709 21.426 -100.00 -100.00 -100.00
  89   164.334 55537.92140385 23.99 113.670885  59.998113 24.485 -100.00 -100.00 -100.00
  89   164.323 55537.92140444 23.44 113.675057  59.996517 19.292 -100.00 -100.00 -100.00
  90   164.930 55547.83704844 19.03 113.665981  59.999708 14.641 -100.00 -100.00 -100.00
  90   164.724 55547.83704903 21.34 113.670154  59.998112 22.215 -100.00 -100.00 -100.00
  90   164.665 55547.83704962 20.74 113.674325  59.996516 17.326 -100.00 -100.00 -100.00
  91   163.892 55557.75269152 19.28 113.663587  60.000461 20.711 -100.00 -100.00 -100.00
  91   164.466 55557.75269212 18.53 113.667760  59.998865 14.556 -100.00 -100.00 -100.00
  91   164.520 55557.75269271 17.99 113.671932  59.997269 13.494 -100.00 -100.00 -100.00
  92   164.029 55567.66833430 16.66 113.666306  59.999942 15.192 -100.00 -100.00 -100.00
  92   163.897 55567.66833489 17.29 113.670478  59.998346 18.518 -100.00 -100.00 -100.00
  92   164.133 55567.66833548 16.77 113.674650  59.996750 12.487 -100.00 -100.00 -100.00
  93   163.572 55577.58397565 15.70 113.664555  60.000931 14.060 -100.00 -100.00 -100.00
  93   163.432 55577.58397624 17.40 113.668728  59.999335 19.070 -100.00 -100.00 -100.00
  93   163.634 55577.58397683 17.32 113.672900  59.997739 19.385 -100.00 -100.00 -100.00
  94   163.505 55587.49961502 15.51 113.662819  60.000762 13.995 -100.00 -100.00 -100.00
  94   163.568 55587.49961561 14.87 113.666991  59.999167 11.114 -100.00 -100.00 -100.00
  94   163.422 55587.49961620 15.47 113.671164  59.997571 13.871 -100.00 -100.00 -100.00
  95   163.431 55597.41525189 13.72 113.664607  59.998742 13.083 -100.00 -100.00 -100.00
  95   163.241 55597.41525248 17.28 113.668780  59.997147 23.313 -100.00 -100.00 -100.00
  95   163.172 55597.41525307 16.11 113.672952  59.995551 19.716 -100.00 -100.00 -100.00
  96   163.348 55607.33088531 14.97 113.662180  59.999029 14.594 -100.00 -100.00 -100.00
  96   163.504 55607.33088590 14.14 113.666353  59.997434 12.545 -100.00 -100.00 -100.00
  96   163.777 55607.33088649 13.52 113.670525  59.995838 12.518 -100.00 -100.00 -100.00
  97   163.140 55617.24651735 11.90 113.665002  59.998923 11.854 -100.00 -100.00 -100.00
  97   163.190 55617.24651794 11.50 113.669175  59.997327 11.913 -100.00 -100.00 -100.00
  97   163.177 55617.24651853 11.27 113.673347  59.995732 12.043 -100.00 -100.00 -100.00
  98   163.188 55627.16216156 11.25 113.663107  60.000838 12.016 -100.00 -100.00 -100.00
  98   163.377 55627.16216215 11.56 113.667280  59.999243  9.936 -100.00 -100.00 -100.00
  98   163.413 55627.16216274 12.26 113.671453  59.997648 13.528 -100.00 -100.00 -100.00
  99   167.446 55637.07781383 10.68 113.666679  59.999400 10.105 -100.00 -100.00 -100.00
  99   168.068 55637.07781442 10.61 113.670852  59.997805  8.616 -100.00 -100.00 -100.00
 103   164.454 55676.74039225 31.55 113.661565  59.997826   -100 -100.00 -100.00 -100.00
 103   164.561 55676.74039284 31.69 113.665737  59.996231 32.399 -100.00 -100.00 -100.00
 103   164.253 55676.74039343 32.01 113.669908  59.994635   -100 -100.00 -100.00 -100.00
 106   175.553 55706.48730195 28.24 113.671809  60.000539  8.420 -100.00 -100.00 -100.00
 106   176.219 55706.48730254 28.57 113.675982  59.998944  9.288 -100.00 -100.00 -100.00
 107   175.441 55716.40295129 27.42 113.667439  60.001136  9.162 -100.00 -100.00 -100.00
 107   169.210 55716.40295188 29.73 113.671611  59.999541 14.375 -100.00 -100.00 -100.00
 107   168.988 55716.40295247 30.79 113.675783  59.997946 15.841 -100.00 -100.00 -100.00
 108   169.089 55726.31859985 38.67 113.665882  60.000627 22.955 -100.00 -100.00 -100.00
 108   169.108 55726.31860044 36.89 113.670054  59.999031 16.805 -100.00 -100.00 -100.00
 108   168.885 55726.31860103 37.34 113.674227  59.997436 18.555 -100.00 -100.00 -100.00
 111   165.587 55756.06553655 40.51 113.667436  60.000277 22.121 -100.00 -100.00 -100.00
 111   165.374 55756.06553714 41.98 113.671608  59.998681   -100 -100.00 -100.00 -100.00
 111   164.834 55756.06553773 44.81 113.675780  59.997085   -100 -100.00 -100.00 -100.00
 112   175.935 55765.98117768 11.84 113.664071  60.000035  6.059 -100.00 -100.00 -100.00
 112   176.082 55765.98117827 12.94 113.668243  59.998440  6.761  275.50  274.61  272.37
 112   175.871 55765.98117886 17.76 113.672415  59.996844 14.277  275.50  274.61  272.37
 113   170.029 55775.89681618 38.34 113.662094  59.998660 18.077 -100.00 -100.00 -100.00
 113   169.567 55775.89681677 44.57 113.666266  59.997065 23.402 -100.00 -100.00 -100.00
 113   169.364 55775.89681736 48.58 113.670438  59.995470   -100 -100.00 -100.00 -100.00
 114   168.281 55785.81245177 39.56 113.661605  59.997829 18.024 -100.00 -100.00 -100.00
 114   168.053 55785.81245236 42.56 113.665777  59.996234 25.373 -100.00 -100.00 -100.00
 114   167.896 55785.81245295 46.03 113.669949  59.994639   -100 -100.00 -100.00 -100.00
 115   166.278 55795.72808507 35.71 113.662037  59.999494 21.587 -100.00 -100.00 -100.00
 115   166.635 55795.72808566 39.51 113.666210  59.997899 21.251 -100.00 -100.00 -100.00
 115   167.048 55795.72808625 50.71 113.670382  59.996304   -100 -100.00 -100.00 -100.00
 116   166.368 55805.64372485 35.33 113.665192  60.000743 25.557 -100.00 -100.00 -100.00
 116   166.685 55805.64372544 33.73 113.669364  59.999147 18.220 -100.00 -100.00 -100.00
 116   166.413 55805.64372603 36.13 113.673536  59.997552 24.399 -100.00 -100.00 -100.00
 117   167.328 55815.55937388 44.32 113.665739  60.001227 30.441 -100.00 -100.00 -100.00
 117   167.634 55815.55937447 44.29 113.669912  59.999632 25.604 -100.00 -100.00 -100.00
 117   167.191 55815.55937506 46.06 113.674084  59.998036   -100 -100.00 -100.00 -100.00
 118   167.063 55825.47502054 39.49 113.666802  59.999514 15.370 -100.00 -100.00 -100.00
 118   166.724 55825.47502113 44.65 113.670975  59.997919 22.740 -100.00 -100.00 -100.00
 119   164.976 55835.39066206 18.82 113.662702  59.999149  8.280 -100.00 -100.00 -100.00
 119   165.249 55835.39066265 17.16 113.666875  59.997554  6.175 -100.00 -100.00 -100.00
 119   167.836 55835.39066324 19.09 113.671048  59.995958 10.115 -100.00 -100.00 -100.00
 120   171.814 55845.30630023 11.33 113.660352  59.999100  6.123 -100.00 -100.00 -100.00
 120   168.660 55845.30630082 12.21 113.664525  59.997504  6.682 -100.00 -100.00 -100.00
 120   171.834 55845.30630141 12.08 113.668698  59.995909  6.652 -100.00 -100.00 -100.00
 121   165.491 55855.22193600 28.53 113.662648  60.000152 16.691 -100.00 -100.00 -100.00
 121   165.252 55855.22193659 31.49 113.666821  59.998557 22.913 -100.00 -100.00 -100.00
 121   165.910 55855.22193718 33.68 113.670994  59.996961 21.097 -100.00 -100.00 -100.00
 122   165.356 55865.13757687 39.68 113.668505  60.000557 20.505 -100.00 -100.00 -100.00
 122   165.039 55865.13757746 42.58 113.672678  59.998962 30.053 -100.00 -100.00 -100.00
 123   164.663 55875.05323003 41.60 113.669125  60.001035 22.494 -100.00 -100.00 -100.00
 123   164.444 55875.05323062 46.85 113.673297  59.999439   -100 -100.00 -100.00 -100.00
 134   163.139 55984.12530023 10.61 113.664252  60.000130 10.896 -100.00 -100.00 -100.00
 134   168.299 55984.12530082  9.82 113.668424  59.998534  9.056 -100.00 -100.00 -100.00
 134   163.469 55984.12530141 10.50 113.672596  59.996939  9.997 -100.00 -100.00 -100.00
 139   167.605 56033.70352292 10.37 113.658665  59.998717  7.130 -100.00 -100.00 -100.00
 139   168.678 56033.70352351 10.47 113.662837  59.997121  7.928 -100.00 -100.00 -100.00
 139   169.277 56033.70352410 10.39 113.667008  59.995526  7.145 -100.00 -100.00 -100.00
 142   353.172 56063.45043845  5.30 113.673291  60.000797  6.823 -100.00 -100.00 -100.00
 142   358.820 56063.45043904  3.90 113.677463  59.999201  6.149 -100.00 -100.00 -100.00
 145   170.704 56093.19737752 30.48 113.666806  59.999455 14.167 -100.00 -100.00 -100.00
 145   170.946 56093.19737811 29.37 113.670978  59.997859 12.695 -100.00 -100.00 -100.00
 147   169.885 56113.02865363 26.56 113.665170  60.001008  7.157 -100.00 -100.00 -100.00
 147   169.911 56113.02865422 28.46 113.669342  59.999412 11.297 -100.00 -100.00 -100.00
 147   169.774 56113.02865481 28.34 113.673514  59.997817  9.287 -100.00 -100.00 -100.00
 148   171.771 56122.94429234 37.68 113.662937  60.000786 15.106 -100.00 -100.00 -100.00
 148   170.370 56122.94429293 40.69 113.667109  59.999190   -100 -100.00 -100.00 -100.00
 148   170.635 56122.94429352 53.08 113.671281  59.997595   -100 -100.00 -100.00 -100.00
 149   170.549 56132.85992775 25.53 113.664592  59.998511 21.703 -100.00 -100.00 -100.00
 149   170.680 56132.85992834 20.74 113.668764  59.996916 11.593 -100.00 -100.00 -100.00
 149   170.348 56132.85992893 19.12 113.672936  59.995320  8.334 -100.00 -100.00 -100.00
 150   169.169 56142.77556528 40.68 113.663392  59.998069 26.569 -100.00 -100.00 -100.00
 150   169.108 56142.77556587 43.28 113.667564  59.996474   -100 -100.00 -100.00 -100.00
 150   169.064 56142.77556646 44.14 113.671736  59.994879   -100 -100.00 -100.00 -100.00
 151   167.505 56152.69121556 36.94 113.660888  59.998782 18.055 -100.00 -100.00 -100.00
 151   167.587 56152.69121615 38.57 113.665060  59.997187 22.812  271.46  270.15  269.65
 151   167.173 56152.69121674 44.44 113.669232  59.995592   -100  271.46  270.15  269.65
 152   166.826 56162.60686485 39.80 113.664397  59.999054 21.909 -100.00 -100.00 -100.00
 152   166.916 56162.60686544 41.03 113.668569  59.997459   -100 -100.00 -100.00 -100.00
 152   166.459 56162.60686603 38.74 113.672741  59.995863 29.986 -100.00 -100.00 -100.00
 153   166.674 56172.52251168 40.57 113.664368  60.000432 23.895 -100.00 -100.00 -100.00
 153   166.895 56172.52251227 41.71 113.668541  59.998837 23.756 -100.00 -100.00 -100.00
 153   166.899 56172.52251286 44.87 113.672713  59.997241 26.004 -100.00 -100.00 -100.00
 154   166.145 56182.43815389 38.70 113.664128  60.000220 17.831 -100.00 -100.00 -100.00
 154   166.391 56182.43815448 41.82 113.668301  59.998624 20.030 -100.00 -100.00 -100.00
 154   165.952 56182.43815507 47.04 113.672473  59.997029 29.707 -100.00 -100.00 -100.00
 156   212.455 56202.26942832  1.43 113.662473  59.998165  4.933 -100.00 -100.00 -100.00
 156   218.674 56202.26942891  0.52 113.666646  59.996570  3.677 -100.00 -100.00 -100.00
 156   208.618 56202.26942950  4.98 113.670818  59.994974  8.155 -100.00 -100.00 -100.00
 158   164.877 56222.10069439 37.07 113.667356  60.002732 22.851 -100.00 -100.00 -100.00
 158   164.773 56222.10069498 39.70 113.671530  60.001137 27.496 -100.00 -100.00 -100.00
 158   164.623 56222.10069557 43.83 113.675702  59.999541   -100 -100.00 -100.00 -100.00
 159   164.104 56232.01634954 42.83 113.671596  60.002355 22.475 -100.00 -100.00 -100.00
 159   163.763 56232.01635013 47.67 113.675768  60.000759   -100 -100.00 -100.00 -100.00
 159   163.568 56232.01635072 51.48 113.679941  59.999163   -100 -100.00 -100.00 -100.00
 160   163.118 56241.93200163 37.16 113.666816  60.003291 24.257 -100.00 -100.00 -100.00
 160   162.985 56241.93200222 39.75 113.670989  60.001695 28.164 -100.00 -100.00 -100.00
 160   163.161 56241.93200281 43.71 113.675161  60.000100 31.165 -100.00 -100.00 -100.00
 161   164.063 56251.84765027 30.08 113.666947  60.001019   -100 -100.00 -100.00 -100.00
 161   164.136 56251.84765086 29.66 113.671119  59.999423   -100 -100.00 -100.00 -100.00
 161   164.028 56251.84765145 29.86 113.675291  59.997828   -100 -100.00 -100.00 -100.00
 162   165.410 56261.76329365 18.10 113.663753  60.000595 17.611 -100.00 -100.00 -100.00
 162   165.316 56261.76329424 20.04 113.667926  59.999000 23.395 -100.00 -100.00 -100.00
 162   165.324 56261.76329483 20.68 113.672098  59.997404 26.406 -100.00 -100.00 -100.00
 163   164.978 56271.67893542 19.02 113.666303  59.999622 21.540 -100.00 -100.00 -100.00
 163   164.892 56271.67893601 19.19 113.670476  59.998026 25.817 -100.00 -100.00 -100.00
 163   165.121 56271.67893660 18.43 113.674647  59.996431 22.397 -100.00 -100.00 -100.00
 164   164.311 56281.59457607 16.33 113.664649  60.001104 20.257 -100.00 -100.00 -100.00
 164   164.485 56281.59457666 16.00 113.668822  59.999508 21.031 -100.00 -100.00 -100.00
 164   164.454 56281.59457725 15.14 113.672994  59.997913 19.203 -100.00 -100.00 -100.00
 165   164.098 56291.51022835 13.85 113.665606  59.999988 15.930 -100.00 -100.00 -100.00
 165   164.033 56291.51022894 15.30 113.669778  59.998392 22.832 -100.00 -100.00 -100.00
 165   164.322 56291.51022953 13.14 113.673950  59.996796 14.465 -100.00 -100.00 -100.00
 166   163.825 56301.42587573 12.53 113.662246  59.999246 14.441 -100.00 -100.00 -100.00
 166   163.904 56301.42587632 12.66 113.666418  59.997650 15.994 -100.00 -100.00 -100.00
 166   163.958 56301.42587691 12.58 113.670591  59.996054 13.166 -100.00 -100.00 -100.00
 168   163.288 56321.25716026 11.65 113.657627  59.997713 11.511 -100.00 -100.00 -100.00
 168   163.445 56321.25716085 10.19 113.661799  59.996118  8.846 -100.00 -100.00 -100.00
 168   163.277 56321.25716144 12.14 113.665972  59.994522 13.226 -100.00 -100.00 -100.00
 170   163.014 56341.08844144 10.43 113.661528  60.000046 10.055 -100.00 -100.00 -100.00
 170   163.113 56341.08844203 10.40 113.665701  59.998451 10.025 -100.00 -100.00 -100.00
 170   168.694 56341.08844262 11.12 113.669873  59.996855 11.636 -100.00 -100.00 -100.00
 175   162.980 56390.66666021 13.23 113.662013  59.998632 17.655 -100.00 -100.00 -100.00
 175   163.661 56390.66666080 11.00 113.666185  59.997036 11.789 -100.00 -100.00 -100.00
 175   168.683 56390.66666139 11.45 113.670357  59.995441 11.404 -100.00 -100.00 -100.00
 177   163.443 56410.49794346 32.45 113.665407  60.002249   -100 -100.00 -100.00 -100.00
 177   163.469 56410.49794405 34.06 113.669579  60.000653 32.362 -100.00 -100.00 -100.00
 177   163.499 56410.49794464 35.93 113.673751  59.999058   -100 -100.00 -100.00 -100.00
 181   168.025 56450.16052025 40.02 113.665540  59.999222 19.963 -100.00 -100.00 -100.00
 181   167.834 56450.16052084 44.35 113.669712  59.997627   -100 -100.00 -100.00 -100.00
 181   167.386 56450.16052143 44.44 113.673884  59.996031   -100 -100.00 -100.00 -100.00
 182   168.556 56460.07616883 39.11 113.665392  59.998815 32.000 -100.00 -100.00 -100.00
 182   168.657 56460.07616942 47.95 113.669564  59.997219 23.938 -100.00 -100.00 -100.00
 182   168.305 56460.07617001 48.70 113.673735  59.995623 32.420 -100.00 -100.00 -100.00
 184   171.447 56479.90745517 38.93 113.661567  59.998534 16.265 -100.00 -100.00 -100.00
 184   171.141 56479.90745576 44.07 113.665739  59.996939 23.165 -100.00 -100.00 -100.00
 184   170.564 56479.90745635 54.27 113.669911  59.995343   -100 -100.00 -100.00 -100.00
 185   176.529 56489.82309279 12.03 113.662725  59.997719  3.363 -100.00 -100.00 -100.00
 185   175.942 56489.82309338 19.76 113.666897  59.996124 13.430 -100.00 -100.00 -100.00
 185   176.452 56489.82309398 20.17 113.671068  59.994529 11.568 -100.00 -100.00 -100.00
 187   169.144 56509.65436089 37.18 113.664695  60.000088 14.827 -100.00 -100.00 -100.00
 187   168.854 56509.65436148 41.78 113.668867  59.998492 31.521 -100.00 -100.00 -100.00
 187   168.275 56509.65436207 37.10 113.673039  59.996897 30.134 -100.00 -100.00 -100.00
 188   167.489 56519.57000228 25.53 113.664484  60.001646 18.995 -100.00 -100.00 -100.00
 188   167.557 56519.57000287 24.54 113.668657  60.000051 16.243 -100.00 -100.00 -100.00
 188   167.323 56519.57000346 25.41 113.672829  59.998456 21.754 -100.00 -100.00 -100.00
 189   166.723 56529.48565581 40.68 113.663868  60.001203 31.256 -100.00 -100.00 -100.00
 189   167.152 56529.48565640 42.00 113.668041  59.999608 26.653 -100.00 -100.00 -100.00
 189   167.171 56529.48565699 43.57 113.672214  59.998012   -100 -100.00 -100.00 -100.00
 190   164.928 56539.40130569 37.14 113.665717  59.999525 17.825 -100.00 -100.00 -100.00
 190   165.739 56539.40130628 44.18 113.669890  59.997930 25.645 -100.00 -100.00 -100.00
 190   165.432 56539.40130687 53.19 113.674062  59.996334 11.386 -100.00 -100.00 -100.00
 191   164.194 56549.31695052 19.02 113.661325  59.999944 13.610 -100.00 -100.00 -100.00
 191   164.663 56549.31695111 25.48 113.665498  59.998348 26.963 -100.00 -100.00 -100.00
 191   164.948 56549.31695170 26.11 113.669671  59.996753 18.841 -100.00 -100.00 -100.00
 192   167.088 56559.23259380 11.65 113.663253  59.998929  4.257 -100.00 -100.00 -100.00
 192   167.929 56559.23259439 11.58 113.667426  59.997333  4.468 -100.00 -100.00 -100.00
 192   169.578 56559.23259498 11.71 113.671598  59.995738  4.346 -100.00 -100.00 -100.00
 193   164.539 56569.14823583 32.54 113.663720  59.999936   -100 -100.00 -100.00 -100.00
 193   164.832 56569.14823642 32.95 113.667893  59.998340 29.466 -100.00 -100.00 -100.00
 193   165.034 56569.14823701 35.27 113.672065  59.996744 27.036 -100.00 -100.00 -100.00
 195   163.989 56588.97951382 39.10 113.668486  60.002674 19.382 -100.00 -100.00 -100.00
 195   164.511 56588.97951441 40.96 113.672659  60.001079 16.731 -100.00 -100.00 -100.00
 195   163.838 56588.97951500 48.17 113.676832  59.999483 29.646 -100.00 -100.00 -100.00
 196   163.193 56598.89515797 39.84 113.667965  60.002645 28.891 -100.00 -100.00 -100.00
 196   163.545 56598.89515856 41.04 113.672138  60.001050 24.818 -100.00 -100.00 -100.00
 196   163.246 56598.89515915 45.06 113.676311  59.999454 30.948 -100.00 -100.00 -100.00
 197   162.296 56608.81080907 37.06 113.666384  60.000889 30.002 -100.00 -100.00 -100.00
 197   162.659 56608.81080966 38.97 113.670557  59.999293 28.189 -100.00 -100.00 -100.00
 197   162.601 56608.81081025 41.04 113.674729  59.997698 27.610 -100.00 -100.00 -100.00
 198   164.078 56618.72645481 26.42 113.663429  60.000991   -100 -100.00 -100.00 -100.00
 198   163.767 56618.72645540 32.12 113.667602  59.999395   -100 -100.00 -100.00 -100.00
 198   164.079 56618.72645599 30.06 113.671774  59.997800   -100 -100.00 -100.00 -100.00
 199   164.200 56628.64209748 23.01 113.663168  60.001097 27.021 -100.00 -100.00 -100.00
 199   164.129 56628.64209807 24.39 113.667340  59.999501 30.124 -100.00 -100.00 -100.00
 199   164.630 56628.64209866 22.08 113.671513  59.997906 20.180  261.45  259.87  257.85
 200   164.295 56638.55773729 19.41 113.664381  60.000964 20.523 -100.00 -100.00 -100.00
 200   164.278 56638.55773788 18.65 113.668554  59.999368 17.703 -100.00 -100.00 -100.00
 200   164.406 56638.55773847 19.06 113.672726  59.997773 19.197 -100.00 -100.00 -100.00
 201   164.044 56648.47338093 16.56 113.662868  60.000571 15.222 -100.00 -100.00 -100.00
 201   164.242 56648.47338152 17.04 113.667041  59.998976 18.548 -100.00 -100.00 -100.00
 201   164.309 56648.47338211 17.30 113.671214  59.997380 18.024 -100.00 -100.00 -100.00
 202   163.709 56658.38903245 14.27 113.660831  59.998708 15.977 -100.00 -100.00 -100.00
 202   164.017 56658.38903304 14.38 113.665004  59.997113 15.871 -100.00 -100.00 -100.00
 202   168.839 56658.38903363 14.00 113.669176  59.995517 16.635 -100.00 -100.00 -100.00
 203   163.623 56668.30468017 15.82 113.661926  59.996906 18.932 -100.00 -100.00 -100.00
 203   164.026 56668.30468076 14.63 113.666099  59.995310 15.910 -100.00 -100.00 -100.00
 203   163.803 56668.30468135 14.74 113.670271  59.993714 18.012 -100.00 -100.00 -100.00
 205   163.530 56688.13596895 14.09 113.664513  59.998572 15.569 -100.00 -100.00 -100.00
 205   163.445 56688.13596954 13.66 113.668685  59.996976 14.305 -100.00 -100.00 -100.00
 205   163.496 56688.13597013 14.34 113.672857  59.995380 13.467 -100.00 -100.00 -100.00
 213   164.351 56767.46110598 33.43 113.666019  60.002729 22.148 -100.00 -100.00 -100.00
 213   176.455 56767.46110657 35.27 113.670192  60.001134   -100 -100.00 -100.00 -100.00
 213   164.187 56767.46110716 33.11 113.674364  59.999538   -100 -100.00 -100.00 -100.00
 214   354.540 56777.37675032  3.71 113.664836  60.001950  7.630 -100.00 -100.00 -100.00
 214   354.223 56777.37675091  2.75 113.669009  60.000355  5.674 -100.00 -100.00 -100.00
 214   352.656 56777.37675150  4.00 113.673181  59.998759  8.440 -100.00 -100.00 -100.00
 217   212.466 56807.12370713  5.36 113.664507  59.998363  5.136 -100.00 -100.00 -100.00
 217   226.711 56807.12370772  3.88 113.668679  59.996767  4.199 -100.00 -100.00 -100.00
 217   225.233 56807.12370831  3.90 113.672850  59.995172  5.080 -100.00 -100.00 -100.00
 219   178.270 56826.95498595 12.79 113.660329  59.999104  6.671 -100.00 -100.00 -100.00
 219   177.583 56826.95498654 13.38 113.664501  59.997509  7.118 -100.00 -100.00 -100.00
 219   176.489 56826.95498713 16.99 113.668672  59.995913 13.760 -100.00 -100.00 -100.00
 221   167.401 56846.78625190 38.25 113.661134  59.999691 17.132 -100.00 -100.00 -100.00
 221   167.335 56846.78625249 40.20 113.665306  59.998096 21.025 -100.00 -100.00 -100.00
 221   167.157 56846.78625308 46.57 113.669478  59.996501 27.816 -100.00 -100.00 -100.00
 223   165.344 56866.61755564 38.30 113.665306  59.999655 18.203 -100.00 -100.00 -100.00
 223   165.180 56866.61755623 42.40 113.669478  59.998060 26.609 -100.00 -100.00 -100.00
 223   165.045 56866.61755682 45.69 113.673650  59.996464   -100 -100.00 -100.00 -100.00
 224   166.259 56876.53320730 42.93 113.663027  60.000132 26.424 -100.00 -100.00 -100.00
 224   166.607 56876.53320789 44.20 113.667200  59.998536 26.963 -100.00 -100.00 -100.00
 224   166.577 56876.53320848 42.73 113.671372  59.996941 30.583 -100.00 -100.00 -100.00
 225   167.709 56886.44885598 31.14 113.660712  59.999559 17.823 -100.00 -100.00 -100.00
 225   167.465 56886.44885657 31.71 113.664884  59.997964 22.297 -100.00 -100.00 -100.00
 225   167.789 56886.44885716 30.66 113.669056  59.996368 19.148 -100.00 -100.00 -100.00
 226   167.720 56896.36450221 37.47 113.660136  59.998010 17.410 -100.00 -100.00 -100.00
 226   168.571 56896.36450280 41.20 113.664308  59.996415 15.656 -100.00 -100.00 -100.00
 226   168.129 56896.36450339 50.57 113.668480  59.994819   -100 -100.00 -100.00 -100.00
 227   166.993 56906.28014528 35.19 113.659118  59.998311 17.654 -100.00 -100.00 -100.00
 227   167.278 56906.28014587 38.93 113.663291  59.996716 19.724 -100.00 -100.00 -100.00
 227   166.143 56906.28014646 51.38 113.667463  59.995120   -100 -100.00 -100.00 -100.00
 228   169.584 56916.19578685 41.22 113.664177  59.998286 18.516 -100.00 -100.00 -100.00
 228   169.272 56916.19578744 47.48 113.668349  59.996691 28.741 -100.00 -100.00 -100.00
 228   168.899 56916.19578803 48.55 113.672521  59.995095   -100 -100.00 -100.00 -100.00
 230   164.896 56936.02706168 37.30 113.666158  60.002900 22.008 -100.00 -100.00 -100.00
 230   165.244 56936.02706228 38.20 113.670331  60.001305 18.269 -100.00 -100.00 -100.00
 230   165.436 56936.02706287 40.98 113.674503  59.999709 24.969 -100.00 -100.00 -100.00
 231   168.808 56945.94269239 14.20 113.667208  60.003498  4.276 -100.00 -100.00 -100.00
 231   166.857 56945.94269298 14.31 113.671381  60.001903  4.523 -100.00 -100.00 -100.00
 231   170.028 56945.94269357 14.94 113.675554  60.000307  4.902 -100.00 -100.00 -100.00
 232   163.893 56955.85834526 40.13 113.667911  60.000178 19.829 -100.00 -100.00 -100.00
 232   163.208 56955.85834585 45.25 113.672083  59.998582   -100 -100.00 -100.00 -100.00
 233   163.033 56965.77399390 36.29 113.662068  60.000203 28.829 -100.00 -100.00 -100.00
 233   163.353 56965.77399450 39.01 113.666240  59.998608 30.954 -100.00 -100.00 -100.00
 233   163.760 56965.77399509 41.23 113.670412  59.997012 23.429 -100.00 -100.00 -100.00
 234   163.841 56975.68963866 31.67 113.662584  60.000295 26.366 -100.00 -100.00 -100.00
 234   163.959 56975.68963925 33.80 113.666756  59.998700 31.797 -100.00 -100.00 -100.00
 234   164.333 56975.68963984 36.39 113.670928  59.997104 23.634 -100.00 -100.00 -100.00
 235   164.599 56985.60527909 25.32 113.665797  60.000751   -100 -100.00 -100.00 -100.00
 235   164.555 56985.60527968 25.73 113.669969  59.999156   -100 -100.00 -100.00 -100.00
 235   164.414 56985.60528027 23.41 113.674141  59.997560   -100 -100.00 -100.00 -100.00
 238   164.795 57015.35221074 15.09 113.662107  59.997857 23.418 -100.00 -100.00 -100.00
 238   167.640 57015.35221133 13.84 113.666280  59.996262 17.487 -100.00 -100.00 -100.00
 238   164.487 57015.35221192 15.77 113.670452  59.994666 27.715 -100.00 -100.00 -100.00
 239   164.636 57025.26786141 15.93 113.660400  59.997125 27.086 -100.00 -100.00 -100.00
 239   164.343 57025.26786200 16.86 113.664573  59.995530 32.398 -100.00 -100.00 -100.00
 239   164.809 57025.26786260 15.46 113.668745  59.993934 21.778 -100.00 -100.00 -100.00
 240   164.542 57035.18351026 17.14 113.663499  59.997749 26.798 -100.00 -100.00 -100.00
 240   164.736 57035.18351085 16.82 113.667671  59.996154 24.804 -100.00 -100.00 -100.00
 240   164.265 57035.18351144 19.07 113.671843  59.994558   -100 -100.00 -100.00 -100.00
 241   164.420 57045.09915614 19.30 113.663886  60.000135   -100 -100.00 -100.00 -100.00
 241   164.200 57045.09915673 20.92 113.668058  59.998540   -100 -100.00 -100.00 -100.00
 241   164.027 57045.09915732 22.32 113.672230  59.996944   -100 -100.00 -100.00 -100.00
 249   166.809 57124.42430940 13.55 113.666802  60.000829 11.018 -100.00 -100.00 -100.00
 249   163.923 57124.42430999 14.12 113.670974  59.999233 11.822 -100.00 -100.00 -100.00
 249   163.896 57124.42431059 13.62 113.675146  59.997637 11.695 -100.00 -100.00 -100.00
