# NaN NaN NaN ;Mean Elev.(m), Avg Gradient(m/km), RMS Gradient(m/km) - SRTM1     
#   54.642  -8.836  17.479 ;Mean Elev.(m), Avg Gradient(m/km), RMS Gradient(m/km) - ASTER GDEM
#   65.344  -7.990  16.302 ;Mean Elev.(m), Avg Gradient(m/km), RMS Gradient(m/km) - GMTED2010 
   3 129.824692  62.608932    -9.756   -12.620  7 54684.93476524  3.642
   4 129.823717  62.609257   155.583   159.331  7 54694.85040692 19.530
   5 129.818031  62.605971    -7.739    -9.643  5 54704.76604526  7.544
   6 129.814553  62.602750   153.569   153.495  4 54714.68169589  7.196
   7 129.814257  62.600818     1.955     1.960  4 54724.59734597  6.330
   9 129.818851  62.604986   155.004   155.004  2 54744.42864219  4.179
  10 129.830541  62.609934   150.300   147.799  4 54754.34429053  8.085
  11 129.818059  62.606101   148.553   148.650  5 54764.25993485 15.400
  12 129.810853  62.601463   151.254   151.417  3 54774.17557683 15.166
  13 129.806714  62.598119   156.878   156.878  2 54784.09121658  0.929
  17 129.817637  62.604371    82.569    83.046  3 54823.75377550 21.677
  18 129.812862  62.602813    83.413    83.471  4 54833.66941488 19.201
  19 129.818829  62.605057    81.877    82.326  5 54843.58506561 20.467
  20 129.820124  62.607331    81.180    82.048  5 54853.50071495 19.976
  21 129.843544  62.615836    80.737    80.603 12 54863.41636677 19.982
  22 129.847290  62.617757    80.809    80.699 12 54873.33201596 19.521
  23 129.838758  62.614095    80.856    80.667 12 54883.24766116 18.655
  24 129.816445  62.605171    82.041    82.473  5 54893.16330115 18.305
  25 129.813405  62.601994    82.254    82.371  4 54903.07894073 18.456
  26 129.814700  62.602331    81.456    80.791  4 54912.99457971 18.198
  27 129.817485  62.604658    82.294    82.416  5 54922.91021816 16.036
  28 129.818160  62.605726    82.827    83.466  6 54932.82585548 16.240
  29 129.815980  62.603609    80.164    79.005  4 54942.74149039 22.983
  30 129.812382  62.599428   150.137   149.612  4 54952.65712310  2.471
  31 129.813970  62.597973   145.132   152.693  4 54962.57276624  9.894
  32 129.814583  62.599186   151.164   151.001  4 54972.48841502 22.461
  33 129.813850  62.601487   145.511   152.421  4 54982.40406286  7.099
  34 129.813062  62.603599    85.710    85.698  4 54992.31971041 33.720
  35 129.817808  62.605684   146.360   149.739  6 55002.23535773 10.679
  36 129.816160  62.605194   155.958   164.653  5 55012.15100231 23.671
  38 129.839726  62.611749    83.014    83.009  3 55031.98229087 34.018
  39 129.822834  62.608548    83.658    84.476  7 55041.89793063 34.873
  40 129.821391  62.608162    81.577    81.821  7 55051.81357056 45.840
  41 129.849863  62.613572    82.636    82.636  2 55061.72921165 32.091
  43 129.813671  62.600183   150.596   151.019  4 55081.56049845 19.286
  44 129.818470  62.602066    83.632    83.624  3 55091.47614617 31.306
  45 129.817818  62.603971    82.450    82.450  2 55101.39179290 35.173
  47 129.848852  62.613354    81.383    81.383  2 55121.22308707 47.573
  48 129.814636  62.602193    80.085    80.085  4 55131.13872408 43.462
  49 129.818632  62.601216    79.712    79.723  3 55141.05436364 38.129
  50 129.815536  62.600587    79.525    79.531  4 55150.97000176 36.410
  51 129.815095  62.602132    79.529    79.521  3 55160.88564034 34.131
  52 129.818726  62.604502    79.713    79.713  2 55170.80127896 34.717
  53 129.814714  62.603546    80.285    80.327  4 55180.71691508 31.176
  54 129.816074  62.604033    80.356    80.331  4 55190.63256355 31.536
  55 129.830717  62.608845    80.062    80.102  4 55200.54821569 29.820
  56 129.817469  62.606716    79.843    79.899  5 55210.46386392 28.969
  57 129.838858  62.613322    79.415    79.454 10 55220.37951580 26.679
  58 129.832298  62.611280    79.265    79.340  8 55230.29516322 24.689
  59 129.818139  62.606117    79.176    79.248  5 55240.21080640 23.585
  60 129.813737  62.603085    79.501    79.429  4 55250.12644708 22.201
  61 129.815893  62.602626    79.310    79.288  4 55260.04208626 22.060
  62 129.814198  62.602252    79.492    79.417  3 55269.95772425 20.873
  63 129.814360  62.602855    79.399    79.367  4 55279.87336237 21.226
  64 129.815758  62.603065    79.191    79.138  4 55289.78899930 20.888
  65 129.813765  62.601235    79.236    79.225  4 55299.70463332 20.238
  67 129.814580  62.599889   156.559   156.756  3 55319.53592374  1.927
  68 129.813861  62.600603   148.854   148.281  4 55329.45156856 10.403
  69 129.813546  62.602360   150.882   146.565  4 55339.36721325 19.775
  70 129.815769  62.604324   150.931   140.830  5 55349.28285789 13.942
  71 129.816538  62.605032   149.425   147.611  5 55359.19850028 13.821
  73 129.850179  62.613875   133.926   133.926  2 55379.02978291  5.933
  74 129.832607  62.609470    84.518    84.535  4 55388.94541861 38.890
  77 129.813698  62.601596   149.027   148.929  3 55418.69234915 15.855
  78 129.812915  62.600479   148.229   149.003  4 55428.60799622 12.705
  79 129.813524  62.601100    83.103    83.117  4 55438.52364104 42.649
  82 129.813382  62.602589    83.730    84.508  4 55468.27057007 27.005
  83 129.813204  62.601016    84.523    84.903  4 55478.18620902 24.643
  84 129.812762  62.599496    80.121    80.128  4 55488.10184488 46.831
  85 129.814126  62.599303    79.481    79.418  5 55498.01747872 41.030
  86 129.813848  62.600414    80.088    80.015  4 55507.93311687 34.853
  87 129.816084  62.602989    80.142    80.184  4 55517.84876758 31.771
  88 129.815068  62.603980    82.340    83.031  3 55527.76441691 27.075
  89 129.837284  62.610261    80.540    80.500  3 55537.68006698 23.065
  91 129.819197  62.607017    81.229    81.376  5 55557.51135355 20.401
  92 129.832323  62.611349    80.721    80.573  8 55567.42699780 21.083
  93 129.820404  62.607609    81.053    81.216  6 55577.34263819 20.041
  94 129.817388  62.604438    80.571    80.362  5 55587.25827740 20.709
  95 129.811566  62.599853    83.176    83.413  4 55597.17391308 17.444
  96 129.812716  62.598542    83.113    83.558  4 55607.08954685 17.695
  97 129.813881  62.598911    82.735    82.850  4 55617.00517868 17.501
  98 129.814905  62.601145    83.125    83.347  4 55626.92082293 16.214
  99 129.815507  62.602393    82.611    82.707  4 55636.83647466 16.870
 100 129.812898  62.601202    83.270    83.422  4 55646.75212380 16.116
 101 129.815252  62.600444    82.912    82.854  4 55656.66777064 14.794
 102 129.813382  62.599437    83.478    83.848  4 55666.58341274 13.548
 104 129.819221  62.603570   149.399   149.399  2 55686.41469105  5.318
 105 129.814292  62.603224   154.619   155.892  3 55696.33032720 12.495
 106 129.815366  62.602919   161.557   162.109  4 55706.24596265 22.157
 107 129.815239  62.602776    85.425    85.558  4 55716.16161223 29.452
 108 129.814227  62.603212   149.467   149.352  3 55726.07726096  4.431
 109 129.818135  62.605748    84.764    85.503  5 55735.99290849 29.730
 110 129.820217  62.607670    83.441    84.824  5 55745.90855450 32.453
 111 129.818161  62.606796    80.961    81.329  6 55755.82419796 51.389
 112 129.812665  62.602773    80.128    80.131  4 55765.73983834 41.597
 113 129.815714  62.600390    83.526    83.483  4 55775.65547679 28.101
 114 129.813706  62.598247    84.530    84.479  4 55785.57111190 44.339
 115 129.813855  62.599230    82.762    82.646  4 55795.48674558 31.073
 116 129.816236  62.601803    83.768    83.689  4 55805.40238552 29.912
 117 129.812904  62.602137    83.857    83.912  4 55815.31803463 28.974
 119 129.815551  62.599418    82.294    82.334  4 55835.14932361 36.422
 121 129.814924  62.599515    80.988    81.052  4 55854.98059788 37.851
 122 129.814231  62.601776    80.400    80.442  4 55864.89623782 41.877
 123 129.830892  62.608638    80.735    80.699  4 55874.81189315 29.511
 133 129.811796  62.599762    82.067    82.004  4 55973.96832519 18.498
 134 129.812542  62.601889    82.144    81.756  4 55983.88396156 18.457
 135 129.814332  62.602312    82.013    81.868  4 55993.79959564 17.861
 136 129.811604  62.600647    84.253    84.313  4 56003.71524550 13.379
 137 129.813955  62.599455    84.116    83.820  5 56013.63089445 13.408
 139 129.814638  62.601609    84.313    84.782  4 56033.46218368 13.273
 141 129.818326  62.606542   141.843   148.564  5 56053.29346438 10.282
 142 129.818866  62.605660   149.790   148.811  5 56063.20909968 18.724
 143 129.812592  62.602437   154.429   154.444  4 56073.12474042 23.835
 144 129.813617  62.602923   143.289   147.548  4 56083.04039062 10.122
 145 129.816042  62.604575   153.469   151.593  5 56092.95603859 24.716
 146 129.838642  62.611543    84.386    84.400  3 56102.87168670 41.191
 147 129.816312  62.605217    84.875    85.222  5 56112.78731485 37.861
 148 129.812312  62.602020    84.719    84.835  4 56122.70295291 31.174
 149 129.815936  62.599881    84.846    84.776  4 56132.61858794 52.924
 150 129.815901  62.598551    85.728    85.765  4 56142.53422497 37.731
 151 129.815372  62.600321    82.684    82.711  4 56152.44987592 50.207
 152 129.814614  62.602661    84.153    84.460  4 56162.36552537 32.299
 153 129.817528  62.604574    83.877    85.041  5 56172.28117318 33.000
 154 129.812971  62.602269    84.819    85.193  4 56182.19681512 27.724
 155 129.814056  62.600585    82.053    81.307  4 56192.11245383 32.789
 156 129.813474  62.599451    84.496    85.047  4 56202.02808971 27.140
 157 129.814644  62.600642    82.686    82.510  4 56211.94372397 33.104
 158 129.814473  62.602162    80.449    80.306  4 56221.85935618 47.070
 159 129.816201  62.605102    80.564    80.561  5 56231.77501058 33.353
 160 129.818599  62.606279    82.238    83.307  6 56241.69066346 27.083
 161 129.816527  62.605216    82.157    83.542  5 56251.60631150 24.776
 162 129.816411  62.604431    82.503    83.536  5 56261.52195512 22.973
 163 129.818012  62.604841    82.905    83.261  5 56271.43759689 21.346
 164 129.812699  62.603567    83.459    83.404  4 56281.35323716 23.060
 165 129.816231  62.604891    82.147    83.098  5 56291.26888996 23.702
 166 129.815402  62.603572    82.697    83.134  4 56301.18453760 19.633
 167 129.816160  62.602106    82.718    82.673  4 56311.10018117 19.549
 168 129.813701  62.600757    82.977    82.807  4 56321.01582216 17.837
 169 129.813874  62.601679    82.830    82.733  4 56330.93146293 17.264
 170 129.813954  62.602759    82.826    82.785  3 56340.84710311 18.098
 171 129.813382  62.602510    83.423    83.501  4 56350.76274084 16.752
 172 129.815798  62.601725    83.239    83.169  4 56360.67837917 16.840
 173 129.813650  62.600839    82.515    82.463  4 56370.59402856 18.271
 175 129.815682  62.604305    82.607    82.676  5 56390.42532115 18.208
 176 129.817467  62.606366    82.339    79.632  5 56400.34096480 26.586
 177 129.858131  62.617344    80.674    80.899  3 56410.25661030 39.926
 178 129.816808  62.605478    82.272    84.310  5 56420.17224110 35.660
 179 129.816030  62.604030    86.476    86.464  4 56430.08787740 53.217
 180 129.817037  62.605175   146.797   144.918  5 56440.00353080 23.223
 181 129.817989  62.606097   159.938   161.504  6 56449.91918167 25.647
 182 129.849153  62.614072    83.780    83.780  2 56459.83483379 56.575
 183 129.818777  62.605007    83.563    85.113  5 56469.75047516 42.344
 184 129.814226  62.602514    85.022    85.419  4 56479.66611576 26.266
 185 129.813897  62.601307    83.590    83.567  3 56489.58175296 46.397
 187 129.814866  62.600944    84.305    84.221  4 56509.41302164 36.641
 188 129.814583  62.601093    84.377    84.386  4 56519.32866302 32.235
 189 129.813911  62.601632    83.957    83.891  4 56529.24431691 37.856
 190 129.812084  62.601273    84.622    84.954  4 56539.15996649 28.939
 191 129.816772  62.602680    80.976    80.947  3 56549.07561261 46.288
 192 129.813820  62.603074    84.688    85.073  4 56558.99125543 26.401
 193 129.818051  62.605576    83.654    84.731  6 56568.90689816 29.555
 194 129.818177  62.606616    82.427    83.420  6 56578.82253903 35.980
 195 129.831029  62.609218    79.598    79.579  4 56588.73817745 43.642
 196 129.816224  62.604480    80.490    80.457  5 56598.65381917 32.947
 197 129.817348  62.604900    81.767    82.433  5 56608.56947034 24.217
 198 129.831302  62.609221    81.467    81.509  4 56618.48511825 22.557
 199 129.818615  62.606234    80.621    80.377  5 56628.40075972 22.089
 200 129.830901  62.608449    80.903    81.115  4 56638.31640112 21.730
 201 129.814347  62.602150    81.454    81.284  4 56648.23204253 21.438
 202 129.814451  62.601220    81.777    81.158  4 56658.14769419 22.221
 203 129.812122  62.600716    82.668    82.610  4 56668.06334143 20.511
 205 129.815728  62.604459    81.245    81.418  5 56687.89463063 19.872
 206 129.816546  62.604410    81.623    81.991  5 56697.81027198 19.061
 207 129.816008  62.602441    82.424    82.255  4 56707.72590840 18.569
 208 129.814022  62.600438    81.943    82.832  4 56717.64154456 20.006
 209 129.814564  62.602167    82.172    81.774  4 56727.55719753 18.536
 211 129.831298  62.611516    81.186    81.247  8 56747.38849422 18.127
 212 129.846750  62.615489    82.007    83.399  7 56757.30413695 17.278
 214 129.816360  62.604167   153.670   154.083  5 56777.13541181  3.948
 215 129.816592  62.605274   151.581   151.597  5 56787.05106820 25.620
 216 129.879378  62.623382    83.258    83.258  2 56796.96672846 49.473
 217 129.841090  62.614448    82.669    82.452  9 56806.88237156 38.743
 219 129.816104  62.603793    83.703    83.252  4 56826.71364721 35.882
 220 129.814829  62.600717    83.255    83.188  4 56836.62928119 52.172
 222 129.812837  62.601461    83.825    83.812  4 56856.46056209 28.531
 223 129.815850  62.604618    81.929    82.043  5 56866.37621621 38.514
 224 129.817188  62.605505    83.617    84.789  5 56876.29186872 33.136
 225 129.830121  62.608256    81.432    81.493  4 56886.20751937 43.267
 226 129.813497  62.603070    84.696    84.692  4 56896.12316366 26.526
 227 129.817622  62.604952    83.655    84.668  5 56906.03880757 31.971
 228 129.821831  62.608225    82.107    81.800  7 56915.95444939 45.503
 229 129.842355  62.615281    83.401    83.382 11 56925.87009119 37.864
 230 129.838822  62.613976    82.078    81.690 10 56935.78572666 37.556
 231 129.813789  62.604597   145.145   145.577  4 56945.70135403 15.354
 232 129.817901  62.604160    79.534    79.513  3 56955.61700605 39.042
 233 129.817827  62.604056    79.267    79.267  2 56965.53265531 38.957
 234 129.831218  62.608960    79.519    79.518  4 56975.44830197 31.333
 235 129.819028  62.606880    79.711    79.702  5 56985.36394111 30.989
 236 129.817285  62.604989    79.818    79.796  5 56995.27957586 28.196
 237 129.813786  62.601165    80.687    80.596  4 57005.19521674 26.876
 238 129.812075  62.599296    80.461    80.398  4 57015.11087170 25.912
 239 129.814465  62.600537    79.833    79.735  4 57025.02652285 25.724
 240 129.813944  62.603126    80.406    80.326  4 57034.94217157 25.044
 241 129.818755  62.606465    79.195    79.259  6 57044.85781829 24.304
 242 129.818078  62.606179    80.093    80.785  6 57054.77346115 21.361
 243 129.814218  62.602924    81.045    80.892  3 57064.68909854 20.975
 244 129.813915  62.601073    81.520    81.489  3 57074.60473167 20.250
 245 129.815573  62.601261    81.572    81.365  4 57084.52036190 20.322
 246 129.815140  62.604513    80.579    80.896  5 57094.43601515 20.150
 247 129.839402  62.613972    78.462    78.511 10 57104.35167508 21.926
 248 129.841056  62.615057    82.569    82.258 10 57114.26732788 14.292
 249 129.821266  62.608051    83.114    83.213  7 57124.18297168 14.169
 250 129.830235  62.608246    84.648    84.528  4 57134.09861351 14.093
