# NaN NaN NaN ;Mean Elev.(m), Avg Gradient(m/km), RMS Gradient(m/km) - SRTM1     
#   33.146  -1.276   3.735 ;Mean Elev.(m), Avg Gradient(m/km), RMS Gradient(m/km) - ASTER GDEM
#   25.000  -2.244   8.615 ;Mean Elev.(m), Avg Gradient(m/km), RMS Gradient(m/km) - GMTED2010 
   1 125.504260  64.629313    53.893    53.845  8 54660.18577498 29.170
   2 125.505785  64.629611    53.841    53.904  9 54670.10142095 27.816
   3 125.505710  64.630674    -7.789    -7.354  8 54680.01706503  5.697
   4 125.504199  64.631389   124.596   125.400  9 54689.93270778  3.711
   5 125.508032  64.631880    -7.121    -6.982  8 54699.84834879 14.985
   6 125.507904  64.630531    53.712    53.721  8 54709.76399357 39.842
   7 125.504794  64.628740     7.237     8.413  9 54719.67964449 15.801
   8 125.502220  64.627275    54.470    54.417  9 54729.59529290 29.239
   9 125.501594  64.627330    53.563    53.518  7 54739.51094007 55.987
  10 125.504310  64.628555    53.399    53.416  8 54749.42658764 25.417
  11 125.501059  64.628787    99.722    99.804  7 54759.34223438 20.462
  12 125.505174  64.629209    99.500    99.851  8 54769.25787949 14.907
  13 125.504672  64.627959    51.811    51.796  8 54779.17352068 35.894
  14 125.503917  64.626534    52.428    52.426  8 54789.08915930 24.278
  15 125.502903  64.626151    52.286    52.282  8 54799.00479689 23.662
  17 125.501621  64.627754    52.600    52.596 10 54818.83607192 18.882
  18 125.503757  64.629117    52.699    52.654  8 54828.75172418 18.523
  19 125.508459  64.630511    52.619    52.636  8 54838.66736353 18.220
  20 125.504649  64.630925    52.478    52.488  9 54848.58301237 17.755
  21 125.504520  64.632061    52.417    52.456  9 54858.49866113 17.429
  22 125.506671  64.633269    52.396    52.415  9 54868.41431024 16.554
  23 125.506168  64.632653    52.345    52.361  8 54878.32995816 16.388
  24 125.507174  64.631002    52.358    52.321  7 54888.24560305 15.589
  25 125.505333  64.628856    52.196    52.150  9 54898.16124433 16.190
  26 125.505187  64.628315    52.541    52.523  8 54908.07688329 14.615
  27 125.505668  64.628930    52.689    52.618  9 54917.99252111 13.963
  28 125.506055  64.629369    52.949    52.812  9 54927.90815874 12.223
  29 125.505052  64.628434    52.607    52.461  8 54937.82379546 13.219
  30 125.503613  64.626697    52.225    52.345  8 54947.73943033 34.499
  31 125.505346  64.625532    52.956    52.776  8 54957.65506545 33.933
  32 125.504255  64.625733    54.821    54.805  9 54967.57071386 34.221
  33 125.491579  64.625005    55.577    55.567  7 54977.48636018 56.423
  34 125.504160  64.628281    55.515    55.488  8 54987.40200914 53.318
  35 125.505701  64.629179    55.723    55.705  8 54997.31765709 49.540
  36 125.503400  64.629180    54.729    54.645  8 55007.23330288 50.749
  37 125.508393  64.630466    54.485    54.420  8 55017.14894732 28.121
  38 125.509270  64.631597    54.165    54.336  8 55027.06458992 27.491
  39 125.505132  64.632182    53.809    53.549  9 55036.98023154 30.924
  40 125.505354  64.632261    53.830    53.822  9 55046.89587252 26.284
  41 125.506652  64.630679    53.844    53.960  7 55056.81151158 26.225
  42 125.504837  64.627608    53.598    53.773  8 55066.72714789 25.876
  43 125.504182  64.626370    53.278    53.307  9 55076.64279787 45.484
  44 125.505174  64.627173    53.667    53.857  9 55086.55844583 24.403
  45 125.501614  64.628228    53.564    53.522 10 55096.47409178 43.079
  46 125.503683  64.629450    53.625    53.499  9 55106.38973795 31.634
  47 125.506247  64.629212    53.025    53.027  8 55116.30538365 45.799
  48 125.501088  64.626758    52.695    52.676 10 55126.22102615 51.519
  49 125.505984  64.626384    99.048    98.853  8 55136.13666724 19.386
  50 125.504598  64.626337    50.568    50.586  8 55146.05230570 43.262
  51 125.504832  64.627798    51.274    51.360  9 55155.96794364 33.935
  52 125.503417  64.628660    51.224    51.287  8 55165.88358151 32.124
  53 125.504609  64.629120    51.566    51.540  8 55175.79921932 29.766
  54 125.504057  64.628411    51.621    51.646  8 55185.71486063 28.288
  55 125.503665  64.628880    51.743    51.729  8 55195.63051167 26.032
  56 125.505083  64.630670    51.632    51.613  8 55205.54616174 25.831
  57 125.506614  64.632746    51.565    51.559  8 55215.46181124 26.433
  58 125.504619  64.632932    51.403    51.372  9 55225.37745975 26.103
  59 125.506704  64.631534    51.408    51.397  7 55235.29310643 25.327
  60 125.503241  64.628014    51.215    51.280  9 55245.20874912 23.110
  61 125.503471  64.626141    51.144    51.254  8 55255.12438941 24.480
  62 125.501461  64.626508    51.226    51.266 10 55265.04002805 22.801
  63 125.504666  64.629079    51.195    51.250  8 55274.95566642 22.899
  64 125.504187  64.629764    51.296    51.290  8 55284.87130359 21.580
  65 125.504496  64.628103    51.168    51.233  8 55294.78693892 21.091
  66 125.505654  64.625668    52.309    52.356  7 55304.70257716 21.052
  67 125.506331  64.624837    52.737    53.206  8 55314.61822440 25.383
  68 125.504541  64.625879    51.568    51.528  8 55324.53386979 41.773
  69 125.505112  64.628361    52.484    52.473  8 55334.44951426 43.888
  70 125.508481  64.630596    56.568    56.546  8 55344.36515871 45.172
  71 125.506235  64.630244    54.418    54.252  8 55354.28080179 45.982
  72 125.504564  64.629352    54.517    54.475  9 55364.19644279 26.413
  73 125.505626  64.629287    54.241    54.158  8 55374.11208238 29.313
  74 125.508864  64.630556    53.631    53.629  8 55384.02772104 42.024
  75 125.505757  64.630935    54.227    54.217  8 55393.94335820 26.981
  76 125.509298  64.631362    53.839    53.825  8 55403.85899598 28.611
  77 125.503949  64.629241    53.234    53.043  9 55413.77464703 27.251
  78 125.502930  64.626787    53.637    53.650  9 55423.69029551 32.528
  79 125.505729  64.625607    53.578    53.768  7 55433.60594185 23.274
  80 125.504214  64.626241    53.445    53.398  8 55443.52158631 30.809
  81 125.504817  64.628380    53.463    53.583  9 55453.43722975 29.605
  82 125.503557  64.629698    52.771    52.748  9 55463.35287217 38.282
  83 125.503875  64.628718    53.089    53.160  8 55473.26851239 22.485
  84 125.503421  64.626171    99.465    99.475  9 55483.18414956 24.206
  85 125.504853  64.624409    51.499    51.481  8 55493.09978480 42.690
  86 125.505799  64.625049    51.969    52.016  8 55503.01541870 32.901
  87 125.502108  64.627222    51.731    51.749  9 55512.93106527 26.143
  88 125.506326  64.630328    52.024    52.002  8 55522.84671541 19.921
  89 125.507800  64.631280    52.108    52.132  7 55532.76236363 19.152
  90 125.504116  64.629994    52.034    52.070  8 55542.67800954 18.265
  91 125.505696  64.629763    51.927    51.940  9 55552.59365400 16.592
  92 125.505395  64.630477    52.011    52.099  8 55562.50929713 16.020
  93 125.508003  64.631903    52.294    52.239  8 55572.42493991 14.645
  94 125.503782  64.631055    52.359    52.285  9 55582.34058069 14.359
  95 125.505148  64.629185    52.322    52.275  9 55592.25621859 14.102
  96 125.504039  64.626118    52.072    51.949  8 55602.17185286 13.333
  97 125.505311  64.624522    52.209    52.146  8 55612.08748530 12.967
  98 125.505382  64.624936    52.231    52.181  8 55622.00311937 12.571
  99 125.503414  64.627143    52.402    52.256  8 55631.91877218 11.800
 100 125.501139  64.628106    52.240    52.209 10 55641.83442267 11.728
 101 125.504868  64.628107    52.684    52.652  9 55651.75007085 11.624
 102 125.503622  64.625992    52.129    52.126  8 55661.66571448 11.686
 103 125.503892  64.625186    51.646    51.431  9 55671.58135521 32.507
 104 125.503458  64.625985    53.502    53.358  8 55681.49699447 30.635
 105 125.505123  64.628175    52.969    52.693  9 55691.41263235 33.891
 106 125.505610  64.629591    56.634    56.644  9 55701.32826845 37.902
 107 125.504348  64.629701    54.243    54.149  9 55711.24390957 31.677
 108 125.508431  64.630229    54.542    54.568  8 55721.15955982 26.810
 109 125.507851  64.630224    54.336    54.342  8 55731.07520749 49.056
 110 125.504857  64.630091    53.835    53.802  9 55740.99085362 32.155
 111 125.504856  64.630432    53.609    53.609  9 55750.90649879 31.720
 112 125.503654  64.629731    52.978    52.920  8 55760.82214141 32.035
 113 125.501135  64.627988    53.252    53.484 10 55770.73778098 27.891
 114 125.503876  64.626418    53.487    53.531  9 55780.65341763 27.839
 115 125.505641  64.625440    53.695    53.828  8 55790.56905167 31.665
 116 125.506694  64.625566    53.490    53.555  8 55800.48468461 23.477
 117 125.503519  64.626678    53.158    53.108  8 55810.40033304 27.707
 118 125.501260  64.627440    53.532    53.547 10 55820.31598181 27.403
 119 125.504707  64.627550    53.296    53.176  8 55830.23162640 22.793
 120 125.507631  64.626497    53.221    52.969  8 55840.14726631 26.313
 121 125.503673  64.624958    52.134    52.071  8 55850.06290247 46.977
 122 125.507911  64.626384    51.868    51.951  8 55859.97853755 44.740
 123 125.503362  64.628090    51.767    51.740  8 55869.89418774 39.466
 133 125.504433  64.626649    51.682    51.648  9 55969.05062945 14.893
 134 125.504135  64.627294    51.917    51.787  8 55978.96626591 14.599
 135 125.505297  64.627496    52.232    52.132  9 55988.88190175 13.319
 136 125.503030  64.626681    52.323    52.501  9 55998.79754309 13.141
 137 125.504193  64.626475    52.023    52.054  8 56008.71319411 13.135
 138 125.507494  64.626834    52.050    51.885  8 56018.62884119 13.325
 139 125.503047  64.626961    52.301    52.195  9 56028.54448467 12.391
 141 125.504445  64.629548    53.207    53.235  8 56048.37576742  9.287
 142 125.503914  64.629822    52.607    52.595  8 56058.29140491 48.158
 143 125.504162  64.629148    57.576    57.591  9 56068.20703800 52.227
 144 125.505995  64.629857    55.662    55.670  8 56078.12268923 54.575
 145 125.506677  64.630646    54.728    54.757  7 56088.03833797 28.311
 146 125.509118  64.631523    54.613    54.757  8 56097.95398436 27.670
 147 125.505278  64.630255    54.319    54.415  8 56107.86962776 28.263
 148 125.503518  64.628139    54.359    54.322  8 56117.78525690 25.659
 149 125.505680  64.626467    53.786    53.900  9 56127.70089432 32.373
 150 125.504312  64.625183    53.899    53.837  9 56137.61652781 54.025
 151 125.504414  64.626393    54.166    54.146  9 56147.53217384 29.864
 152 125.502868  64.627808    53.513    53.518  9 56157.44782309 31.246
 153 125.503522  64.628570    53.912    53.905  8 56167.36347154 50.923
 154 125.501068  64.627346    53.900    53.855 10 56177.27911697 29.150
 155 125.505307  64.626738    53.130    53.123  8 56187.19475832 47.234
 156 125.503068  64.625873    53.573    53.605  8 56197.11039540 31.573
 157 125.504594  64.627095    53.363    53.275  8 56207.02602996 23.105
 158 125.524613  64.631791    52.623    52.623  2 56216.94166488 50.372
 159 125.506176  64.630150    52.294    52.299  8 56226.85730519 49.344
 160 125.504692  64.630106    51.402    51.428  9 56236.77295982 42.544
 161 125.508274  64.630189    51.904    51.909  8 56246.68861107 34.115
 162 125.503964  64.629399    52.256    52.261  9 56256.60425649 31.770
 163 125.507870  64.630842   111.005   115.927  8 56266.51989923  4.791
 164 125.508982  64.631654    52.199    52.192  8 56276.43554002 28.664
 165 125.504883  64.630543    52.220    52.247  9 56286.35118656 25.680
 166 125.505867  64.628666    52.078    52.077  9 56296.26683652 25.252
 167 125.503666  64.626200    51.828    51.813  9 56306.18248210 24.606
 168 125.504069  64.625910    51.682    51.686  8 56316.09812484 23.052
 169 125.501911  64.627317    51.474    51.451  9 56326.01376567 22.047
 170 125.503980  64.629305    51.321    51.308  9 56335.92940598 21.493
 171 125.504377  64.629208    51.339    51.381  9 56345.84504470 20.611
 172 125.501552  64.626835    51.259    51.271 10 56355.76068057 19.934
 173 125.503596  64.625820    51.240    51.284  8 56365.67632706 20.058
 174 125.504131  64.626399    51.483    51.442  8 56375.59197586 19.005
 176 125.504698  64.631176    51.547    51.583  9 56395.42326581 18.315
 177 125.504178  64.631888    52.858    53.039  9 56405.33890750 32.550
 178 125.508385  64.631715    52.047    52.247  7 56415.25454634 40.172
 179 125.505912  64.629320    52.453    52.448  8 56425.17017957 44.211
 180 125.503928  64.628736    56.287    56.272  9 56435.08582713 37.223
 181 125.506282  64.630231    55.237    55.241  8 56445.00147940 55.629
 182 125.506828  64.631760    54.618    54.815  7 56454.91712905 25.747
 183 125.509093  64.631865    54.454    54.382  8 56464.83277579 29.308
 184 125.505124  64.629132    53.860    53.743  9 56474.74841814 35.089
 185 125.505097  64.626415    53.419    53.397  9 56484.66405743 43.033
 187 125.503100  64.626369    54.979    54.926  9 56504.49532819 30.524
 188 125.500768  64.627657    55.159    55.191 10 56514.41096103 38.999
 189 125.503532  64.629050    54.084    54.022  8 56524.32661321 28.276
 190 125.504205  64.628134    54.004    54.128  8 56534.24226467 27.853
 192 125.503316  64.626644    53.141    53.118  9 56554.07355677 45.545
 193 125.504470  64.628932    53.591    53.561  8 56563.98919980 23.701
 194 125.492978  64.629605   125.673   125.736  4 56573.90484023  0.752
 195 125.506521  64.632566    51.987    51.965  9 56583.82048058 42.114
 196 125.508406  64.631287    51.595    51.574  8 56593.73611493 37.105
 197 125.504313  64.629482    51.555    51.570  9 56603.65176755 27.278
 198 125.505961  64.629178    52.076    52.097  9 56613.56741640 23.344
 199 125.504066  64.629594    52.020    52.027  8 56623.48306095 22.328
 200 125.506981  64.630765    52.077    52.040  7 56633.39870316 21.899
 201 125.505722  64.630067    52.161    52.147  8 56643.31434021 20.862
 202 125.504094  64.628350    52.161    52.154  8 56653.22999131 19.400
 203 125.503108  64.626471    52.048    52.135  9 56663.14564031 19.937
 204 125.503579  64.625999    52.004    52.045  9 56673.06128672 19.875
 205 125.505319  64.627910    52.031    52.010  9 56682.97693197 18.443
 206 125.503732  64.629374    51.978    51.975  8 56692.89257475 19.218
 207 125.503856  64.629795    51.963    51.914  8 56702.80821345 16.481
 208 125.505755  64.628403    51.920    51.945  9 56712.72384705 17.257
 209 125.503267  64.627094    51.947    51.897  8 56722.63949391 17.506
 210 125.503358  64.627606    52.051    52.082  9 56732.55514502 16.184
 211 125.503698  64.629866    52.147    52.110  9 56742.47079277 14.706
 212 125.505356  64.632240    51.881    51.916  8 56752.38643633 16.374
 213 125.504068  64.632472    51.754    51.766  9 56762.30207422 38.456
 214 125.507742  64.631418    52.212    52.192  7 56772.21770558 36.277
 215 125.508547  64.630788    52.233    52.229  8 56782.13336312 40.166
 216 125.504306  64.629853    56.202    56.134  8 56792.04901696 41.366
 217 125.506494  64.630878    55.287    55.291  7 56801.96466861 55.317
 218 125.508673  64.631749    54.769    54.808  7 56811.88031277 26.185
 219 125.504736  64.630654    54.244    54.112  9 56821.79595211 27.266
 220 125.505359  64.628926    54.097    54.343  8 56831.71158765 28.991
 221 125.504122  64.626532    53.775    53.824  8 56841.62721964 29.367
 222 125.505522  64.626088    53.340    53.351  8 56851.54285753 37.643
 223 125.502523  64.627249    53.422    53.380  9 56861.45851173 31.234
 224 125.503855  64.629391    53.229    53.162  9 56871.37416578 38.003
 225 125.504870  64.630335    53.611    53.278  9 56881.28981679 27.662
 226 125.504208  64.629867    53.412    53.412  9 56891.20546385 27.131
 227 125.505292  64.629363    52.763    52.740  9 56901.12110811 51.206
 228 125.504217  64.629881    53.637    53.533  9 56911.03675022 24.954
 229 125.508482  64.631779    53.645    53.909  8 56920.95239128 25.643
 230 125.504995  64.632299    53.761    53.837  9 56930.86802936 26.363
 231 125.506413  64.632091    52.904    52.630  8 56940.78366281 26.352
 232 125.506517  64.630980   113.489   113.929  7 56950.69930229  9.436
 233 125.503906  64.629875    50.933    50.903  8 56960.61495365 41.148
 234 125.504030  64.629649    51.111    51.218  8 56970.53060035 30.332
 235 125.504824  64.629726    51.466    51.471  8 56980.44624320 25.210
 236 125.504728  64.629368    51.646    51.644  9 56990.36188155 24.092
 237 125.503442  64.627821    51.492    51.506  8 57000.27751337 24.396
 238 125.501464  64.627156    51.504    51.525 10 57010.19316815 23.576
 239 125.504808  64.627262    51.548    51.536  8 57020.10882062 21.421
 240 125.502805  64.627403    51.459    51.547  9 57030.02446959 21.091
 241 125.504047  64.628537    51.426    51.415  8 57039.94011715 18.844
 242 125.504047  64.629409    51.442    51.427  9 57049.85576235 20.688
 243 125.505068  64.629444    51.291    51.322  8 57059.77140356 20.799
 244 125.500971  64.628096    51.305    51.343 10 57069.68703854 20.126
 245 125.501224  64.627685    51.312    51.332 10 57079.60266969 16.655
 246 125.505594  64.629142    51.156    51.184  8 57089.51830825 19.612
 247 125.508306  64.631698    51.318    51.332  8 57099.43396679 16.578
 248 125.504398  64.632324    51.672    51.726  9 57109.34962160 15.627
 249 125.504158  64.631788    51.452    51.479  9 57119.26527128 15.752
 250 125.504065  64.630532    52.095    52.070  9 57129.18091493 17.120
