# NaN NaN NaN ;Mean Elev.(m), Avg Gradient(m/km), RMS Gradient(m/km) - SRTM1     
#   18.007  -6.257  17.710 ;Mean Elev.(m), Avg Gradient(m/km), RMS Gradient(m/km) - ASTER GDEM
#   34.955  -5.308  13.807 ;Mean Elev.(m), Avg Gradient(m/km), RMS Gradient(m/km) - GMTED2010 
   1 124.353351  65.330389    43.672    43.663 13 54661.28219503 36.895
   2 124.381250  65.327116   185.554   185.554  2 54671.19784313  0.907
   3 124.354602  65.330852   -12.285   -12.134 13 54681.11348433  9.196
   4 124.376433  65.329435    44.957    44.957  5 54691.02912910 56.650
   5 124.353119  65.332398   -11.648   -11.426 14 54700.94476721 12.164
   6 124.353663  65.331067    44.842    44.444 14 54710.86041383 24.281
   7 124.353529  65.329196    -5.364    -6.419 13 54720.77606516 17.925
   8 124.390881  65.323326    46.040    46.040  2 54730.69171749 50.791
  10 124.335085  65.329402    44.151    43.654  5 54750.52300593 31.299
  11 124.335681  65.329670    42.639    42.577  5 54760.43865271 47.555
  12 124.331348  65.329852    42.218    42.176  7 54770.35429666 42.973
  13 124.324698  65.329990    42.365    42.260  5 54780.26993714 24.337
  14 124.325078  65.329412    42.784    42.635  3 54790.18557576 18.799
  15 124.341137  65.328136    42.903    42.774  4 54800.10121479 17.801
  17 124.354276  65.329346    42.809    42.807 13 54819.93249242 15.722
  18 124.355402  65.329470    42.892    42.844 13 54829.84814483 15.509
  19 124.353603  65.329618    42.848    42.912 13 54839.76378347 15.037
  20 124.354308  65.329766    42.940    42.909 13 54849.67943259 14.459
  21 124.352664  65.330692    42.796    42.760 13 54859.59508095 13.716
  22 124.355160  65.330997    42.907    42.982 13 54869.51072983 13.706
  23 124.352733  65.330552    42.948    42.910 13 54879.42637725 13.384
  24 124.352776  65.328741    43.076    43.092 13 54889.34202182 12.784
  25 124.328647  65.329443    43.494    43.548  6 54899.25766088 12.311
  26 124.333895  65.328456    43.440    43.436  5 54909.17330041 12.924
  27 124.329689  65.329942    43.455    43.528  6 54919.08893771 12.694
  28 124.331639  65.330772    43.427    43.636  7 54929.00457536 11.859
  29 124.333091  65.330454    43.700    43.582  7 54938.92021220 11.842
  30 124.340890  65.328708    41.300    41.251  4 54948.83584803 46.288
  31 124.328371  65.329390    93.124    89.371  6 54958.75148391  7.839
  33 124.332838  65.330196    93.854    93.600  7 54978.58278020 27.485
  34 124.356305  65.328539    90.068    96.826 12 54988.49842976  4.455
  35 124.366361  65.327585    46.291    46.231 10 54998.41407819 28.106
  36 124.356251  65.328689    93.427    93.417 13 55008.32972289 28.154
  37 124.375066  65.326863    45.070    45.099  6 55018.24536848 51.238
  38 124.354181  65.330135    44.406    44.003 14 55028.16100881 27.844
  39 124.354090  65.331349    44.553    43.960 14 55038.07665066 25.767
  40 124.355274  65.331817    43.200    42.913 13 55047.99229156 30.837
  41 124.353417  65.331036    44.118    44.042 14 55057.90793026 23.328
  42 124.354868  65.328705    43.387    43.369 14 55067.82356847 28.435
  43 124.324919  65.329840    43.718    43.636  5 55077.73921586 27.952
  44 124.324999  65.329452    43.506    43.513  3 55087.65486362 31.731
  45 124.330666  65.329932    43.929    43.889  6 55097.57051022 30.484
  46 124.377054  65.325915    43.733    43.731  5 55107.48616033 26.370
  47 124.388067  65.324279    43.609    43.609  2 55117.40180638 28.135
  48 124.329541  65.329056    43.204    43.200  6 55127.31744345 47.258
  51 124.334326  65.329817    42.316    42.306  5 55157.06436080 23.118
  52 124.354118  65.329536    42.647    42.717 14 55166.98000054 21.587
  53 124.354848  65.330251    42.633    42.667 13 55176.89563809 20.201
  54 124.352711  65.329791    42.732    42.742 13 55186.81128102 19.819
  55 124.356395  65.328815    42.877    42.933 13 55196.72693240 19.235
  56 124.353141  65.329810    42.679    42.678 13 55206.64258183 18.616
  57 124.353644  65.331139    42.812    42.795 13 55216.55823096 18.362
  58 124.352080  65.331628    42.690    42.643 13 55226.47387933 17.432
  59 124.354208  65.329718    42.852    42.954 14 55236.38952569 16.747
  60 124.332430  65.329327    43.041    43.275  7 55246.30516639 16.347
  63 124.334555  65.329655    43.412    43.443  5 55276.05208364 14.797
  64 124.353649  65.329171    43.107    43.131 13 55285.96772264 14.918
  65 124.353431  65.328832    43.059    43.155 14 55295.88335782 14.532
  66 124.329527  65.329375    44.078    43.810  6 55305.79899538 15.583
  68 124.328847  65.328408    42.852    42.797  4 55325.63028790 35.556
  69 124.328117  65.330741    89.503    88.746  6 55335.54593199 18.716
  70 124.367982  65.328236    48.259    48.260  9 55345.46157963 43.091
  71 124.355829  65.329868    94.878    93.430 13 55355.37722129 25.657
  72 124.354145  65.329534   114.768   115.138 13 55365.29286199  6.601
  73 124.385608  65.325746    45.148    45.148  2 55375.20850436 25.708
  74 124.365844  65.328777    44.086    44.055 10 55385.12414065 39.940
  75 124.353107  65.331392    44.979    44.988 14 55395.03977675 23.587
  76 124.354438  65.331891    43.279    43.304 13 55404.95541621 30.102
  77 124.367864  65.328801    43.031    43.053  9 55414.87106915 29.620
  78 124.369290  65.325845    43.751    43.781  3 55424.78671786 25.406
  81 124.342531  65.328289    43.733    43.774  4 55454.53364851 30.103
  82 124.352877  65.328983    90.492    90.624 13 55464.44929180 27.706
  83 124.355749  65.328591    42.458    42.462 13 55474.36493186 32.161
  84 124.341026  65.328470    42.045    42.033  4 55484.28056736 46.156
  86 124.325299  65.329277    41.710    41.664  3 55504.11183432 23.646
  87 124.333380  65.330525    41.907    41.766  7 55514.02748383 20.792
  88 124.353719  65.330394    41.864    41.860 13 55523.94313533 19.679
  89 124.353246  65.330936    42.005    41.994 14 55533.85878316 19.731
  90 124.353535  65.329929    42.008    42.018 13 55543.77442929 18.205
  91 124.354720  65.328992    42.095    42.088 14 55553.69007354 16.187
  92 124.354557  65.329372    42.143    42.123 13 55563.60571646 15.426
  93 124.354433  65.330350    42.335    42.293 14 55573.52135872 14.308
  94 124.354791  65.330360    42.289    42.240 13 55583.43699968 13.754
  95 124.352459  65.329303    42.590    42.595 13 55593.35263706 12.615
  96 124.341030  65.328709    42.496    42.492  4 55603.26827026 12.535
  97 124.329261  65.329089    42.835    43.066  6 55613.18390131 11.996
  98 124.332266  65.329366    43.151    43.236  7 55623.09953789 11.815
  99 124.333756  65.330296    42.785    42.804  7 55633.01519085 11.522
 100 124.353747  65.328719    42.955    43.019 13 55642.93084338 10.508
 101 124.332491  65.330622    43.125    43.242  7 55652.84648910 10.601
 102 124.331124  65.329201    43.655    43.728  5 55662.76213255  9.989
 103 124.323175  65.329197    42.993    43.017  4 55672.67777226 26.442
 104 124.341144  65.327813    42.802    42.827  4 55682.59341288 33.756
 105 124.360661  65.327764    91.465    90.396 12 55692.50905206 12.105
 106 124.354722  65.330500    94.995    94.995 14 55702.42468717 27.605
 107 124.368794  65.329668    45.936    46.021  9 55712.34033148 25.513
 108 124.364315  65.329516    45.577    45.415  9 55722.25598054 22.601
 109 124.353596  65.330105   100.138   102.023 13 55732.17162701 20.841
 110 124.365929  65.328599    44.545    44.104 10 55742.08727445 29.135
 111 124.355650  65.329770    91.229    91.283 13 55752.00291842 26.290
 112 124.354795  65.329419    43.468    43.558 13 55761.91856102 31.756
 113 124.362261  65.327574    42.292    42.375 11 55771.83420163 37.894
 114 124.336729  65.328945    90.369    90.260  5 55781.74983554 21.526
 115 124.340173  65.328206    91.397    91.489  4 55791.66546956 29.741
 116 124.329936  65.330180    90.381    90.423  6 55801.58110120 26.304
 117 124.330892  65.330895    42.689    42.703  6 55811.49675135 33.667
 118 124.353597  65.328771    43.551    43.480 13 55821.41240210 26.846
 119 124.355283  65.328145    43.631    43.562  6 55831.32804608 25.122
 120 124.331832  65.329755    42.944    42.747  7 55841.24368309 32.321
 121 124.341534  65.328343    89.407    89.507  4 55851.15932026 24.774
 122 124.386062  65.324668    42.426    42.383  3 55861.07495871 43.973
 123 124.353658  65.329544    42.476    42.466 13 55870.99060827 25.059
 133 124.332919  65.328984    43.440    43.533  7 55970.14704653 12.213
 134 124.333637  65.330340    43.290    43.494  7 55980.06268285 12.220
 135 124.352748  65.328996    43.244    43.282 13 55989.97832010 11.847
 136 124.354810  65.328323    43.278    43.336  8 55999.89396406 11.210
 137 124.341444  65.328541    43.769    43.976  4 56009.80961360 11.446
 138 124.324791  65.329839    43.749    43.826  5 56019.72525868 11.412
 139 124.336243  65.329100    43.539    43.577  5 56029.64090343 10.991
 141 124.353900  65.329840    42.384    42.691 14 56049.47218650 14.514
 142 124.353209  65.330819    90.931    90.322 14 56059.38782343 20.576
 143 124.353496  65.330906    97.276    97.032 14 56069.30345820 22.820
 144 124.354773  65.330276    98.963    95.537 13 56079.21910944 20.051
 145 124.356094  65.330084    93.518    93.558 13 56089.13475795 28.116
 146 124.367590  65.329212    45.826    45.835  8 56099.05040496 24.838
 147 124.382460  65.327081    44.871    44.148  3 56108.96604999 25.684
 148 124.358893  65.328126   103.149   109.791 12 56118.88167687 10.680
 150 124.329956  65.329032    91.828    91.664  6 56138.71294473 28.706
 151 124.332620  65.329565    96.811    93.997  5 56148.62859296 17.028
 152 124.373803  65.326527    43.120    43.123  7 56158.54424593 30.116
 153 124.365867  65.327972    44.720    44.413  9 56168.45989302 23.574
 154 124.354987  65.328080    92.488    92.456  6 56178.37553693 27.120
 155 124.328732  65.329555    91.023    91.683  6 56188.29117493 29.721
 157 124.386191  65.324555    98.823    99.006  3 56208.12245176 29.229
 158 124.353218  65.330743    89.886    89.945 13 56218.03808105 17.562
 159 124.358381  65.331511    90.713    89.273 12 56227.95372624 18.171
 160 124.355120  65.331224    42.430    42.426 13 56237.86938029 31.421
 161 124.353796  65.330147    42.370    42.337 14 56247.78503069 25.231
 162 124.352144  65.329696    42.484    42.454 13 56257.70067602 24.703
 163 124.354000  65.330192    42.507    42.522 14 56267.61631829 22.023
 164 124.354764  65.330833    42.535    42.586 13 56277.53195874 21.058
 165 124.353816  65.330473    42.585    42.581 13 56287.44760686 18.389
 166 124.355431  65.328077    42.746    42.635  6 56297.36325641 17.783
 167 124.325035  65.329050    42.486    42.319  3 56307.27889893 17.424
 169 124.341042  65.328122    42.937    43.030  4 56327.11018404 15.620
 170 124.353523  65.328990    42.920    42.999 13 56337.02582522 14.603
 171 124.353446  65.329992    42.974    43.023 13 56346.94146365 13.247
 172 124.354691  65.328854    43.044    43.145 14 56356.85709977 12.555
 173 124.341340  65.328231    43.603    43.689  4 56366.77274670 12.659
 176 124.356150  65.330104    43.207    43.194 13 56396.51968564 11.789
 177 124.355079  65.331687    42.829    42.876 13 56406.43532676 20.769
 178 124.355179  65.331524    89.268    89.908 13 56416.35096454 21.733
 179 124.355781  65.330345    89.903    90.014 13 56426.26659769 19.141
 180 124.386324  65.325814    47.453    47.372  3 56436.18225086 33.774
 181 124.381733  65.326307    46.448    46.452  4 56446.09790219 43.314
 182 124.368178  65.328699    45.277    45.313  9 56456.01355027 25.842
 183 124.352870  65.330180    97.250    94.074 13 56465.92919516 21.662
 184 124.387838  65.324605    44.082    44.063  3 56475.84484116 24.407
 185 124.323920  65.329501    95.714    89.068  3 56485.76047403 12.369
 187 124.390900  65.323194    45.793    45.793  2 56505.59175097 32.133
 188 124.384598  65.326662    46.244    46.227  3 56515.50738311 54.315
 189 124.365675  65.329373    44.598    44.608  9 56525.42303534 24.054
 190 124.353506  65.329396    44.459    44.418 13 56535.33868498 28.823
 192 124.341658  65.328066    90.569    90.911  4 56555.16997519 22.547
 193 124.354468  65.328317    43.498    43.496  6 56565.08561913 29.773
 194 124.355205  65.330872    42.984    42.976 13 56575.00126053 48.781
 195 124.353814  65.332697    42.098    42.080 14 56584.91689884 45.174
 196 124.354611  65.332370    42.099    42.128 13 56594.83253499 35.078
 197 124.357163  65.330115    41.198    41.183 13 56604.74818829 20.519
 198 124.355927  65.328865    41.983    42.016 12 56614.66383636 19.376
 199 124.355441  65.329088    41.752    41.761 13 56624.57948058 18.190
 200 124.353331  65.329966    41.773    41.754 13 56634.49512180 16.655
 201 124.352703  65.330414    42.031    42.055 13 56644.41075863 15.912
 202 124.353618  65.328677    42.184    42.223 13 56654.32641171 14.566
 203 124.340451  65.328123    42.205    42.180  4 56664.24205920 14.176
 205 124.340903  65.328244    42.372    42.409  4 56684.07335007 12.810
 206 124.355015  65.328558    42.355    42.331 13 56693.98899411 13.605
 207 124.354357  65.329969    42.510    42.485 13 56703.90463240 12.728
 208 124.354819  65.329589    42.548    42.512 13 56713.82026555 11.979
 210 124.329651  65.330079    43.094    42.795  6 56733.65156331 11.515
 211 124.354777  65.328737    43.266    43.256 13 56743.56721274 11.372
 212 124.353499  65.331080    42.871    42.938 13 56753.48285524 10.751
 213 124.353219  65.332486    91.336    91.236 13 56763.39849249  7.490
 214 124.356012  65.331904    42.754    42.757 13 56773.31412615 34.721
 215 124.354067  65.330210    89.819    89.797 13 56783.22978355 24.983
 216 124.355127  65.328748    96.179    94.832 13 56793.14543756 22.826
 217 124.356610  65.328257    93.487    93.288 13 56803.06108878 27.756
 218 124.356190  65.328652    93.189    93.023 12 56812.97673184 28.117
 219 124.364812  65.327556    45.302    45.257  9 56822.89237230 26.277
 221 124.391363  65.323285    44.108    44.108  2 56842.72364237 31.071
 222 124.387979  65.323701    43.843    43.843  2 56852.63928228 46.853
 223 124.335237  65.329981    43.636    43.444  5 56862.55493123 31.117
 224 124.354356  65.328700    43.427    43.439 13 56872.47058656 27.336
 225 124.371432  65.327035    43.627    43.664  7 56882.38623864 49.964
 226 124.355175  65.328478    43.041    43.051 13 56892.30188393 30.699
 227 124.333501  65.330236    43.104    43.183  6 56902.21752564 28.047
 228 124.352935  65.328538    43.599    43.616  8 56912.13316938 46.840
 229 124.366262  65.328307    43.009    43.045 10 56922.04881090 30.659
 230 124.353200  65.331362    44.376    44.490 14 56931.96444760 25.869
 231 124.353329  65.332126    42.425    42.425 14 56941.88008043 33.334
 232 124.351693  65.331768    41.959    41.943 13 56951.79572270 40.710
 233 124.354426  65.330076    41.331    41.314 13 56961.71137418 27.465
 234 124.353625  65.329453    41.065    41.107 14 56971.62702031 21.336
 235 124.354757  65.329341    41.678    41.655 13 56981.54266247 20.639
 236 124.352872  65.329685    41.659    41.663 13 56991.45829987 18.989
 237 124.354137  65.329286    41.628    41.602 13 57001.37393174 17.984
 238 124.335607  65.329929    41.340    40.862  5 57011.28958755 18.103
 239 124.330361  65.329597    41.859    41.558  6 57021.20523880 15.996
 240 124.330160  65.330016    41.912    41.608  6 57031.12088763 15.525
 241 124.333412  65.330513    42.034    41.799  7 57041.03653490 15.253
 242 124.355020  65.328902    42.464    42.656 13 57050.95218187 13.733
 243 124.356369  65.328774    42.581    42.599 13 57060.86782276 13.909
 244 124.353954  65.328977    42.635    42.643 14 57070.78345772 13.609
 245 124.355365  65.329335    42.764    42.899 13 57080.69908869 12.483
 246 124.355273  65.330503    42.561    42.604 13 57090.61472981 12.896
 247 124.354002  65.331583    43.016    43.008 13 57100.53038731 11.719
 248 124.353802  65.331928    43.262    43.315 13 57110.44604182 11.455
 249 124.353893  65.331119    43.261    43.288 13 57120.36169081 11.318
 250 124.354411  65.329760    43.109    42.978 13 57130.27733407 26.949
