# NaN NaN NaN ;Mean Elev.(m), Avg Gradient(m/km), RMS Gradient(m/km) - SRTM1     
#  108.648  -7.281  20.661 ;Mean Elev.(m), Avg Gradient(m/km), RMS Gradient(m/km) - ASTER GDEM
#   94.293  -7.438  19.574 ;Mean Elev.(m), Avg Gradient(m/km), RMS Gradient(m/km) - GMTED2010 
   2 125.541041  60.833874   254.381   253.335  5 54670.26328246  2.630
   4 125.544526  60.834888   268.938   269.399  6 54690.09456954  1.944
   6 125.548803  60.834137   267.923   269.466  6 54709.92585599  3.801
   7 125.543766  60.832893    12.383    12.659  7 54719.84150711  1.846
   8 125.538465  60.831438   266.299   268.702  7 54729.75715556  5.695
   9 125.537404  60.830250   263.381   263.724  8 54739.67280269  5.111
  10 125.536023  60.830870   252.854   251.272  8 54749.58844950  4.761
  11 125.536246  60.831516   251.532   251.539  7 54759.50409622  9.484
  12 125.537752  60.831326   250.914   250.869  7 54769.41974083 11.108
  13 125.535832  60.831572   251.180   251.286  8 54779.33538172  8.973
  14 125.533443  60.831675   250.781   250.785  8 54789.25102015 11.200
  15 125.535853  60.831161   250.512   250.536  7 54799.16665815 10.608
  17 125.543106  60.833321   103.324   103.336  7 54818.99793387 18.374
  18 125.543427  60.833536   103.168   103.132  7 54828.91358628 16.983
  19 125.542634  60.832966   103.060   103.096  7 54838.82922523 15.659
  20 125.542207  60.832151   103.102   103.104  7 54848.74487450 13.721
  21 125.540676  60.832606   103.142   103.145  7 54858.66052293 12.076
  22 125.541771  60.832768   103.137   103.144  7 54868.57617171 12.147
  23 125.540462  60.832964   103.092   103.098  7 54878.49181938 11.950
  24 125.538945  60.832243   103.208   103.306  8 54888.40746406 11.819
  25 125.534892  60.831410   103.336   103.297  8 54898.32310526 10.952
  26 125.532827  60.830868   103.638   103.611  8 54908.23874417 11.295
  27 125.535692  60.830506   103.892   103.591  8 54918.15438232 11.189
  28 125.537350  60.831484   104.291   103.521  7 54928.07002010 11.417
  29 125.539637  60.831765   104.458   104.469  7 54937.98565734 10.028
  30 125.538215  60.832670   261.468   260.360  7 54947.90129243 11.428
  31 125.539533  60.832218   266.770   269.137  8 54957.81692812  6.308
  32 125.537762  60.832016   269.233   268.723  7 54967.73257653  5.666
  33 125.537919  60.832235   266.643   265.862  8 54977.64822394  6.534
  35 125.540571  60.832498   255.739   254.917  7 54997.47951911  7.015
  36 125.541488  60.832415   263.917   264.233  7 55007.39516500  7.182
  37 125.541658  60.832617   259.400   258.336  7 55017.31080876  3.221
  38 125.542244  60.832996   252.407   251.846  7 55027.22645116  4.906
  39 125.543096  60.833766   252.564   252.590  6 55037.14209314  3.259
  40 125.547305  60.833251   105.780   106.091  6 55047.05773463 31.913
  41 125.545982  60.833586   106.825   106.733  7 55056.97337364 25.369
  42 125.544199  60.832725   106.986   106.927  7 55066.88901036 35.945
  43 125.538379  60.831770   106.913   106.928  8 55076.80466041 53.378
  45 125.537126  60.830947   106.440   106.395  8 55096.63595421 42.693
  46 125.536415  60.831977   106.754   106.171  8 55106.55159968 25.542
  47 125.537557  60.831400   105.151   105.180  7 55116.46724505 43.256
  48 125.533139  60.831710   251.012   250.985  8 55126.38288748 13.123
  49 125.533478  60.830674   250.519   250.534  8 55136.29852813 11.698
  50 125.536456  60.830136   250.186   250.174  8 55146.21416701 12.667
  51 125.537451  60.831965   250.914   250.994  7 55156.12980479 13.821
  52 125.539781  60.833301   251.441   251.330  7 55166.04544291 12.592
  53 125.544715  60.833197   103.971   103.969  7 55175.96108120 32.667
  54 125.542983  60.833772   103.941   103.982  7 55185.87672278 19.815
  55 125.541912  60.833053   103.864   103.842  7 55195.79237392 17.478
  56 125.542625  60.832576   103.787   103.811  7 55205.70802386 17.334
  57 125.542443  60.833486   103.782   103.745  7 55215.62367286 16.356
  58 125.542986  60.833363   103.857   103.850  6 55225.53932145 15.597
  59 125.539819  60.832658   103.869   103.825  7 55235.45496762 14.770
  60 125.536212  60.831101   103.790   103.857  8 55245.37061055 13.737
  61 125.532484  60.830041   105.771   104.655  8 55255.28625065 12.996
  62 125.534456  60.829538   104.095   104.105  8 55265.20188977 18.829
  63 125.536481  60.831321   109.759   109.762  7 55275.11752783 15.701
  64 125.540900  60.832119   104.018   103.385  7 55285.03316551 21.279
  65 125.540305  60.832706   103.214   103.565  7 55294.94880100 19.517
  66 125.538628  60.831529   103.899   103.849  8 55304.86443972 25.493
  67 125.535526  60.830326   103.853   103.974  8 55314.78008693 36.668
  68 125.533805  60.831372   260.779   259.222  8 55324.69573213 13.916
  69 125.539017  60.831880   265.348   265.174  7 55334.61137668  8.037
  70 125.543513  60.832254   258.734   259.099  7 55344.52702087  9.124
  71 125.541370  60.833214   265.141   265.008  7 55354.44266363  5.294
  72 125.541712  60.832652   267.501   267.388  6 55364.35830476  2.719
  73 125.541303  60.832814   154.464   153.576  7 55374.27394410 22.161
  74 125.543615  60.833465   261.627   259.927  6 55384.18958251  2.874
  75 125.548067  60.833751   107.212   107.053  6 55394.10522038 26.071
  76 125.548264  60.834953   103.612   103.651  6 55404.02085808 43.794
  77 125.544660  60.833694   105.407   105.335  7 55413.93650971 36.126
  78 125.537493  60.832393   104.960   105.072  7 55423.85215804 47.782
  80 125.535785  60.829686   106.326   106.236  8 55443.68344881 49.815
  82 125.540073  60.832220   104.960   104.544  7 55463.51473414 31.487
  83 125.540177  60.832434   103.866   103.812  8 55473.43037408 41.836
  84 125.537769  60.831729   251.231   251.075  7 55483.34601107  7.633
  85 125.533778  60.831536   102.345   102.471  8 55493.26164578 41.875
  86 125.537526  60.831574   250.981   251.027  8 55503.17727987 11.194
  87 125.541255  60.832503   103.991   103.992  7 55513.09292726 34.187
  88 125.543888  60.833615   103.653   103.776  6 55523.00857704 26.551
  89 125.544500  60.833535   102.800   102.791  7 55532.92422527 20.569
  90 125.542171  60.832769   103.014   103.035  6 55542.83987157 18.397
  91 125.538777  60.832661   103.333   103.302  7 55552.75551564 16.972
  92 125.538473  60.833085   103.340   103.232  7 55562.67115859 17.959
  93 125.542680  60.833261   103.649   103.658  6 55572.58680128 13.766
  94 125.544318  60.833467   103.328   103.254  7 55582.50244243 13.427
  95 125.542561  60.832917   103.721   103.765  7 55592.41808005 12.502
  96 125.538962  60.832111   103.478   103.372  7 55602.33371425 10.960
  97 125.537616  60.831566   108.874   108.923  8 55612.24934658 15.436
  98 125.538834  60.832359   108.390   108.146  7 55622.16498107 15.192
  99 125.541911  60.832248   102.333   102.751  7 55632.08063440 17.812
 100 125.542949  60.832616   104.092   103.233  7 55641.99628530 15.891
 101 125.542640  60.831902   101.680   101.663  7 55651.91193340 19.504
 102 125.536574  60.831526   102.311   102.752  7 55661.82757691 20.399
 103 125.534337  60.830732   103.492   103.508  8 55671.74321760 34.901
 104 125.536342  60.830852   261.685   259.184  8 55681.65885693 11.789
 105 125.540313  60.832778   274.698   274.260  7 55691.57449447  3.005
 106 125.547639  60.833550   261.407   260.890  6 55701.49013082  8.755
 107 125.547952  60.834478   270.413   270.744  6 55711.40577206  1.883
 108 125.544946  60.833795   258.816   258.717  7 55721.32142155  4.398
 109 125.542134  60.833255   256.584   255.892  6 55731.23706900  3.284
 110 125.540742  60.833316   252.414   252.341  7 55741.15271531  4.290
 111 125.542898  60.832877   104.568   104.651  6 55751.06836080 43.253
 112 125.542305  60.833181   105.118   105.789  7 55760.98400362 30.880
 113 125.540179  60.833125   104.391   104.378  7 55770.89964348 50.582
 114 125.537450  60.832320   108.089   108.041  7 55780.81527992 22.473
 115 125.530906  60.833923   159.426   158.424  4 55790.73091302 19.358
 116 125.540751  60.831885   104.995   105.058  7 55800.64654681 43.316
 117 125.539882  60.833118   105.293   105.321  7 55810.56219527 49.793
 118 125.541966  60.833308   105.425   105.292  6 55820.47784409 50.066
 119 125.541106  60.833495   262.608   262.784  7 55830.39348799  1.542
 120 125.532416  60.835119   262.256   263.234  3 55840.30912646  1.205
 121 125.538319  60.832062   251.444   251.375  8 55850.22476387 11.674
 122 125.539231  60.833091   105.734   105.742  7 55860.14039841 20.514
 123 125.543683  60.832919   251.719   251.667  7 55870.05604979  8.131
 133 125.537719  60.830674   104.713   104.156  8 55969.21249091 12.532
 134 125.538466  60.832112   104.649   104.323  7 55979.12812739 11.985
 135 125.540413  60.833314   108.392   108.385  7 55989.04376331 10.989
 136 125.543028  60.832833   105.074   104.345  6 55998.95940575 11.009
 137 125.541308  60.831853   104.915   104.425  7 56008.87505683 10.612
 138 125.537878  60.831641   105.287   104.617  8 56018.79070344 10.949
 139 125.537406  60.831386   105.350   104.631  7 56028.70634731 10.249
 141 125.542818  60.832434   112.093   112.636  7 56048.53762975 10.946
 142 125.545232  60.833690   267.785   268.165  7 56058.45326712  9.906
 143 125.548472  60.834238   265.024   265.871  6 56068.36890027  6.649
 144 125.546535  60.833576   266.626   266.177  6 56078.28455143  3.739
 145 125.544376  60.833180   258.837   258.663  6 56088.20019989  6.363
 146 125.544254  60.832923   266.351   265.161  6 56098.11584607  2.220
 147 125.541056  60.833558   269.967   269.741  4 56108.03148964  1.038
 148 125.540946  60.832558   108.048   108.112  7 56117.94711931 52.239
 149 125.539572  60.832075   109.107   109.025  7 56127.86275668 54.088
 151 125.538307  60.832254   106.860   106.852  7 56147.69403647 42.801
 153 125.542148  60.832159   105.182   105.130  7 56167.52533398 51.705
 155 125.532048  60.834033   255.068   257.595  5 56187.35661897  2.204
 157 125.538875  60.833127   106.355   106.401  7 56207.18789118 27.938
 158 125.544888  60.834019   251.812   251.786  6 56217.10352444 11.053
 159 125.549782  60.834107   102.773   102.826  6 56227.01916748 40.826
 160 125.547864  60.833921   103.748   103.721  6 56236.93482219 27.443
 161 125.543805  60.833751   103.381   103.368  7 56246.85047282 23.458
 162 125.543569  60.832867   103.184   103.165  7 56256.76611878 21.527
 163 125.544129  60.833122   103.333   103.341  6 56266.68176102 19.673
 164 125.543554  60.834019   103.624   103.635  6 56276.59740134 19.757
 165 125.544161  60.832994   103.473   103.520  7 56286.51304852 16.191
 166 125.539457  60.832021   103.722   103.389  7 56296.42869795 14.977
 167 125.536267  60.830368   103.392   103.538  8 56306.34434360 14.350
 168 125.532729  60.830686   105.570   105.179  8 56316.25998591 18.052
 169 125.534732  60.831714   104.069   103.409  8 56326.17562701 13.448
 170 125.539346  60.832776   103.468   103.404  7 56336.09126746 11.827
 171 125.542971  60.832999   103.591   103.601  6 56346.00690664 11.797
 172 125.542979  60.832613   103.387   103.368  7 56355.92254315 12.026
 173 125.537659  60.832030   101.654   101.473  8 56365.83818955 19.317
 174 125.537659  60.830766   102.384   102.430  8 56375.75383850 18.733
 176 125.541829  60.833040   101.551   101.562  6 56395.58512794 22.400
 177 125.545340  60.833584   102.437   102.778  7 56405.50076969 22.931
 178 125.546857  60.833614   261.234   260.046  6 56415.41640804 14.628
 179 125.546746  60.833516   266.032   265.184  6 56425.33204148  5.413
 180 125.544297  60.832940   265.813   266.324  6 56435.24768942  4.421
 181 125.542105  60.832714   262.140   263.215  6 56445.16334124  6.191
 182 125.543265  60.832714   257.102   258.007  7 56455.07899094  5.851
 183 125.534972  60.835050   263.043   263.231  4 56464.99463655  1.394
 184 125.530506  60.834750   257.972   257.972  2 56474.91027918  0.706
 185 125.534285  60.831335   157.531   155.995  8 56484.82591948 24.602
 187 125.535919  60.833093   272.920   274.103  6 56504.65719020  1.267
 188 125.542150  60.835091   265.181   265.249  3 56514.57282329  1.168
 189 125.545414  60.834368   110.434   110.019  6 56524.48847561 17.149
 190 125.543378  60.832918   262.107   265.424  7 56534.40412675  4.994
 192 125.538069  60.830714   258.298   257.765  8 56554.23541843  7.206
 193 125.538967  60.832335   252.840   252.193  7 56564.15106111  5.681
 194 125.546030  60.833170   251.942   251.963  6 56574.06670319 12.909
 195 125.548935  60.834586   102.643   102.592  7 56583.98234226 31.053
 196 125.548179  60.835440   252.513   252.431  6 56593.89797642 14.058
 197 125.545261  60.833293   102.828   102.836  7 56603.81362994 34.832
 198 125.542502  60.832107   102.436   102.476  7 56613.72927849 23.781
 199 125.540993  60.832924   102.757   102.742  7 56623.64492280 26.159
 200 125.542562  60.833421   102.899   102.923  7 56633.56056455 19.085
 201 125.545721  60.833358   102.961   103.005  7 56643.47620179 17.569
 202 125.542459  60.831916   103.115   103.112  7 56653.39185315 16.768
 203 125.536325  60.831053   102.783   102.818  8 56663.30750173 14.242
 204 125.533618  60.830522   102.847   102.867  8 56673.22314792 14.083
 205 125.536738  60.830915   102.638   102.593  8 56683.13879323 13.552
 206 125.541236  60.831982   102.868   102.786  7 56693.05443653 12.549
 207 125.542994  60.833627   101.967   101.800  7 56702.97007533 16.540
 208 125.545030  60.833014   108.746   108.688  6 56712.88570926 11.107
 210 125.536806  60.831314   106.334   105.263  8 56732.71700742  9.979
 211 125.539592  60.831727   107.536   108.557  7 56742.63265506 10.461
 212 125.544778  60.832986   108.157   108.813  6 56752.54829841 10.733
 213 125.546518  60.834963   103.527   103.777  6 56762.46393609 20.178
 214 125.549688  60.834704   259.510   258.492  7 56772.37956727 15.983
 215 125.544323  60.832814   264.053   263.902  7 56782.29522489  9.388
 216 125.538754  60.831934   263.864   264.220  7 56792.21087875  6.126
 217 125.537709  60.831299   262.803   261.723  7 56802.12653017  5.206
 218 125.537905  60.832201   270.396   269.374  8 56812.04217403  3.524
 219 125.540841  60.831859   106.274   106.327  7 56821.95781427 40.337
 221 125.530799  60.834518   158.419   158.876  4 56841.78908108 19.999
 222 125.538105  60.832039   105.414   105.585  7 56851.70472017 29.290
 225 125.539229  60.833151   104.314   104.204  7 56881.45167850 43.666
 226 125.537299  60.832957   255.592   253.910  3 56891.36732528  1.010
 227 125.531266  60.833335   256.463   257.256  5 56901.28296869  1.310
 229 125.540612  60.831673   260.566   260.393  5 56921.11425242  1.135
 230 125.544174  60.833541   105.168   105.172  7 56931.02989095 48.039
 231 125.550239  60.833817   104.942   105.211  6 56940.94552489 26.299
 232 125.549133  60.834156   252.142   252.050  6 56950.86116482 11.883
 233 125.543804  60.833201   251.855   251.753  7 56960.77681611  6.846
 234 125.542542  60.831818   102.571   102.576  7 56970.69246277 26.863
 235 125.541084  60.832287   102.523   102.501  7 56980.60810512 21.090
 236 125.543535  60.832549   102.828   102.764  7 56990.52374341 17.789
 237 125.543455  60.833924   102.479   102.450  6 57000.43937499 17.042
 238 125.539531  60.833139   103.090   102.784  7 57010.35503002 15.258
 239 125.536956  60.831888   102.803   102.642  8 57020.27068195 13.564
 240 125.536965  60.831217   103.328   103.238  8 57030.18633118 12.243
 241 125.538654  60.831291   102.965   102.673  8 57040.10197880 12.163
 242 125.539579  60.832406   102.366   102.516  7 57050.01762407 15.645
 243 125.541522  60.832878   101.507   101.495  6 57059.93326546 17.627
 244 125.543660  60.832780   102.026   101.683  7 57069.84890126 18.328
 245 125.544022  60.833297   102.053   101.699  6 57079.76453244 18.180
 246 125.544292  60.834042   102.033   101.805  6 57089.68017086 13.935
 247 125.544830  60.833672   101.397   101.380  7 57099.59582890 19.085
 248 125.545925  60.833630   101.240   101.242  7 57109.51148391 23.150
 249 125.546332  60.833273   101.151   101.199  6 57119.42713348 23.995
 250 125.542382  60.833486   101.168   101.194  7 57129.34277666 17.393
